10901,'H:111:6:Sunday:3:26SEP:1234567',821,,36322,31,,,1,102,,36334,31,,,1,102,,36326,31,,,1,100,,36331,31,,,1,101,,36323,31,,,1,100,,36324,31,,,1,100,,36332,31,,,1,100,,36327,31,,,1,100,,36330,31,,,1,100,,36325,31,,,1,98,,36328,31,,,1,100,,36333,31,,,1,100,,36329,31,,,1,99,,36335,31,,,1
10901,'H:121:0:Weekday:3:26SEP:12345',520,,36337,31,,,1,103,,36347,31,,,1,105,,36348,31,,,1,99,,36351,31,,,1,100,,36353,31,,,1,99,,36343,31,,,1,100,,36346,31,,,1,91,,36342,31,,,1,103,,36341,31,,,1,97,,36352,31,,,1,99,,36345,31,,,1,103,,36340,31,,,1,102,,36350,31,,,1,100,,36344,31,,,1,98,,36349,31,,,1,106,,36338,31,,,1,109,,36339,31,,,1,98,,36336,31,,,1
10901,'H:171:5:Saturday:3:26SEP:6',723,,36354,31,,,1,102,,36367,31,,,1,100,,36360,31,,,1,101,,36365,31,,,1,100,,36356,31,,,1,101,,36355,31,,,1,102,,36368,31,,,1,100,,36359,31,,,1,100,,36363,31,,,1,100,,36357,31,,,1,100,,36358,31,,,1,99,,36366,31,,,1,98,,36361,31,,,1,99,,36364,31,,,1,99,,36362,31,,,1
27000,'H:121:0:Weekday:3:26SEP:12345',514,,38143,31,,,1,113,,38144,31,,,1,101,,38146,31,,,1,1497,,38145,31,,,1
27000,'KP:321:0:Weekday:3:26SEP:12345',1823,,38147,16,,,1
27100,'H:111:6:Sunday:3:26SEP:1234567',748,,38151,45,,,1,100,,38152,45,,,1,102,,38162,45,,,1,101,,38153,45,,,1,100,,38154,45,,,1,103,,38155,45,,,1,101,,38156,45,,,1,101,,38157,45,,,1,100,,38164,45,,,1,100,,38158,45,,,1,97,,38159,45,,,1,100,,38160,45,,,1,98,,38161,45,,,1,98,,38163,45,,,1
27100,'H:121:0:Weekday:3:26SEP:12345',701,,38174,31,,,1,102,,38165,31,,,1,105,,38166,45,,,1,101,,38167,45,,,1,101,,38175,45,,,1,199,,38168,45,,,1,204,,38169,45,,,1,200,,38170,45,,,1,193,,38171,45,,,1,197,,38172,45,,,1,100,,38173,45,,,1
27100,'H:171:5:Saturday:3:26SEP:6',750,,38185,45,,,1,100,,38177,45,,,1,104,,38186,45,,,1,101,,38178,45,,,1,101,,38184,45,,,1,100,,38176,45,,,1,100,,38183,45,,,1,100,,38179,45,,,1,100,,38187,45,,,1,99,,38180,45,,,1,99,,38182,45,,,1,98,,38181,45,,,1,99,,38188,45,,,1,100,,38189,45,,,1,100,,38190,45,,,1
27100,'KP:321:0:Weekday:3:26SEP:12345',553,,38196,31,,,1,285,,38191,45,,,1,371,,38192,45,,,1,201,,38193,45,,,1,206,,38195,45,,,1,195,,38194,45,,,1,192,,38197,45,,,1
90801,'H:121:0:Weekday:3:26SEP:12345',1853,,39784,28,,,1
90801,'KP:321:0:Weekday:3:26SEP:12345',1650,,39785,28,,,1,88,,39787,28,,,1,86,,39788,28,,,1,106,,39786,28,,,1
