20900,'H:113:6:Sunday:3:26MAR:1234567',800,,24088,5,,,1,100,,24082,5,,,1,100,,24080,5,,,1,100,,24092,5,,,1,101,,24084,5,,,1,101,,24090,5,,,1,100,,24081,5,,,1,101,,24083,5,,,1,100,,24091,5,,,1,100,,24086,5,,,1,99,,24087,5,,,1,99,,24085,5,,,1,100,,24089,5,,,1
20900,'H:123:0:Weekday:3:26MAR:12345',603,,24105,5,,,1,101,,24106,5,,,1,100,,24108,5,,,1,100,,24107,5,,,1,100,,24104,5,,,1,100,,24100,5,,,1,101,,24098,5,,,1,97,,24102,5,,,1,100,,24096,5,,,1,100,,24101,5,,,1,100,,24103,5,,,1,100,,24095,5,,,1,100,,24097,5,,,1,99,,24099,5,,,1,100,,24093,5,,,1,100,,24094,5,,,1,99,,24109,5,,,1
20900,'H:123:0:Weekday:4:26MAR:12345',603,,24122,5,,,1,101,,24123,5,,,1,100,,24125,5,,,1,100,,24124,5,,,1,100,,24121,5,,,1,100,,24117,5,,,1,101,,24115,5,,,1,97,,24119,5,,,1,100,,24113,5,,,1,100,,24118,5,,,1,100,,24120,5,,,1,100,,24112,5,,,1,100,,24114,5,,,1,99,,24116,5,,,1,100,,24110,5,,,1,100,,24111,5,,,1,99,,24126,5,,,1
20900,'H:173:5:Saturday:3:26MAR:6',700,,24136,5,,,1,100,,24129,5,,,1,100,,24127,5,,,1,101,,24139,5,,,1,100,,24132,5,,,1,101,,24138,5,,,1,100,,24130,5,,,1,100,,24128,5,,,1,101,,24141,5,,,1,100,,24133,5,,,1,100,,24137,5,,,1,100,,24131,5,,,1,99,,24134,5,,,1,99,,24140,5,,,1,100,,24135,5,,,1
20901,'H:113:6:Sunday:3:26MAR:1234567',813,,24143,28,,,1,101,,24142,28,,,1,101,,24154,28,,,1,100,,24146,28,,,1,101,,24151,28,,,1,100,,24144,28,,,1,101,,24145,28,,,1,100,,24152,28,,,1,99,,24147,28,,,1,100,,24150,28,,,1,99,,24148,28,,,1,100,,24149,28,,,1,100,,24153,28,,,1
20901,'H:123:0:Weekday:3:26MAR:12345',523,,24168,28,,,1,103,,24155,28,,,1,101,,24158,28,,,1,100,,24156,28,,,1,100,,24160,28,,,1,99,,24157,28,,,1,102,,24159,28,,,1,92,,24161,28,,,1,100,,24162,28,,,1,100,,24163,28,,,1,103,,24164,28,,,1,100,,24171,28,,,1,100,,24170,28,,,1,99,,24169,28,,,1,99,,24165,28,,,1,105,,24166,28,,,1,98,,24167,28,,,1,100,,24172,28,,,1
20901,'H:123:0:Weekday:4:26MAR:12345',523,,24186,28,,,1,103,,24173,28,,,1,101,,24176,28,,,1,100,,24174,28,,,1,100,,24178,28,,,1,99,,24175,28,,,1,102,,24177,28,,,1,92,,24179,28,,,1,100,,24180,28,,,1,100,,24181,28,,,1,103,,24182,28,,,1,100,,24189,28,,,1,100,,24188,28,,,1,99,,24187,28,,,1,99,,24183,28,,,1,105,,24184,28,,,1,98,,24185,28,,,1,100,,24190,28,,,1
20901,'H:173:5:Saturday:3:26MAR:6',713,,24193,28,,,1,101,,24191,28,,,1,102,,24204,28,,,1,101,,24198,28,,,1,101,,24202,28,,,1,101,,24194,28,,,1,101,,24192,28,,,1,99,,24205,28,,,1,100,,24197,28,,,1,99,,24200,28,,,1,100,,24196,28,,,1,99,,24195,28,,,1,98,,24203,28,,,1,100,,24199,28,,,1,99,,24201,28,,,1
22200,'H:113:6:Sunday:3:26MAR:1234567',749,,24352,31,,,1,91,,24351,31,,,1,90,,24343,31,,,1,91,,24338,31,,,1,91,,24341,31,,,1,92,,24347,31,,,1,51,,24339,31,,,1,90,,24344,31,,,1,90,,24346,31,,,1,90,,24340,31,,,1,88,,24342,31,,,1,90,,24348,31,,,1,50,,24349,31,,,1,89,,24345,31,,,1,89,,24350,31,,,1
22200,'H:123:0:Weekday:3:26MAR:12345',642,,24355,31,,,1,83,,24353,31,,,1,93,,24356,31,,,1,95,,24354,31,,,1,91,,24357,31,,,1,50,,24359,31,,,1,91,,24360,31,,,1,90,,24361,31,,,1,91,,24358,31,,,1,90,,24363,31,,,1,90,,24364,31,,,1,52,,24365,31,,,1,90,,24362,31,,,1,86,,24366,31,,,1,89,,24368,31,,,1,88,,24369,31,,,1,90,,24367,31,,,1
22200,'H:123:0:Weekday:4:26MAR:12345',642,,24372,31,,,1,83,,24370,31,,,1,93,,24373,31,,,1,95,,24371,31,,,1,91,,24374,31,,,1,50,,24376,31,,,1,91,,24377,31,,,1,90,,24378,31,,,1,91,,24375,31,,,1,90,,24380,31,,,1,90,,24381,31,,,1,52,,24382,31,,,1,90,,24379,31,,,1,86,,24383,31,,,1,89,,24385,31,,,1,88,,24386,31,,,1,90,,24384,31,,,1
22200,'H:173:5:Saturday:3:26MAR:6',608,,24401,31,,,1,50,,24387,31,,,1,92,,24388,31,,,1,91,,24398,31,,,1,90,,24402,31,,,1,92,,24403,31,,,1,91,,24394,31,,,1,91,,24389,31,,,1,51,,24390,31,,,1,91,,24397,31,,,1,90,,24396,31,,,1,89,,24399,31,,,1,89,,24393,31,,,1,90,,24395,31,,,1,49,,24400,31,,,1,88,,24391,31,,,1,90,,24392,31,,,1,83,,24404,31,,,1
22201,'H:113:6:Sunday:3:26MAR:1234567',715,,24405,19,,,1,90,,24408,19,,,1,50,,24406,19,,,1,90,,24409,19,,,1,90,,24407,19,,,1,90,,24410,19,,,1,90,,24411,19,,,1,90,,24414,19,,,1,50,,24415,19,,,1,90,,24412,19,,,1,90,,24416,19,,,1,90,,24417,19,,,1,90,,24418,19,,,1,90,,24413,19,,,1,50,,24419,19,,,1
22201,'H:123:0:Weekday:3:26MAR:12345',608,,24421,19,,,1,46,,24422,19,,,1,95,,24423,19,,,1,90,,24424,19,,,1,90,,24425,19,,,1,90,,24426,19,,,1,90,,24427,19,,,1,50,,24428,19,,,1,90,,24429,19,,,1,90,,24430,19,,,1,90,,24432,19,,,1,90,,24433,19,,,1,90,,24434,19,,,1,50,,24431,19,,,1,89,,24420,19,,,1,90,,24435,19,,,1,90,,24436,19,,,1,90,,24437,19,,,1,90,,24438,19,,,1
22201,'H:123:0:Weekday:4:26MAR:12345',608,,24440,19,,,1,46,,24441,19,,,1,95,,24442,19,,,1,90,,24443,19,,,1,90,,24444,19,,,1,90,,24445,19,,,1,90,,24446,19,,,1,50,,24447,19,,,1,90,,24448,19,,,1,90,,24449,19,,,1,90,,24451,19,,,1,90,,24452,19,,,1,90,,24453,19,,,1,50,,24450,19,,,1,89,,24439,19,,,1,90,,24454,19,,,1,90,,24455,19,,,1,90,,24456,19,,,1,90,,24457,19,,,1
22201,'H:173:5:Saturday:3:26MAR:6',715,,24461,19,,,1,90,,24462,19,,,1,50,,24463,19,,,1,90,,24464,19,,,1,90,,24465,19,,,1,90,,24466,19,,,1,90,,24467,19,,,1,90,,24469,19,,,1,50,,24471,19,,,1,90,,24468,19,,,1,90,,24472,19,,,1,90,,24470,19,,,1,90,,24473,19,,,1,90,,24474,19,,,1,50,,24475,19,,,1,90,,24458,19,,,1,90,,24459,19,,,1,90,,24460,19,,,1
