10901,'H:111:6:Sunday:3:26SEP:1234567',821,,36322,30,,,1,102,,36334,30,,,1,102,,36326,30,,,1,100,,36331,30,,,1,101,,36323,30,,,1,100,,36324,30,,,1,100,,36332,30,,,1,100,,36327,30,,,1,100,,36330,30,,,1,100,,36325,30,,,1,98,,36328,30,,,1,100,,36333,30,,,1,100,,36329,30,,,1,99,,36335,30,,,1
10901,'H:121:0:Weekday:3:26SEP:12345',520,,36337,30,,,1,103,,36347,30,,,1,105,,36348,30,,,1,99,,36351,30,,,1,100,,36353,30,,,1,99,,36343,30,,,1,100,,36346,30,,,1,91,,36342,30,,,1,103,,36341,30,,,1,97,,36352,30,,,1,99,,36345,30,,,1,103,,36340,30,,,1,102,,36350,30,,,1,100,,36344,30,,,1,98,,36349,30,,,1,106,,36338,30,,,1,109,,36339,30,,,1,98,,36336,30,,,1
10901,'H:171:5:Saturday:3:26SEP:6',723,,36354,30,,,1,102,,36367,30,,,1,100,,36360,30,,,1,101,,36365,30,,,1,100,,36356,30,,,1,101,,36355,30,,,1,102,,36368,30,,,1,100,,36359,30,,,1,100,,36363,30,,,1,100,,36357,30,,,1,100,,36358,30,,,1,99,,36366,30,,,1,98,,36361,30,,,1,99,,36364,30,,,1,99,,36362,30,,,1
27000,'H:121:0:Weekday:3:26SEP:12345',514,,38143,30,,,1,113,,38144,30,,,1,101,,38146,30,,,1,1497,,38145,30,,,1
27000,'KP:321:0:Weekday:3:26SEP:12345',1823,,38147,15,,,1
27100,'H:111:6:Sunday:3:26SEP:1234567',748,,38151,44,,,1,100,,38152,44,,,1,102,,38162,44,,,1,101,,38153,44,,,1,100,,38154,44,,,1,103,,38155,44,,,1,101,,38156,44,,,1,101,,38157,44,,,1,100,,38164,44,,,1,100,,38158,44,,,1,97,,38159,44,,,1,100,,38160,44,,,1,98,,38161,44,,,1,98,,38163,44,,,1
27100,'H:121:0:Weekday:3:26SEP:12345',701,,38174,30,,,1,102,,38165,30,,,1,105,,38166,44,,,1,101,,38167,44,,,1,101,,38175,44,,,1,199,,38168,44,,,1,204,,38169,44,,,1,200,,38170,44,,,1,193,,38171,44,,,1,197,,38172,44,,,1,100,,38173,44,,,1
27100,'H:171:5:Saturday:3:26SEP:6',750,,38185,44,,,1,100,,38177,44,,,1,104,,38186,44,,,1,101,,38178,44,,,1,101,,38184,44,,,1,100,,38176,44,,,1,100,,38183,44,,,1,100,,38179,44,,,1,100,,38187,44,,,1,99,,38180,44,,,1,99,,38182,44,,,1,98,,38181,44,,,1,99,,38188,44,,,1,100,,38189,44,,,1,100,,38190,44,,,1
27100,'KP:321:0:Weekday:3:26SEP:12345',553,,38196,30,,,1,285,,38191,44,,,1,371,,38192,44,,,1,201,,38193,44,,,1,206,,38195,44,,,1,195,,38194,44,,,1,192,,38197,44,,,1
90801,'H:121:0:Weekday:3:26SEP:12345',1853,,39784,27,,,1
90801,'KP:321:0:Weekday:3:26SEP:12345',1650,,39785,27,,,1,88,,39787,27,,,1,86,,39788,27,,,1,106,,39786,27,,,1
