10900,'H:111:6:Sunday:3:26SEP:1234567',808,,36281,16,,,1,101,,36285,16,,,1,100,,36276,16,,,1,100,,36277,16,,,1,100,,36288,16,,,1,101,,36279,16,,,1,100,,36284,16,,,1,100,,36278,16,,,1,99,,36280,16,,,1,100,,36287,16,,,1,100,,36283,16,,,1,100,,36286,16,,,1,100,,36282,16,,,1,99,,36289,16,,,1
10900,'H:121:0:Weekday:3:26SEP:12345',505,,36303,16,,,1,102,,36297,16,,,1,102,,36293,16,,,1,100,,36299,16,,,1,105,,36306,16,,,1,100,,36291,16,,,1,100,,36305,16,,,1,100,,36304,16,,,1,100,,36296,16,,,1,100,,36302,16,,,1,101,,36294,16,,,1,100,,36298,16,,,1,100,,36301,16,,,1,99,,36295,16,,,1,99,,36292,16,,,1,99,,36290,16,,,1,100,,36300,16,,,1
10900,'H:171:5:Saturday:3:26SEP:6',709,,36311,16,,,1,100,,36314,16,,,1,101,,36310,16,,,1,101,,36307,16,,,1,100,,36319,16,,,1,101,,36312,16,,,1,100,,36317,16,,,1,100,,36308,16,,,1,99,,36309,16,,,1,100,,36321,16,,,1,99,,36313,16,,,1,100,,36318,16,,,1,100,,36315,16,,,1,99,,36316,16,,,1,100,,36320,16,,,1
27001,'H:121:0:Weekday:3:26SEP:12345',538,,38150,11,,,1,21,,38149,11,0,5,1,100,,38148,11,0,5,1
27101,'H:111:6:Sunday:3:26SEP:1234567',719,,38211,11,,,1,110,,38201,11,,,1,100,,38198,11,,,1,100,,38199,11,,,1,100,,38200,11,,,1,100,,38202,11,,,1,100,,38209,11,,,1,100,,38203,11,,,1,100,,38204,11,,,1,100,,38206,11,,,1,100,,38205,11,,,1,100,,38207,11,,,1,100,,38210,11,,,1,100,,38208,11,,,1
27101,'H:121:0:Weekday:3:26SEP:12345',629,,38212,11,,,1,100,,38213,11,,,1,100,,38222,11,,,1,200,,38214,11,,,1,201,,38215,11,,,1,200,,38216,11,,,1,200,,38217,11,,,1,200,,38218,11,,,1,100,,38219,11,,,1,99,,38220,11,,,1,100,,38221,11,,,1
27101,'H:171:5:Saturday:3:26SEP:6',719,,38223,11,,,1,110,,38229,11,,,1,100,,38226,11,,,1,101,,38230,11,,,1,100,,38227,11,,,1,100,,38232,11,,,1,100,,38228,11,,,1,100,,38233,11,,,1,100,,38225,11,,,1,100,,38231,11,,,1,100,,38224,11,,,1,99,,38234,11,,,1,100,,38235,11,,,1,100,,38236,11,,,1,100,,38237,11,,,1
27101,'KP:321:0:Weekday:3:26SEP:12345',929,,38238,11,,,1,200,,38239,11,,,1,201,,38242,11,,,1,200,,38240,11,,,1,171,,38241,11,0,5,1,29,,38243,11,,,1
90800,'H:121:0:Weekday:3:26SEP:12345',432,,39780,5,,,1,125,,39779,5,,,1
90800,'KP:321:0:Weekday:3:26SEP:12345',502,,39783,5,,,1,130,,39782,5,,,1,110,,39781,5,,,1
