10300,'H:111:6:Sunday:1:26SEP:1234567',702,,27933,54,,,1,100,,27934,54,,,1,100,,27935,54,,,1,99,,27936,54,,,1,100,,27937,54,,,1,100,,27938,54,,,1,100,,27939,54,,,1,100,,27941,54,,,1,100,,27942,54,,,1,100,,27943,54,,,1,100,,27940,54,,,1,100,,27944,54,,,1,100,,27946,54,,,1,101,,27947,54,,,1,100,,27948,54,,,1,100,,27945,54,,,1,100,,27949,54,,,1
10300,'H:111:6:Sunday:2:26SEP:1234567',702,,27950,54,,,1,100,,27951,54,,,1,100,,27952,54,,,1,99,,27953,54,,,1,100,,27954,54,,,1,100,,27955,54,,,1,100,,27956,54,,,1,100,,27958,54,,,1,100,,27959,54,,,1,100,,27960,54,,,1,100,,27957,54,,,1,100,,27961,54,,,1,100,,27963,54,,,1,101,,27964,54,,,1,100,,27965,54,,,1,100,,27962,54,,,1,100,,27966,54,,,1
10300,'H:121:0:Weekday:1:26SEP:12345',507,,27975,54,,,1,29,,27976,54,,,1,70,,27977,54,,,1,30,,27996,54,,,1,69,,27978,54,,,1,30,,27997,54,,,1,70,,27979,54,,,1,30,,27998,54,,,1,70,,27980,54,,,1,30,,27981,54,,,1,70,,27982,54,,,1,30,,27983,54,,,1,70,,27985,54,,,1,30,,27986,54,,,1,70,,27987,54,,,1,30,,27984,54,,,1,70,,27988,54,,,1,29,,27989,54,,,1,70,,27990,54,,,1,30,,27991,54,,,1,70,,27992,54,,,1,30,,28001,54,,,1,70,,27993,54,,,1,30,,27994,54,,,1,70,,27995,54,,,1,31,,27972,54,,,1,70,,27971,54,,,1,30,,27973,54,,,1,70,,27974,54,,,1,30,,27999,54,,,1,71,,27967,54,,,1,30,,28000,54,,,1,70,,27969,54,,,1,100,,27970,54,,,1,100,,27968,54,,,1
10300,'H:121:0:Weekday:2:26SEP:12345',507,,28010,54,,,1,29,,28011,54,,,1,70,,28012,54,,,1,30,,28031,54,,,1,69,,28013,54,,,1,30,,28032,54,,,1,70,,28014,54,,,1,30,,28033,54,,,1,70,,28015,54,,,1,30,,28016,54,,,1,70,,28017,54,,,1,30,,28018,54,,,1,70,,28020,54,,,1,30,,28021,54,,,1,70,,28022,54,,,1,30,,28019,54,,,1,70,,28023,54,,,1,29,,28024,54,,,1,70,,28025,54,,,1,30,,28026,54,,,1,70,,28027,54,,,1,30,,28036,54,,,1,70,,28028,54,,,1,30,,28029,54,,,1,70,,28030,54,,,1,31,,28007,54,,,1,70,,28006,54,,,1,30,,28008,54,,,1,70,,28009,54,,,1,30,,28034,54,,,1,71,,28002,54,,,1,30,,28035,54,,,1,70,,28004,54,,,1,100,,28005,54,,,1,100,,28003,54,,,1
10300,'H:171:5:Saturday:1:26SEP:6',701,,28037,54,,,1,100,,28038,54,,,1,100,,28039,54,,,1,100,,28040,54,,,1,100,,28041,54,,,1,99,,28042,54,,,1,100,,28043,54,,,1,100,,28044,54,,,1,100,,28045,54,,,1,100,,28046,54,,,1,100,,28047,54,,,1,100,,28048,54,,,1,101,,28049,54,,,1,100,,28050,54,,,1,100,,28051,54,,,1,101,,28052,54,,,1,100,,28053,54,,,1,100,,28054,54,,,1
10300,'H:171:5:Saturday:2:26SEP:6',701,,28055,54,,,1,100,,28056,54,,,1,100,,28057,54,,,1,100,,28058,54,,,1,100,,28059,54,,,1,99,,28060,54,,,1,100,,28061,54,,,1,100,,28062,54,,,1,100,,28063,54,,,1,100,,28064,54,,,1,100,,28065,54,,,1,100,,28066,54,,,1,101,,28067,54,,,1,100,,28068,54,,,1,100,,28069,54,,,1,101,,28070,54,,,1,100,,28071,54,,,1,100,,28072,54,,,1
11200,'H:111:6:Sunday:1:26SEP:1234567',704,,28605,19,,,1,30,,28620,19,,,1,70,,28606,19,,,1,30,,28621,19,,,1,70,,28607,19,,,1,29,,28622,19,,,1,70,,28608,19,,,1,30,,28623,19,,,1,70,,28611,19,,,1,30,,28624,19,,,1,70,,28612,19,,,1,30,,28625,19,,,1,70,,28614,19,,,1,30,,28626,19,,,1,70,,28610,19,,,1,30,,28627,19,,,1,70,,28609,19,,,1,30,,28628,19,,,1,70,,28615,19,,,1,30,,28629,19,,,1,70,,28613,19,,,1,30,,28630,19,,,1,70,,28616,19,,,1,100,,28617,19,,,1,101,,28618,19,,,1,100,,28619,19,,,1
11200,'H:111:6:Sunday:2:26SEP:1234567',704,,28631,19,,,1,30,,28646,19,,,1,70,,28632,19,,,1,30,,28647,19,,,1,70,,28633,19,,,1,29,,28648,19,,,1,70,,28634,19,,,1,30,,28649,19,,,1,70,,28637,19,,,1,30,,28650,19,,,1,70,,28638,19,,,1,30,,28651,19,,,1,70,,28640,19,,,1,30,,28652,19,,,1,70,,28636,19,,,1,30,,28653,19,,,1,70,,28635,19,,,1,30,,28654,19,,,1,70,,28641,19,,,1,30,,28655,19,,,1,70,,28639,19,,,1,30,,28656,19,,,1,70,,28642,19,,,1,100,,28643,19,,,1,101,,28644,19,,,1,100,,28645,19,,,1
11200,'H:121:0:Weekday:1:26SEP:12345',512,,28674,19,,,1,30,,28675,19,,,1,70,,28658,19,,,1,29,,28694,19,,,1,70,,28660,19,,,1,20,,28684,19,,,1,20,,28689,19,,,1,60,,28659,19,,,1,20,,28686,19,,,1,20,,28690,19,,,1,60,,28657,19,,,1,30,,28683,19,,,1,70,,28661,19,,,1,30,,28676,19,,,1,70,,28662,19,,,1,30,,28678,19,,,1,70,,28663,19,,,1,30,,28680,19,,,1,70,,28664,19,,,1,30,,28679,19,,,1,70,,28665,19,,,1,20,,28682,19,,,1,20,,28691,19,,,1,60,,28666,19,,,1,20,,28687,19,,,1,20,,28692,19,,,1,60,,28669,19,,,1,20,,28685,19,,,1,20,,28693,19,,,1,60,,28670,19,,,1,30,,28688,19,,,1,70,,28667,19,,,1,30,,28677,19,,,1,70,,28668,19,,,1,30,,28681,19,,,1,70,,28671,19,,,1,101,,28672,19,,,1,100,,28673,19,,,1
11200,'H:121:0:Weekday:2:26SEP:12345',512,,28712,19,,,1,30,,28713,19,,,1,70,,28696,19,,,1,29,,28732,19,,,1,70,,28698,19,,,1,20,,28722,19,,,1,20,,28727,19,,,1,60,,28697,19,,,1,20,,28724,19,,,1,20,,28728,19,,,1,60,,28695,19,,,1,30,,28721,19,,,1,70,,28699,19,,,1,30,,28714,19,,,1,70,,28700,19,,,1,30,,28716,19,,,1,70,,28701,19,,,1,30,,28718,19,,,1,70,,28702,19,,,1,30,,28717,19,,,1,70,,28703,19,,,1,20,,28720,19,,,1,20,,28729,19,,,1,60,,28704,19,,,1,20,,28725,19,,,1,20,,28730,19,,,1,60,,28707,19,,,1,20,,28723,19,,,1,20,,28731,19,,,1,60,,28708,19,,,1,30,,28726,19,,,1,70,,28705,19,,,1,30,,28715,19,,,1,70,,28706,19,,,1,30,,28719,19,,,1,70,,28709,19,,,1,101,,28710,19,,,1,100,,28711,19,,,1
11200,'H:171:5:Saturday:1:26SEP:6',704,,28736,19,,,1,30,,28756,19,,,1,70,,28738,19,,,1,30,,28755,19,,,1,70,,28735,19,,,1,29,,28753,19,,,1,70,,28733,19,,,1,30,,28759,19,,,1,70,,28737,19,,,1,30,,28757,19,,,1,70,,28739,19,,,1,30,,28752,19,,,1,70,,28740,19,,,1,30,,28748,19,,,1,70,,28742,19,,,1,30,,28751,19,,,1,70,,28744,19,,,1,30,,28758,19,,,1,70,,28741,19,,,1,30,,28754,19,,,1,70,,28745,19,,,1,30,,28749,19,,,1,70,,28743,19,,,1,30,,28750,19,,,1,70,,28746,19,,,1,100,,28747,19,,,1,101,,28734,19,,,1
11200,'H:171:5:Saturday:2:26SEP:6',704,,28763,19,,,1,30,,28783,19,,,1,70,,28765,19,,,1,30,,28782,19,,,1,70,,28762,19,,,1,29,,28780,19,,,1,70,,28760,19,,,1,30,,28786,19,,,1,70,,28764,19,,,1,30,,28784,19,,,1,70,,28766,19,,,1,30,,28779,19,,,1,70,,28767,19,,,1,30,,28775,19,,,1,70,,28769,19,,,1,30,,28778,19,,,1,70,,28771,19,,,1,30,,28785,19,,,1,70,,28768,19,,,1,30,,28781,19,,,1,70,,28772,19,,,1,30,,28776,19,,,1,70,,28770,19,,,1,30,,28777,19,,,1,70,,28773,19,,,1,100,,28774,19,,,1,101,,28761,19,,,1
