11100,'H:121:0:Weekday:1:26SEP:12345',629,,28597,20,,,1,30,,28598,20,,,1
11100,'H:121:0:Weekday:2:26SEP:12345',629,,28599,20,,,1,30,,28600,20,,,1
11200,'H:111:6:Sunday:1:26SEP:1234567',720,,28605,38,,,1,30,,28620,38,,,1,70,,28606,38,,,1,30,,28621,38,,,1,70,,28607,38,,,1,30,,28622,38,,,1,70,,28608,38,,,1,30,,28623,38,,,1,71,,28611,38,,,1,30,,28624,38,,,1,70,,28612,38,,,1,30,,28625,38,,,1,70,,28614,38,,,1,31,,28626,38,,,1,70,,28610,38,,,1,30,,28627,38,,,1,70,,28609,38,,,1,30,,28628,38,,,1,70,,28615,38,,,1,30,,28629,38,,,1,70,,28613,38,,,1,30,,28630,38,,,1,70,,28616,38,,,1,100,,28617,38,,,1,98,,28618,38,,,1,100,,28619,38,,,1
11200,'H:111:6:Sunday:2:26SEP:1234567',720,,28631,38,,,1,30,,28646,38,,,1,70,,28632,38,,,1,30,,28647,38,,,1,70,,28633,38,,,1,30,,28648,38,,,1,70,,28634,38,,,1,30,,28649,38,,,1,71,,28637,38,,,1,30,,28650,38,,,1,70,,28638,38,,,1,30,,28651,38,,,1,70,,28640,38,,,1,31,,28652,38,,,1,70,,28636,38,,,1,30,,28653,38,,,1,70,,28635,38,,,1,30,,28654,38,,,1,70,,28641,38,,,1,30,,28655,38,,,1,70,,28639,38,,,1,30,,28656,38,,,1,70,,28642,38,,,1,100,,28643,38,,,1,98,,28644,38,,,1,100,,28645,38,,,1
11200,'H:121:0:Weekday:1:26SEP:12345',529,,28674,38,,,1,30,,28675,38,,,1,72,,28658,38,,,1,71,,28694,38,,,1,30,,28660,38,,,1,20,,28684,38,,,1,60,,28689,38,,,1,20,,28659,38,,,1,19,,28686,38,,,1,60,,28690,38,,,1,20,,28657,38,,,1,70,,28683,38,,,1,30,,28661,38,,,1,70,,28676,38,,,1,30,,28662,38,,,1,71,,28678,38,,,1,30,,28663,38,,,1,70,,28680,38,,,1,30,,28664,38,,,1,71,,28679,38,,,1,31,,28665,38,,,1,20,,28682,38,,,1,60,,28691,38,,,1,20,,28666,38,,,1,20,,28687,38,,,1,60,,28692,38,,,1,20,,28669,38,,,1,20,,28685,38,,,1,60,,28693,38,,,1,20,,28670,38,,,1,70,,28688,38,,,1,30,,28667,38,,,1,69,,28677,38,,,1,29,,28668,38,,,1,69,,28681,38,,,1,30,,28671,38,,,1,100,,28672,38,,,1,99,,28673,38,,,1
11200,'H:121:0:Weekday:2:26SEP:12345',529,,28712,38,,,1,30,,28713,38,,,1,72,,28696,38,,,1,71,,28732,38,,,1,30,,28698,38,,,1,20,,28722,38,,,1,60,,28727,38,,,1,20,,28697,38,,,1,19,,28724,38,,,1,60,,28728,38,,,1,20,,28695,38,,,1,70,,28721,38,,,1,30,,28699,38,,,1,70,,28714,38,,,1,30,,28700,38,,,1,71,,28716,38,,,1,30,,28701,38,,,1,70,,28718,38,,,1,30,,28702,38,,,1,71,,28717,38,,,1,31,,28703,38,,,1,20,,28720,38,,,1,60,,28729,38,,,1,20,,28704,38,,,1,20,,28725,38,,,1,60,,28730,38,,,1,20,,28707,38,,,1,20,,28723,38,,,1,60,,28731,38,,,1,20,,28708,38,,,1,70,,28726,38,,,1,30,,28705,38,,,1,69,,28715,38,,,1,29,,28706,38,,,1,69,,28719,38,,,1,30,,28709,38,,,1,100,,28710,38,,,1,99,,28711,38,,,1
11200,'H:171:5:Saturday:1:26SEP:6',720,,28736,38,,,1,30,,28756,38,,,1,70,,28738,38,,,1,31,,28755,38,,,1,70,,28735,38,,,1,30,,28753,38,,,1,70,,28733,38,,,1,30,,28759,38,,,1,70,,28737,38,,,1,30,,28757,38,,,1,70,,28739,38,,,1,30,,28752,38,,,1,71,,28740,38,,,1,30,,28748,38,,,1,71,,28742,38,,,1,30,,28751,38,,,1,70,,28744,38,,,1,30,,28758,38,,,1,70,,28741,38,,,1,30,,28754,38,,,1,70,,28745,38,,,1,30,,28749,38,,,1,70,,28743,38,,,1,30,,28750,38,,,1,69,,28746,38,,,1,100,,28747,38,,,1,99,,28734,38,,,1
11200,'H:171:5:Saturday:2:26SEP:6',720,,28763,38,,,1,30,,28783,38,,,1,70,,28765,38,,,1,31,,28782,38,,,1,70,,28762,38,,,1,30,,28780,38,,,1,70,,28760,38,,,1,30,,28786,38,,,1,70,,28764,38,,,1,30,,28784,38,,,1,70,,28766,38,,,1,30,,28779,38,,,1,71,,28767,38,,,1,30,,28775,38,,,1,71,,28769,38,,,1,30,,28778,38,,,1,70,,28771,38,,,1,30,,28785,38,,,1,70,,28768,38,,,1,30,,28781,38,,,1,70,,28772,38,,,1,30,,28776,38,,,1,70,,28770,38,,,1,30,,28777,38,,,1,69,,28773,38,,,1,100,,28774,38,,,1,99,,28761,38,,,1
11900,'H:111:6:Sunday:1:26SEP:1234567',826,,29536,47,,,1,102,,29527,47,,,1,102,,29529,47,,,1,100,,29531,47,,,1,100,,29537,47,,,1,100,,29532,47,,,1,100,,29533,47,,,1,100,,29530,47,,,1,100,,29535,47,,,1,100,,29528,47,,,1,98,,29538,47,,,1,99,,29534,47,,,1,100,,29539,47,,,1
11900,'H:111:6:Sunday:2:26SEP:1234567',826,,29549,47,,,1,102,,29540,47,,,1,102,,29542,47,,,1,100,,29544,47,,,1,100,,29550,47,,,1,100,,29545,47,,,1,100,,29546,47,,,1,100,,29543,47,,,1,100,,29548,47,,,1,100,,29541,47,,,1,98,,29551,47,,,1,99,,29547,47,,,1,100,,29552,47,,,1
11900,'H:121:0:Weekday:1:26SEP:12345',629,,29563,47,,,1,72,,29569,47,,,1,27,,29558,47,,,1,76,,29570,47,,,1,31,,29555,47,,,1,71,,29571,47,,,1,30,,29554,47,,,1,68,,29575,47,,,1,30,,29566,47,,,1,70,,29576,47,,,1,31,,29567,47,,,1,71,,29577,47,,,1,29,,29564,47,,,1,70,,29578,47,,,1,30,,29565,47,,,1,71,,29579,47,,,1,32,,29568,47,,,1,71,,29580,47,,,1,30,,29562,47,,,1,69,,29574,47,,,1,30,,29556,47,,,1,71,,29572,47,,,1,29,,29559,47,,,1,69,,29573,47,,,1,27,,29561,47,,,1,99,,29560,47,,,1,97,,29553,47,,,1,99,,29557,47,,,1,100,,29581,47,,,1
11900,'H:121:0:Weekday:2:26SEP:12345',629,,29592,47,,,1,72,,29598,47,,,1,27,,29587,47,,,1,76,,29599,47,,,1,31,,29584,47,,,1,71,,29600,47,,,1,30,,29583,47,,,1,68,,29604,47,,,1,30,,29595,47,,,1,70,,29605,47,,,1,31,,29596,47,,,1,71,,29606,47,,,1,29,,29593,47,,,1,70,,29607,47,,,1,30,,29594,47,,,1,71,,29608,47,,,1,32,,29597,47,,,1,71,,29609,47,,,1,30,,29591,47,,,1,69,,29603,47,,,1,30,,29585,47,,,1,71,,29601,47,,,1,29,,29588,47,,,1,69,,29602,47,,,1,27,,29590,47,,,1,99,,29589,47,,,1,97,,29582,47,,,1,99,,29586,47,,,1,100,,29610,47,,,1
11900,'H:171:5:Saturday:1:26SEP:6',626,,29611,47,,,1,100,,29612,47,,,1,102,,29613,47,,,1,102,,29614,47,,,1,101,,29615,47,,,1,100,,29616,47,,,1,100,,29619,47,,,1,102,,29617,47,,,1,100,,29621,47,,,1,99,,29618,47,,,1,100,,29620,47,,,1,99,,29623,47,,,1,99,,29624,47,,,1,99,,29622,47,,,1,98,,29625,47,,,1,100,,29626,47,,,1
11900,'H:171:5:Saturday:2:26SEP:6',626,,29627,47,,,1,100,,29628,47,,,1,102,,29629,47,,,1,102,,29630,47,,,1,101,,29631,47,,,1,100,,29632,47,,,1,100,,29635,47,,,1,102,,29633,47,,,1,100,,29637,47,,,1,99,,29634,47,,,1,100,,29636,47,,,1,99,,29639,47,,,1,99,,29640,47,,,1,99,,29638,47,,,1,98,,29641,47,,,1,100,,29642,47,,,1
13000,'H:111:6:Sunday:1:26SEP:1234567',658,,30235,15,,,1,100,,30237,15,,,1,101,,30236,15,,,1,100,,30238,15,,,1,100,,30241,15,,,1,100,,30239,15,,,1,141,,30240,15,,,1,100,,30243,15,,,1,59,,30242,15,,,1,100,,30244,15,,,1,100,,30245,15,,,1,100,,30246,15,,,1,99,,30247,15,,,1,100,,30248,15,,,1,100,,30249,15,,,1
13000,'H:111:6:Sunday:2:26SEP:1234567',658,,30250,15,,,1,100,,30252,15,,,1,101,,30251,15,,,1,100,,30253,15,,,1,100,,30256,15,,,1,100,,30254,15,,,1,141,,30255,15,,,1,100,,30258,15,,,1,59,,30257,15,,,1,100,,30259,15,,,1,100,,30260,15,,,1,100,,30261,15,,,1,99,,30262,15,,,1,100,,30263,15,,,1,100,,30264,15,,,1
13000,'H:121:0:Weekday:1:26SEP:12345',528,,30284,15,,,1,30,,30287,15,,,1,70,,30273,15,,,1,30,,30288,15,,,1,71,,30265,15,,,1,30,,30275,15,,,1,70,,30266,15,,,1,30,,30289,15,,,1,70,,30274,15,,,1,30,,30291,15,,,1,70,,30283,15,,,1,30,,30292,15,,,1,70,,30280,15,,,1,30,,30293,15,,,1,70,,30281,15,,,1,30,,30294,15,,,1,70,,30282,15,,,1,30,,30295,15,,,1,70,,30279,15,,,1,71,,30296,15,,,1,30,,30267,15,,,1,70,,30285,15,,,1,30,,30277,15,,,1,70,,30276,15,,,1,30,,30268,15,,,1,70,,30278,15,,,1,29,,30269,15,,,1,30,,30290,15,,,1,70,,30270,15,,,1,99,,30271,15,,,1,100,,30272,15,,,1,100,,30286,15,,,1
13000,'H:121:0:Weekday:2:26SEP:12345',528,,30316,15,,,1,30,,30319,15,,,1,70,,30305,15,,,1,30,,30320,15,,,1,71,,30297,15,,,1,30,,30307,15,,,1,70,,30298,15,,,1,30,,30321,15,,,1,70,,30306,15,,,1,30,,30323,15,,,1,70,,30315,15,,,1,30,,30324,15,,,1,70,,30312,15,,,1,30,,30325,15,,,1,70,,30313,15,,,1,30,,30326,15,,,1,70,,30314,15,,,1,30,,30327,15,,,1,70,,30311,15,,,1,71,,30328,15,,,1,30,,30299,15,,,1,70,,30317,15,,,1,30,,30309,15,,,1,70,,30308,15,,,1,30,,30300,15,,,1,70,,30310,15,,,1,29,,30301,15,,,1,30,,30322,15,,,1,70,,30302,15,,,1,99,,30303,15,,,1,100,,30304,15,,,1,100,,30318,15,,,1
13000,'H:171:5:Saturday:1:26SEP:6',558,,30344,15,,,1,100,,30329,15,,,1,100,,30330,15,,,1,100,,30331,15,,,1,101,,30332,15,,,1,100,,30333,15,,,1,141,,30334,15,,,1,100,,30335,15,,,1,100,,30336,15,,,1,100,,30337,15,,,1,100,,30338,15,,,1,100,,30339,15,,,1,59,,30340,15,,,1,100,,30341,15,,,1,100,,30342,15,,,1,99,,30343,15,,,1,100,,30345,15,,,1
13000,'H:171:5:Saturday:2:26SEP:6',558,,30361,15,,,1,100,,30346,15,,,1,100,,30347,15,,,1,100,,30348,15,,,1,101,,30349,15,,,1,100,,30350,15,,,1,141,,30351,15,,,1,100,,30352,15,,,1,100,,30353,15,,,1,100,,30354,15,,,1,100,,30355,15,,,1,100,,30356,15,,,1,59,,30357,15,,,1,100,,30358,15,,,1,100,,30359,15,,,1,99,,30360,15,,,1,100,,30362,15,,,1
