10101,'H:113:6:Sunday:3:26MAR:1234567',653,,21200,7,,,1,100,,21201,7,,,1,101,,21203,7,,,1,100,,21205,7,,,1,100,,21202,7,,,1,101,,21206,7,,,1,100,,21204,7,,,1,70,,21215,7,,,1,30,,21207,7,,,1,70,,21216,7,,,1,30,,21209,7,,,1,70,,21217,7,,,1,30,,21210,7,,,1,70,,21218,7,,,1,30,,21211,7,,,1,70,,21219,7,,,1,30,,21212,7,,,1,100,,21213,7,,,1,99,,21214,7,,,1,99,,21208,7,,,1
10101,'H:123:0:Weekday:3:26MAR:12345',508,,21220,7,,,1,101,,21221,7,,,1,30,,21222,7,,,1,70,,21223,7,,,1,30,,21224,7,,,1,71,,21225,7,,,1,100,,21226,7,,,1,30,,21247,7,,,1,70,,21227,7,,,1,30,,21248,7,,,1,70,,21228,7,,,1,30,,21249,7,,,1,70,,21229,7,,,1,100,,21230,7,,,1,30,,21250,7,,,1,70,,21231,7,,,1,30,,21232,7,,,1,70,,21233,7,,,1,30,,21234,7,,,1,70,,21235,7,,,1,30,,21236,7,,,1,70,,21240,7,,,1,30,,21242,7,,,1,70,,21238,7,,,1,30,,21237,7,,,1,70,,21239,7,,,1,29,,21241,7,,,1,70,,21243,7,,,1,30,,21251,7,,,1,70,,21244,7,,,1,30,,21252,7,,,1,70,,21245,7,,,1,29,,21253,7,,,1,70,,21246,7,,,1
10101,'H:123:0:Weekday:4:26MAR:12345',508,,21254,7,,,1,101,,21255,7,,,1,30,,21256,7,,,1,70,,21257,7,,,1,30,,21258,7,,,1,71,,21259,7,,,1,100,,21260,7,,,1,30,,21281,7,,,1,70,,21261,7,,,1,30,,21282,7,,,1,70,,21262,7,,,1,30,,21283,7,,,1,70,,21263,7,,,1,100,,21264,7,,,1,30,,21284,7,,,1,70,,21265,7,,,1,30,,21266,7,,,1,70,,21267,7,,,1,30,,21268,7,,,1,70,,21269,7,,,1,30,,21270,7,,,1,70,,21274,7,,,1,30,,21276,7,,,1,70,,21272,7,,,1,30,,21271,7,,,1,70,,21273,7,,,1,29,,21275,7,,,1,70,,21277,7,,,1,30,,21285,7,,,1,70,,21278,7,,,1,30,,21286,7,,,1,70,,21279,7,,,1,29,,21287,7,,,1,70,,21280,7,,,1
10101,'H:173:5:Saturday:3:26MAR:6',653,,21290,7,,,1,101,,21299,7,,,1,100,,21291,7,,,1,101,,21292,7,,,1,100,,21293,7,,,1,70,,21304,7,,,1,30,,21301,7,,,1,70,,21305,7,,,1,30,,21295,7,,,1,70,,21306,7,,,1,30,,21296,7,,,1,70,,21307,7,,,1,30,,21302,7,,,1,70,,21308,7,,,1,30,,21294,7,,,1,70,,21309,7,,,1,30,,21303,7,,,1,70,,21310,7,,,1,30,,21288,7,,,1,100,,21297,7,,,1,99,,21300,7,,,1,100,,21298,7,,,1,100,,21289,7,,,1
10101,'KP:323:0:Weekday:3:26MAR:12345',538,,21311,7,,,1,302,,21313,7,,,1,400,,21312,7,,,1
10101,'KP:323:0:Weekday:4:26MAR:12345',538,,21314,7,,,1,302,,21316,7,,,1,400,,21315,7,,,1
90901,'H:113:6:Sunday:3:26MAR:1234567',717,,27161,18,,,1,40,,27162,18,,,1,90,,27163,18,,,1,85,,27165,18,,,1,97,,27167,18,,,1,91,,27168,18,,,1,85,,27164,18,,,1,46,,27169,18,,,1,91,,27166,18,,,1,85,,27170,18,,,1,100,,27171,18,,,1,79,,27172,18,,,1,50,,27173,18,,,1,79,,27174,18,,,1,90,,27175,18,,,1,84,,27176,18,,,1,45,,27177,18,,,1,84,,27178,18,,,1,75,,27179,18,,,1,89,,27180,18,,,1,30,,27181,18,,,1
90901,'H:123:0:Weekday:3:26MAR:12345',537,,27182,18,,,1,86,,27183,18,,,1,95,,27184,18,,,1,82,,27185,18,,,1,50,,27186,18,,,1,85,,27187,18,,,1,95,,27188,18,,,1,91,,27189,18,,,1,85,,27190,18,,,1,45,,27191,18,,,1,90,,27192,18,,,1,86,,27193,18,,,1,100,,27194,18,,,1,80,,27195,18,,,1,50,,27196,18,,,1,80,,27197,18,,,1,89,,27198,18,,,1,84,,27199,18,,,1,45,,27200,18,,,1,84,,27201,18,,,1,75,,27202,18,,,1,118,,27203,18,,,1,169,,27204,18,,,1
90901,'H:123:0:Weekday:4:26MAR:12345',537,,27205,18,,,1,86,,27206,18,,,1,95,,27207,18,,,1,82,,27208,18,,,1,50,,27209,18,,,1,85,,27210,18,,,1,95,,27211,18,,,1,91,,27212,18,,,1,85,,27213,18,,,1,45,,27214,18,,,1,90,,27215,18,,,1,86,,27216,18,,,1,100,,27217,18,,,1,80,,27218,18,,,1,50,,27219,18,,,1,80,,27220,18,,,1,89,,27221,18,,,1,84,,27222,18,,,1,45,,27223,18,,,1,84,,27224,18,,,1,75,,27225,18,,,1,118,,27226,18,,,1,169,,27227,18,,,1
90901,'H:173:5:Saturday:3:26MAR:6',537,,27228,18,,,1,85,,27229,18,,,1,95,,27230,18,,,1,41,,27231,18,,,1,91,,27232,18,,,1,85,,27234,18,,,1,96,,27235,18,,,1,91,,27236,18,,,1,86,,27233,18,,,1,45,,27237,18,,,1,90,,27238,18,,,1,85,,27239,18,,,1,100,,27240,18,,,1,79,,27241,18,,,1,50,,27242,18,,,1,80,,27243,18,,,1,89,,27244,18,,,1,85,,27245,18,,,1,44,,27246,18,,,1,85,,27247,18,,,1,73,,27248,18,,,1,90,,27249,18,,,1,30,,27250,18,,,1
