10301,'H:111:6:Sunday:1:26SEP:1234567',646,,28073,50,,,1,101,,28074,50,,,1,102,,28075,50,,,1,101,,28076,50,,,1,102,,28077,50,,,1,103,,28078,50,,,1,100,,28080,50,,,1,100,,28081,50,,,1,100,,28082,50,,,1,103,,28079,50,,,1,100,,28083,50,,,1,100,,28084,50,,,1,97,,28085,50,,,1,99,,28086,50,,,1,98,,28087,50,,,1,98,,28088,50,,,1,99,,28089,50,,,1
10301,'H:111:6:Sunday:2:26SEP:1234567',646,,28090,50,,,1,101,,28091,50,,,1,102,,28092,50,,,1,101,,28093,50,,,1,102,,28094,50,,,1,103,,28095,50,,,1,100,,28097,50,,,1,100,,28098,50,,,1,100,,28099,50,,,1,103,,28096,50,,,1,100,,28100,50,,,1,100,,28101,50,,,1,97,,28102,50,,,1,99,,28103,50,,,1,98,,28104,50,,,1,98,,28105,50,,,1,99,,28106,50,,,1
10301,'H:121:0:Weekday:1:26SEP:12345',524,,28139,50,,,1,31,,28108,50,,,1,71,,28107,50,,,1,32,,28109,50,,,1,71,,28136,50,,,1,30,,28110,50,,,1,70,,28135,50,,,1,30,,28111,50,,,1,72,,28134,50,,,1,28,,28112,50,,,1,70,,28113,50,,,1,71,,28114,50,,,1,30,,28115,50,,,1,70,,28116,50,,,1,31,,28117,50,,,1,72,,28118,50,,,1,30,,28119,50,,,1,70,,28120,50,,,1,32,,28121,50,,,1,72,,28122,50,,,1,31,,28123,50,,,1,69,,28125,50,,,1,31,,28141,50,,,1,69,,28126,50,,,1,30,,28138,50,,,1,69,,28127,50,,,1,27,,28137,50,,,1,69,,28124,50,,,1,27,,28128,50,,,1,29,,28129,50,,,1,70,,28140,50,,,1,28,,28130,50,,,1,99,,28131,50,,,1,97,,28132,50,,,1,98,,28133,50,,,1
10301,'H:121:0:Weekday:2:26SEP:12345',524,,28174,50,,,1,31,,28143,50,,,1,71,,28142,50,,,1,32,,28144,50,,,1,71,,28171,50,,,1,30,,28145,50,,,1,70,,28170,50,,,1,30,,28146,50,,,1,72,,28169,50,,,1,28,,28147,50,,,1,70,,28148,50,,,1,71,,28149,50,,,1,30,,28150,50,,,1,70,,28151,50,,,1,31,,28152,50,,,1,72,,28153,50,,,1,30,,28154,50,,,1,70,,28155,50,,,1,32,,28156,50,,,1,72,,28157,50,,,1,31,,28158,50,,,1,69,,28160,50,,,1,31,,28176,50,,,1,69,,28161,50,,,1,30,,28173,50,,,1,69,,28162,50,,,1,27,,28172,50,,,1,69,,28159,50,,,1,27,,28163,50,,,1,29,,28164,50,,,1,70,,28175,50,,,1,28,,28165,50,,,1,99,,28166,50,,,1,97,,28167,50,,,1,98,,28168,50,,,1
10301,'H:171:5:Saturday:1:26SEP:6',648,,28192,50,,,1,101,,28177,50,,,1,100,,28178,50,,,1,103,,28180,50,,,1,101,,28181,50,,,1,102,,28182,50,,,1,101,,28179,50,,,1,101,,28183,50,,,1,101,,28184,50,,,1,101,,28185,50,,,1,100,,28186,50,,,1,100,,28188,50,,,1,98,,28189,50,,,1,98,,28190,50,,,1,98,,28187,50,,,1,99,,28191,50,,,1,99,,28193,50,,,1,98,,28194,50,,,1
10301,'H:171:5:Saturday:2:26SEP:6',648,,28210,50,,,1,101,,28195,50,,,1,100,,28196,50,,,1,103,,28198,50,,,1,101,,28199,50,,,1,102,,28200,50,,,1,101,,28197,50,,,1,101,,28201,50,,,1,101,,28202,50,,,1,101,,28203,50,,,1,100,,28204,50,,,1,100,,28206,50,,,1,98,,28207,50,,,1,98,,28208,50,,,1,98,,28205,50,,,1,99,,28209,50,,,1,99,,28211,50,,,1,98,,28212,50,,,1
11701,'H:111:6:Sunday:1:26SEP:1234567',741,,29389,14,,,1,100,,29386,14,,,1,99,,29379,14,,,1,99,,29376,14,,,1,100,,29375,14,,,1,100,,29378,14,,,1,105,,29380,14,,,1,69,,29391,14,,,1,30,,29383,14,,,1,70,,29392,14,,,1,30,,29382,14,,,1,75,,29393,14,,,1,30,,29381,14,,,1,70,,29394,14,,,1,31,,29384,14,,,1,70,,29390,14,,,1,25,,29385,14,,,1,101,,29377,14,,,1,95,,29388,14,,,1,100,,29387,14,,,1
11701,'H:111:6:Sunday:2:26SEP:1234567',741,,29409,14,,,1,100,,29406,14,,,1,99,,29399,14,,,1,99,,29396,14,,,1,100,,29395,14,,,1,100,,29398,14,,,1,105,,29400,14,,,1,69,,29411,14,,,1,30,,29403,14,,,1,70,,29412,14,,,1,30,,29402,14,,,1,75,,29413,14,,,1,30,,29401,14,,,1,70,,29414,14,,,1,31,,29404,14,,,1,70,,29410,14,,,1,25,,29405,14,,,1,101,,29397,14,,,1,95,,29408,14,,,1,100,,29407,14,,,1
11701,'H:121:0:Weekday:1:26SEP:12345',611,,29424,14,,,1,899,,29421,14,,,1,135,,29420,14,,,1,100,,29419,14,,,1,97,,29422,14,,,1,102,,29423,14,,,1,95,,29415,14,,,1,101,,29416,14,,,1,100,,29417,14,,,1,100,,29418,14,,,1
11701,'H:121:0:Weekday:2:26SEP:12345',611,,29434,14,,,1,899,,29431,14,,,1,135,,29430,14,,,1,100,,29429,14,,,1,97,,29432,14,,,1,102,,29433,14,,,1,95,,29425,14,,,1,101,,29426,14,,,1,100,,29427,14,,,1,100,,29428,14,,,1
11701,'H:171:5:Saturday:1:26SEP:6',542,,29443,14,,,1,100,,29438,14,,,1,99,,29437,14,,,1,99,,29440,14,,,1,99,,29445,14,,,1,99,,29444,14,,,1,100,,29447,14,,,1,99,,29441,14,,,1,70,,29453,14,,,1,35,,29442,14,,,1,70,,29454,14,,,1,30,,29439,14,,,1,70,,29455,14,,,1,30,,29435,14,,,1,75,,29456,14,,,1,30,,29451,14,,,1,71,,29457,14,,,1,30,,29446,14,,,1,70,,29458,14,,,1,25,,29449,14,,,1,101,,29450,14,,,1,95,,29436,14,,,1,101,,29448,14,,,1,101,,29452,14,,,1
11701,'H:171:5:Saturday:2:26SEP:6',542,,29467,14,,,1,100,,29462,14,,,1,99,,29461,14,,,1,99,,29464,14,,,1,99,,29469,14,,,1,99,,29468,14,,,1,100,,29471,14,,,1,99,,29465,14,,,1,70,,29477,14,,,1,35,,29466,14,,,1,70,,29478,14,,,1,30,,29463,14,,,1,70,,29479,14,,,1,30,,29459,14,,,1,75,,29480,14,,,1,30,,29475,14,,,1,71,,29481,14,,,1,30,,29470,14,,,1,70,,29482,14,,,1,25,,29473,14,,,1,101,,29474,14,,,1,95,,29460,14,,,1,101,,29472,14,,,1,101,,29476,14,,,1
11701,'KP:321:0:Weekday:1:26SEP:12345',640,,29488,14,,,1,69,,29486,14,,,1,30,,29485,14,,,1,70,,29487,14,,,1,30,,29502,14,,,1,70,,29497,14,,,1,30,,29492,14,,,1,70,,29498,14,,,1,29,,29496,14,,,1,70,,29491,14,,,1,30,,29499,14,,,1,70,,29493,14,,,1,30,,29490,14,,,1,70,,29500,14,,,1,34,,29495,14,,,1,70,,29489,14,,,1,29,,29501,14,,,1,99,,29494,14,,,1,75,,29504,14,,,1,100,,29483,14,,,1,101,,29503,14,,,1,97,,29484,14,,,1
11701,'KP:321:0:Weekday:2:26SEP:12345',640,,29510,14,,,1,69,,29508,14,,,1,30,,29507,14,,,1,70,,29509,14,,,1,30,,29524,14,,,1,70,,29519,14,,,1,30,,29514,14,,,1,70,,29520,14,,,1,29,,29518,14,,,1,70,,29513,14,,,1,30,,29521,14,,,1,70,,29515,14,,,1,30,,29512,14,,,1,70,,29522,14,,,1,34,,29517,14,,,1,70,,29511,14,,,1,29,,29523,14,,,1,99,,29516,14,,,1,75,,29526,14,,,1,100,,29505,14,,,1,101,,29525,14,,,1,97,,29506,14,,,1
