20101,'H:111:6:Sunday:3:26SEP:1234567',807,,37539,38,,,1,100,,37525,38,,,1,101,,37527,38,,,1,50,,37528,38,,,1,81,,37530,38,,,1,81,,37531,38,,,1,80,,37529,38,,,1,41,,37526,38,,,1,80,,37533,38,,,1,80,,37534,38,,,1,40,,37535,38,,,1,80,,37536,38,,,1,80,,37532,38,,,1,40,,37540,38,,,1,79,,37541,38,,,1,39,,37542,38,,,1,79,,37543,38,,,1,80,,37544,38,,,1,89,,37537,38,,,1,99,,37538,38,,,1
20101,'H:121:0:Weekday:3:26SEP:12345',633,,37548,38,,,1,222,,37562,38,,,1,69,,37558,38,,,1,477,,37559,38,,,1,102,,37556,38,,,1,31,,37561,38,,,1,171,,37557,38,,,1,96,,37551,38,,,1,27,,37552,38,,,1,29,,37560,38,,,1,68,,37550,38,,,1,29,,37549,38,,,1,68,,37545,38,,,1,29,,37547,38,,,1,69,,37546,38,,,1,30,,37554,38,,,1,68,,37555,38,,,1,29,,37553,38,,,1
20101,'H:171:5:Saturday:3:26SEP:6',805,,37569,38,,,1,102,,37563,38,,,1,102,,37564,38,,,1,91,,37575,38,,,1,41,,37568,38,,,1,81,,37565,38,,,1,81,,37566,38,,,1,40,,37577,38,,,1,80,,37571,38,,,1,80,,37567,38,,,1,40,,37570,38,,,1,80,,37576,38,,,1,80,,37573,38,,,1,40,,37579,38,,,1,78,,37580,38,,,1,79,,37581,38,,,1,38,,37582,38,,,1,78,,37583,38,,,1,90,,37574,38,,,1,99,,37572,38,,,1,99,,37578,38,,,1
20101,'KP:321:0:Weekday:3:26SEP:12345',714,,37584,38,,,1,40,,37585,38,,,1,71,,37592,38,,,1,129,,37593,38,,,1,71,,37594,38,,,1,31,,37595,38,,,1,71,,37596,38,,,1,31,,37590,38,,,1,71,,37598,38,,,1,71,,37597,38,,,1,30,,37586,38,,,1,102,,37589,38,,,1,173,,37588,38,,,1,30,,37591,38,,,1,99,,37587,38,,,1
20201,'H:111:6:Sunday:3:26SEP:1234567',716,,37699,46,,,1,122,,37680,46,,,1,102,,37681,46,,,1,100,,37683,46,,,1,80,,37684,46,,,1,81,,37682,46,,,1,40,,37686,46,,,1,81,,37685,46,,,1,80,,37687,46,,,1,40,,37688,46,,,1,80,,37689,46,,,1,81,,37691,46,,,1,40,,37690,46,,,1,80,,37692,46,,,1,80,,37694,46,,,1,39,,37695,46,,,1,78,,37696,46,,,1,80,,37697,46,,,1,40,,37698,46,,,1,99,,37693,46,,,1,97,,37700,46,,,1
20201,'H:121:0:Weekday:3:26SEP:12345',533,,37718,46,,,1,202,,37709,46,,,1,76,,37715,46,,,1,31,,37720,46,,,1,202,,37716,46,,,1,71,,37717,46,,,1,31,,37714,46,,,1,71,,37719,46,,,1,235,,37713,46,,,1,103,,37706,46,,,1,170,,37705,46,,,1,95,,37707,46,,,1,92,,37708,46,,,1,98,,37704,46,,,1,30,,37702,46,,,1,69,,37701,46,,,1,30,,37710,46,,,1,70,,37711,46,,,1,29,,37712,46,,,1,91,,37703,46,,,1
20201,'H:171:5:Saturday:3:26SEP:6',648,,37742,46,,,1,71,,37735,46,,,1,120,,37726,46,,,1,102,,37728,46,,,1,101,,37734,46,,,1,81,,37723,46,,,1,81,,37722,46,,,1,42,,37731,46,,,1,80,,37732,46,,,1,80,,37724,46,,,1,40,,37721,46,,,1,80,,37725,46,,,1,80,,37727,46,,,1,40,,37729,46,,,1,80,,37730,46,,,1,79,,37737,46,,,1,40,,37738,46,,,1,76,,37739,46,,,1,79,,37740,46,,,1,40,,37741,46,,,1,99,,37733,46,,,1,100,,37736,46,,,1,99,,37743,46,,,1
20201,'KP:321:0:Weekday:3:26SEP:12345',614,,37744,46,,,1,41,,37752,46,,,1,258,,37753,46,,,1,30,,37754,46,,,1,70,,37757,46,,,1,235,,37755,46,,,1,70,,37756,46,,,1,30,,37758,46,,,1,72,,37745,46,,,1,103,,37750,46,,,1,102,,37751,46,,,1,31,,37746,46,,,1,96,,37747,46,,,1,94,,37748,46,,,1,95,,37749,46,,,1
20901,'H:111:6:Sunday:3:26SEP:1234567',828,,37805,31,,,1,101,,37804,31,,,1,101,,37816,31,,,1,100,,37808,31,,,1,101,,37813,31,,,1,100,,37806,31,,,1,101,,37807,31,,,1,100,,37814,31,,,1,99,,37809,31,,,1,100,,37812,31,,,1,99,,37810,31,,,1,100,,37811,31,,,1,100,,37815,31,,,1
20901,'H:121:0:Weekday:3:26SEP:12345',538,,37830,31,,,1,104,,37817,31,,,1,101,,37820,31,,,1,102,,37818,31,,,1,103,,37822,31,,,1,97,,37819,31,,,1,102,,37821,31,,,1,93,,37823,31,,,1,100,,37824,31,,,1,100,,37825,31,,,1,102,,37826,31,,,1,100,,37833,31,,,1,100,,37832,31,,,1,99,,37831,31,,,1,99,,37827,31,,,1,102,,37828,31,,,1,97,,37829,31,,,1,100,,37834,31,,,1
20901,'H:171:5:Saturday:3:26SEP:6',729,,37837,31,,,1,101,,37835,31,,,1,102,,37848,31,,,1,101,,37842,31,,,1,102,,37846,31,,,1,101,,37838,31,,,1,101,,37836,31,,,1,99,,37849,31,,,1,100,,37841,31,,,1,98,,37844,31,,,1,100,,37840,31,,,1,99,,37839,31,,,1,98,,37847,31,,,1,99,,37843,31,,,1,99,,37845,31,,,1
24001,'H:111:6:Sunday:3:26SEP:1234567',734,,38110,42,,,1,100,,38103,42,,,1,100,,38098,42,,,1,95,,38104,42,,,1,105,,38097,42,,,1,100,,38105,42,,,1,100,,38099,42,,,1,100,,38106,42,,,1,95,,38100,42,,,1,100,,38107,42,,,1,100,,38101,42,,,1,105,,38108,42,,,1,100,,38102,42,,,1,100,,38109,42,,,1
24001,'H:121:0:Weekday:3:26SEP:12345',637,,38125,42,,,1,100,,38111,42,,,1,100,,38114,42,,,1,100,,38112,42,,,1,105,,38113,42,,,1,99,,38117,42,,,1,100,,38116,42,,,1,100,,38118,42,,,1,102,,38119,42,,,1,100,,38115,42,,,1,100,,38120,42,,,1,98,,38124,42,,,1,100,,38121,42,,,1,101,,38122,42,,,1,100,,38123,42,,,1,100,,38126,42,,,1,100,,38127,42,,,1
24001,'H:171:5:Saturday:3:26SEP:6',734,,38134,42,,,1,100,,38136,42,,,1,95,,38130,42,,,1,100,,38135,42,,,1,100,,38129,42,,,1,104,,38137,42,,,1,101,,38132,42,,,1,100,,38139,42,,,1,95,,38133,42,,,1,100,,38138,42,,,1,100,,38140,42,,,1,105,,38131,42,,,1,100,,38128,42,,,1,100,,38141,42,,,1,100,,38142,42,,,1
90500,'H:121:0:Weekday:3:26SEP:12345',439,,39733,7,,,1,105,,39739,7,,,1,170,,39738,7,,,1,1130,,39736,7,,,1,100,,39737,7,,,1,100,,39735,7,,,1,100,,39734,7,,,1
90500,'KP:321:0:Weekday:3:26SEP:12345',614,,39749,7,,,1,30,,39751,7,,,1,100,,39746,7,,,1,100,,39747,7,,,1,100,,39742,7,,,1,100,,39740,7,,,1,100,,39741,7,,,1,100,,39752,7,,,1,100,,39750,7,,,1,100,,39744,7,,,1,100,,39745,7,,,1,100,,39748,7,,,1,100,,39743,7,,,1
90501,'H:121:0:Weekday:3:26SEP:12345',1721,,39755,5,,,1,103,,39753,5,,,1,95,,39754,5,,,1,99,,39757,5,,,1,100,,39756,5,,,1
90501,'KP:321:0:Weekday:3:26SEP:12345',618,,39763,5,,,1,100,,39762,5,,,1,99,,39761,5,,,1,100,,39759,5,,,1,100,,39760,5,,,1,102,,39768,5,,,1,100,,39766,5,,,1,100,,39767,5,,,1,102,,39769,5,,,1,92,,39765,5,,,1,102,,39764,5,,,1,36,,39758,5,,,1,96,,39770,5,,,1
90701,'H:121:0:Weekday:3:26SEP:12345',1509,,39776,11,,,1,26,,39777,11,,,1,77,,39778,11,,,1,90,,39775,11,,,1
