20901,'H:111:6:Sunday:1:26SEP:1234567',800,,31468,15,,,1,100,,31467,15,,,1,100,,31479,15,,,1,100,,31471,15,,,1,101,,31476,15,,,1,100,,31469,15,,,1,100,,31470,15,,,1,100,,31477,15,,,1,99,,31472,15,,,1,100,,31475,15,,,1,100,,31473,15,,,1,100,,31474,15,,,1,100,,31478,15,,,1
20901,'H:111:6:Sunday:2:26SEP:1234567',800,,31481,15,,,1,100,,31480,15,,,1,100,,31492,15,,,1,100,,31484,15,,,1,101,,31489,15,,,1,100,,31482,15,,,1,100,,31483,15,,,1,100,,31490,15,,,1,99,,31485,15,,,1,100,,31488,15,,,1,100,,31486,15,,,1,100,,31487,15,,,1,100,,31491,15,,,1
20901,'H:121:0:Weekday:1:26SEP:12345',510,,31506,15,,,1,101,,31493,15,,,1,100,,31496,15,,,1,101,,31494,15,,,1,100,,31498,15,,,1,99,,31495,15,,,1,101,,31497,15,,,1,92,,31499,15,,,1,100,,31500,15,,,1,100,,31501,15,,,1,102,,31502,15,,,1,100,,31509,15,,,1,102,,31508,15,,,1,99,,31507,15,,,1,99,,31503,15,,,1,105,,31504,15,,,1,100,,31505,15,,,1,100,,31510,15,,,1
20901,'H:121:0:Weekday:2:26SEP:12345',510,,31524,15,,,1,101,,31511,15,,,1,100,,31514,15,,,1,101,,31512,15,,,1,100,,31516,15,,,1,99,,31513,15,,,1,101,,31515,15,,,1,92,,31517,15,,,1,100,,31518,15,,,1,100,,31519,15,,,1,102,,31520,15,,,1,100,,31527,15,,,1,102,,31526,15,,,1,99,,31525,15,,,1,99,,31521,15,,,1,105,,31522,15,,,1,100,,31523,15,,,1,100,,31528,15,,,1
20901,'H:171:5:Saturday:1:26SEP:6',701,,31531,15,,,1,100,,31529,15,,,1,100,,31542,15,,,1,100,,31536,15,,,1,101,,31540,15,,,1,100,,31532,15,,,1,101,,31530,15,,,1,100,,31543,15,,,1,100,,31535,15,,,1,99,,31538,15,,,1,100,,31534,15,,,1,100,,31533,15,,,1,99,,31541,15,,,1,100,,31537,15,,,1,100,,31539,15,,,1
20901,'H:171:5:Saturday:2:26SEP:6',701,,31546,15,,,1,100,,31544,15,,,1,100,,31557,15,,,1,100,,31551,15,,,1,101,,31555,15,,,1,100,,31547,15,,,1,101,,31545,15,,,1,100,,31558,15,,,1,100,,31550,15,,,1,99,,31553,15,,,1,100,,31549,15,,,1,100,,31548,15,,,1,99,,31556,15,,,1,100,,31552,15,,,1,100,,31554,15,,,1
22201,'H:111:6:Sunday:1:26SEP:1234567',732,,31851,40,,,1,90,,31854,40,,,1,90,,31852,40,,,1,91,,31855,40,,,1,51,,31853,40,,,1,90,,31856,40,,,1,92,,31857,40,,,1,91,,31860,40,,,1,90,,31861,40,,,1,90,,31858,40,,,1,50,,31862,40,,,1,90,,31863,40,,,1,90,,31864,40,,,1,89,,31859,40,,,1,90,,31865,40,,,1
22201,'H:111:6:Sunday:2:26SEP:1234567',732,,31866,40,,,1,90,,31869,40,,,1,90,,31867,40,,,1,91,,31870,40,,,1,51,,31868,40,,,1,90,,31871,40,,,1,92,,31872,40,,,1,91,,31875,40,,,1,90,,31876,40,,,1,90,,31873,40,,,1,50,,31877,40,,,1,90,,31878,40,,,1,90,,31879,40,,,1,89,,31874,40,,,1,90,,31880,40,,,1
22201,'H:121:0:Weekday:1:26SEP:12345',629,,31882,40,,,1,87,,31883,40,,,1,94,,31884,40,,,1,90,,31885,40,,,1,49,,31886,40,,,1,90,,31887,40,,,1,91,,31888,40,,,1,91,,31889,40,,,1,90,,31890,40,,,1,91,,31891,40,,,1,50,,31893,40,,,1,93,,31894,40,,,1,88,,31895,40,,,1,90,,31892,40,,,1,87,,31881,40,,,1,48,,31896,40,,,1,90,,31897,40,,,1,88,,31898,40,,,1,90,,31899,40,,,1
22201,'H:121:0:Weekday:2:26SEP:12345',629,,31901,40,,,1,87,,31902,40,,,1,94,,31903,40,,,1,90,,31904,40,,,1,49,,31905,40,,,1,90,,31906,40,,,1,91,,31907,40,,,1,91,,31908,40,,,1,90,,31909,40,,,1,91,,31910,40,,,1,50,,31912,40,,,1,93,,31913,40,,,1,88,,31914,40,,,1,90,,31911,40,,,1,87,,31900,40,,,1,48,,31915,40,,,1,90,,31916,40,,,1,88,,31917,40,,,1,90,,31918,40,,,1
22201,'H:171:5:Saturday:1:26SEP:6',733,,31922,40,,,1,90,,31923,40,,,1,91,,31924,40,,,1,90,,31925,40,,,1,50,,31926,40,,,1,90,,31927,40,,,1,91,,31928,40,,,1,91,,31930,40,,,1,91,,31932,40,,,1,90,,31929,40,,,1,50,,31933,40,,,1,90,,31931,40,,,1,90,,31934,40,,,1,90,,31935,40,,,1,90,,31936,40,,,1,89,,31919,40,,,1,49,,31920,40,,,1,90,,31921,40,,,1
22201,'H:171:5:Saturday:2:26SEP:6',733,,31940,40,,,1,90,,31941,40,,,1,91,,31942,40,,,1,90,,31943,40,,,1,50,,31944,40,,,1,90,,31945,40,,,1,91,,31946,40,,,1,91,,31948,40,,,1,91,,31950,40,,,1,90,,31947,40,,,1,50,,31951,40,,,1,90,,31949,40,,,1,90,,31952,40,,,1,90,,31953,40,,,1,90,,31954,40,,,1,89,,31937,40,,,1,49,,31938,40,,,1,90,,31939,40,,,1
