10600,'H:111:6:Sunday:1:26SEP:1234567',709,,28226,32,,,1,101,,28213,32,,,1,101,,28214,32,,,1,101,,28215,32,,,1,101,,28216,32,,,1,100,,28217,32,,,1,101,,28218,32,,,1,101,,28219,32,,,1,100,,28221,32,,,1,98,,28220,32,,,1,100,,28222,32,,,1,100,,28223,32,,,1,99,,28224,32,,,1,99,,28225,32,,,1,99,,28227,32,,,1
10600,'H:111:6:Sunday:2:26SEP:1234567',709,,28241,32,,,1,101,,28228,32,,,1,101,,28229,32,,,1,101,,28230,32,,,1,101,,28231,32,,,1,100,,28232,32,,,1,101,,28233,32,,,1,101,,28234,32,,,1,100,,28236,32,,,1,98,,28235,32,,,1,100,,28237,32,,,1,100,,28238,32,,,1,99,,28239,32,,,1,99,,28240,32,,,1,99,,28242,32,,,1
10600,'H:121:0:Weekday:1:26SEP:12345',523,,28243,32,,,1,103,,28244,32,,,1,100,,28245,32,,,1,104,,28246,32,,,1,100,,28247,32,,,1,99,,28248,32,,,1,100,,28249,32,,,1,100,,28250,32,,,1,101,,28251,32,,,1,102,,28252,32,,,1,100,,28253,32,,,1,102,,28254,32,,,1,100,,28255,32,,,1,96,,28256,32,,,1,97,,28257,32,,,1,98,,28258,32,,,1,100,,28259,32,,,1
10600,'H:121:0:Weekday:2:26SEP:12345',523,,28260,32,,,1,103,,28261,32,,,1,100,,28262,32,,,1,104,,28263,32,,,1,100,,28264,32,,,1,99,,28265,32,,,1,100,,28266,32,,,1,100,,28267,32,,,1,101,,28268,32,,,1,102,,28269,32,,,1,100,,28270,32,,,1,102,,28271,32,,,1,100,,28272,32,,,1,96,,28273,32,,,1,97,,28274,32,,,1,98,,28275,32,,,1,100,,28276,32,,,1
10600,'H:171:5:Saturday:1:26SEP:6',608,,28290,32,,,1,100,,28291,32,,,1,102,,28277,32,,,1,101,,28278,32,,,1,102,,28279,32,,,1,101,,28280,32,,,1,100,,28281,32,,,1,101,,28282,32,,,1,100,,28284,32,,,1,100,,28285,32,,,1,99,,28287,32,,,1,100,,28283,32,,,1,100,,28288,32,,,1,99,,28289,32,,,1,98,,28286,32,,,1,99,,28292,32,,,1,100,,28293,32,,,1
10600,'H:171:5:Saturday:2:26SEP:6',608,,28307,32,,,1,100,,28308,32,,,1,102,,28294,32,,,1,101,,28295,32,,,1,102,,28296,32,,,1,101,,28297,32,,,1,100,,28298,32,,,1,101,,28299,32,,,1,100,,28301,32,,,1,100,,28302,32,,,1,99,,28304,32,,,1,100,,28300,32,,,1,100,,28305,32,,,1,99,,28306,32,,,1,98,,28303,32,,,1,99,,28309,32,,,1,100,,28310,32,,,1
12100,'H:111:6:Sunday:1:26SEP:1234567',708,,30007,14,,,1,101,,30008,14,,,1,102,,30009,14,,,1,100,,30010,14,,,1,101,,30011,14,,,1,100,,30012,14,,,1,101,,30013,14,,,1,100,,30014,14,,,1,100,,30015,14,,,1,99,,30016,14,,,1,100,,30017,14,,,1,100,,30018,14,,,1,99,,30019,14,,,1,100,,30020,14,,,1
12100,'H:111:6:Sunday:2:26SEP:1234567',708,,30021,14,,,1,101,,30022,14,,,1,102,,30023,14,,,1,100,,30024,14,,,1,101,,30025,14,,,1,100,,30026,14,,,1,101,,30027,14,,,1,100,,30028,14,,,1,100,,30029,14,,,1,99,,30030,14,,,1,100,,30031,14,,,1,100,,30032,14,,,1,99,,30033,14,,,1,100,,30034,14,,,1
12100,'H:121:0:Weekday:1:26SEP:12345',538,,30053,14,,,1,66,,30051,14,,,1,25,,30058,14,,,1,27,,30052,14,,,1,65,,30057,14,,,1,26,,30049,14,,,1,66,,30054,14,,,1,30,,30059,14,,,1,64,,30061,14,,,1,30,,30055,14,,,1,95,,30056,14,,,1,90,,30050,14,,,1,90,,30042,14,,,1,90,,30048,14,,,1,50,,30040,14,,,1,95,,30046,14,,,1,72,,30062,14,,,1,30,,30047,14,,,1,73,,30043,14,,,1,31,,30045,14,,,1,77,,30044,14,,,1,74,,30041,14,,,1,25,,30035,14,,,1,29,,30060,14,,,1,74,,30039,14,,,1,98,,30038,14,,,1,100,,30036,14,,,1,99,,30037,14,,,1
12100,'H:121:0:Weekday:2:26SEP:12345',538,,30081,14,,,1,66,,30079,14,,,1,25,,30086,14,,,1,27,,30080,14,,,1,65,,30085,14,,,1,26,,30077,14,,,1,66,,30082,14,,,1,30,,30087,14,,,1,64,,30089,14,,,1,30,,30083,14,,,1,95,,30084,14,,,1,90,,30078,14,,,1,90,,30070,14,,,1,90,,30076,14,,,1,50,,30068,14,,,1,95,,30074,14,,,1,72,,30090,14,,,1,30,,30075,14,,,1,73,,30071,14,,,1,31,,30073,14,,,1,77,,30072,14,,,1,74,,30069,14,,,1,25,,30063,14,,,1,29,,30088,14,,,1,74,,30067,14,,,1,98,,30066,14,,,1,100,,30064,14,,,1,99,,30065,14,,,1
12100,'H:171:5:Saturday:1:26SEP:6',608,,30092,14,,,1,100,,30093,14,,,1,102,,30094,14,,,1,101,,30091,14,,,1,100,,30095,14,,,1,101,,30096,14,,,1,100,,30097,14,,,1,100,,30098,14,,,1,100,,30099,14,,,1,101,,30100,14,,,1,100,,30101,14,,,1,100,,30102,14,,,1,99,,30103,14,,,1,100,,30104,14,,,1,99,,30105,14,,,1
12100,'H:171:5:Saturday:2:26SEP:6',608,,30107,14,,,1,100,,30108,14,,,1,102,,30109,14,,,1,101,,30106,14,,,1,100,,30110,14,,,1,101,,30111,14,,,1,100,,30112,14,,,1,100,,30113,14,,,1,100,,30114,14,,,1,101,,30115,14,,,1,100,,30116,14,,,1,100,,30117,14,,,1,99,,30118,14,,,1,100,,30119,14,,,1,99,,30120,14,,,1
