20100,'H:111:6:Sunday:1:26SEP:1234567',750,,30758,25,,,1,100,,30760,25,,,1,100,,30761,25,,,1,80,,30759,25,,,1,80,,30762,25,,,1,40,,30757,25,,,1,79,,30763,25,,,1,80,,30764,25,,,1,40,,30765,25,,,1,80,,30766,25,,,1,80,,30768,25,,,1,40,,30769,25,,,1,80,,30770,25,,,1,80,,30772,25,,,1,40,,30773,25,,,1,80,,30774,25,,,1,80,,30775,25,,,1,40,,30776,25,,,1,100,,30767,25,,,1,101,,30771,25,,,1
20100,'H:111:6:Sunday:2:26SEP:1234567',750,,30778,25,,,1,100,,30780,25,,,1,100,,30781,25,,,1,80,,30779,25,,,1,80,,30782,25,,,1,40,,30777,25,,,1,79,,30783,25,,,1,80,,30784,25,,,1,40,,30785,25,,,1,80,,30786,25,,,1,80,,30788,25,,,1,40,,30789,25,,,1,80,,30790,25,,,1,80,,30792,25,,,1,40,,30793,25,,,1,80,,30794,25,,,1,80,,30795,25,,,1,40,,30796,25,,,1,100,,30787,25,,,1,101,,30791,25,,,1
20100,'H:121:0:Weekday:1:26SEP:12345',525,,30800,25,,,1,79,,30810,25,,,1,35,,30817,25,,,1,70,,30801,25,,,1,229,,30816,25,,,1,70,,30811,25,,,1,229,,30806,25,,,1,70,,30814,25,,,1,130,,30807,25,,,1,100,,30808,25,,,1,70,,30809,25,,,1,30,,30813,25,,,1,70,,30815,25,,,1,101,,30802,25,,,1,101,,30797,25,,,1,30,,30812,25,,,1,70,,30798,25,,,1,30,,30799,25,,,1,71,,30803,25,,,1,30,,30804,25,,,1,90,,30805,25,,,1
20100,'H:121:0:Weekday:2:26SEP:12345',525,,30821,25,,,1,79,,30831,25,,,1,35,,30838,25,,,1,70,,30822,25,,,1,229,,30837,25,,,1,70,,30832,25,,,1,229,,30827,25,,,1,70,,30835,25,,,1,130,,30828,25,,,1,100,,30829,25,,,1,70,,30830,25,,,1,30,,30834,25,,,1,70,,30836,25,,,1,101,,30823,25,,,1,101,,30818,25,,,1,30,,30833,25,,,1,70,,30819,25,,,1,30,,30820,25,,,1,71,,30824,25,,,1,30,,30825,25,,,1,90,,30826,25,,,1
20100,'H:171:5:Saturday:1:26SEP:6',650,,30851,25,,,1,100,,30841,25,,,1,99,,30850,25,,,1,100,,30842,25,,,1,80,,30843,25,,,1,79,,30848,25,,,1,40,,30849,25,,,1,80,,30840,25,,,1,80,,30852,25,,,1,40,,30844,25,,,1,79,,30839,25,,,1,80,,30853,25,,,1,40,,30845,25,,,1,80,,30847,25,,,1,80,,30856,25,,,1,40,,30857,25,,,1,81,,30858,25,,,1,81,,30855,25,,,1,40,,30859,25,,,1,100,,30846,25,,,1,100,,30854,25,,,1,100,,30860,25,,,1
20100,'H:171:5:Saturday:2:26SEP:6',650,,30873,25,,,1,100,,30863,25,,,1,99,,30872,25,,,1,100,,30864,25,,,1,80,,30865,25,,,1,79,,30870,25,,,1,40,,30871,25,,,1,80,,30862,25,,,1,80,,30874,25,,,1,40,,30866,25,,,1,79,,30861,25,,,1,80,,30875,25,,,1,40,,30867,25,,,1,80,,30869,25,,,1,80,,30878,25,,,1,40,,30879,25,,,1,81,,30880,25,,,1,81,,30877,25,,,1,40,,30881,25,,,1,100,,30868,25,,,1,100,,30876,25,,,1,100,,30882,25,,,1
20100,'KP:321:0:Weekday:1:26SEP:12345',738,,30889,25,,,1,69,,30883,25,,,1,31,,30884,25,,,1,70,,30890,25,,,1,129,,30891,25,,,1,70,,30892,25,,,1,30,,30893,25,,,1,70,,30894,25,,,1,130,,30888,25,,,1,70,,30895,25,,,1,100,,30885,25,,,1,230,,30886,25,,,1,101,,30887,25,,,1
20100,'KP:321:0:Weekday:2:26SEP:12345',738,,30902,25,,,1,69,,30896,25,,,1,31,,30897,25,,,1,70,,30903,25,,,1,129,,30904,25,,,1,70,,30905,25,,,1,30,,30906,25,,,1,70,,30907,25,,,1,130,,30901,25,,,1,70,,30908,25,,,1,100,,30898,25,,,1,230,,30899,25,,,1,101,,30900,25,,,1
20200,'H:111:6:Sunday:1:26SEP:1234567',620,,31078,35,,,1,100,,31071,35,,,1,100,,31058,35,,,1,99,,31057,35,,,1,90,,31059,35,,,1,40,,31060,35,,,1,80,,31061,35,,,1,80,,31064,35,,,1,40,,31062,35,,,1,80,,31065,35,,,1,80,,31063,35,,,1,39,,31067,35,,,1,80,,31066,35,,,1,80,,31068,35,,,1,40,,31072,35,,,1,80,,31073,35,,,1,81,,31074,35,,,1,40,,31075,35,,,1,80,,31076,35,,,1,91,,31069,35,,,1,100,,31070,35,,,1,100,,31077,35,,,1
20200,'H:111:6:Sunday:2:26SEP:1234567',620,,31100,35,,,1,100,,31093,35,,,1,100,,31080,35,,,1,99,,31079,35,,,1,90,,31081,35,,,1,40,,31082,35,,,1,80,,31083,35,,,1,80,,31086,35,,,1,40,,31084,35,,,1,80,,31087,35,,,1,80,,31085,35,,,1,39,,31089,35,,,1,80,,31088,35,,,1,80,,31090,35,,,1,40,,31094,35,,,1,80,,31095,35,,,1,81,,31096,35,,,1,40,,31097,35,,,1,80,,31098,35,,,1,91,,31091,35,,,1,100,,31092,35,,,1,100,,31099,35,,,1
20200,'H:121:0:Weekday:1:26SEP:12345',505,,31117,35,,,1,119,,31104,35,,,1,198,,31105,35,,,1,31,,31106,35,,,1,70,,31114,35,,,1,30,,31118,35,,,1,199,,31116,35,,,1,70,,31115,35,,,1,230,,31113,35,,,1,100,,31107,35,,,1,100,,31108,35,,,1,200,,31102,35,,,1,71,,31101,35,,,1,101,,31103,35,,,1,30,,31110,35,,,1,71,,31111,35,,,1,75,,31112,35,,,1
20200,'H:121:0:Weekday:2:26SEP:12345',505,,31135,35,,,1,119,,31122,35,,,1,198,,31123,35,,,1,31,,31124,35,,,1,70,,31132,35,,,1,30,,31136,35,,,1,199,,31134,35,,,1,70,,31133,35,,,1,230,,31131,35,,,1,100,,31125,35,,,1,100,,31126,35,,,1,200,,31120,35,,,1,71,,31119,35,,,1,101,,31121,35,,,1,30,,31128,35,,,1,71,,31129,35,,,1,75,,31130,35,,,1
20200,'H:171:5:Saturday:1:26SEP:6',520,,31160,35,,,1,30,,31154,35,,,1,70,,31138,35,,,1,100,,31139,35,,,1,100,,31150,35,,,1,99,,31144,35,,,1,90,,31137,35,,,1,40,,31140,35,,,1,80,,31148,35,,,1,79,,31142,35,,,1,40,,31141,35,,,1,80,,31143,35,,,1,80,,31151,35,,,1,40,,31145,35,,,1,80,,31146,35,,,1,80,,31147,35,,,1,40,,31155,35,,,1,80,,31156,35,,,1,81,,31157,35,,,1,40,,31158,35,,,1,80,,31159,35,,,1,90,,31152,35,,,1,100,,31149,35,,,1,101,,31153,35,,,1
20200,'H:171:5:Saturday:2:26SEP:6',520,,31184,35,,,1,30,,31178,35,,,1,70,,31162,35,,,1,100,,31163,35,,,1,100,,31174,35,,,1,99,,31168,35,,,1,90,,31161,35,,,1,40,,31164,35,,,1,80,,31172,35,,,1,79,,31166,35,,,1,40,,31165,35,,,1,80,,31167,35,,,1,80,,31175,35,,,1,40,,31169,35,,,1,80,,31170,35,,,1,80,,31171,35,,,1,40,,31179,35,,,1,80,,31180,35,,,1,81,,31181,35,,,1,40,,31182,35,,,1,80,,31183,35,,,1,90,,31176,35,,,1,100,,31173,35,,,1,101,,31177,35,,,1
20200,'KP:321:0:Weekday:1:26SEP:12345',545,,31186,35,,,1,109,,31188,35,,,1,69,,31196,35,,,1,29,,31201,35,,,1,271,,31197,35,,,1,30,,31198,35,,,1,69,,31200,35,,,1,130,,31193,35,,,1,70,,31199,35,,,1,30,,31195,35,,,1,70,,31189,35,,,1,100,,31194,35,,,1,100,,31190,35,,,1,100,,31191,35,,,1,30,,31192,35,,,1,70,,31187,35,,,1,132,,31185,35,,,1
20200,'KP:321:0:Weekday:2:26SEP:12345',545,,31203,35,,,1,109,,31205,35,,,1,69,,31213,35,,,1,29,,31218,35,,,1,271,,31214,35,,,1,30,,31215,35,,,1,69,,31217,35,,,1,130,,31210,35,,,1,70,,31216,35,,,1,30,,31212,35,,,1,70,,31206,35,,,1,100,,31211,35,,,1,100,,31207,35,,,1,100,,31208,35,,,1,30,,31209,35,,,1,70,,31204,35,,,1,132,,31202,35,,,1
