11901,'H:111:6:Sunday:1:26SEP:1234567',807,,29646,4,,,1,100,,29643,4,,,1,100,,29644,4,,,1,100,,29647,4,,,1,101,,29645,4,,,1,100,,29648,4,,,1,100,,29649,4,,,1,100,,29650,4,,,1,100,,29651,4,,,1,100,,29652,4,,,1,99,,29653,4,,,1,100,,29654,4,,,1,100,,29655,4,,,1
11901,'H:111:6:Sunday:2:26SEP:1234567',807,,29659,4,,,1,100,,29656,4,,,1,100,,29657,4,,,1,100,,29660,4,,,1,101,,29658,4,,,1,100,,29661,4,,,1,100,,29662,4,,,1,100,,29663,4,,,1,100,,29664,4,,,1,100,,29665,4,,,1,99,,29666,4,,,1,100,,29667,4,,,1,100,,29668,4,,,1
11901,'H:121:0:Weekday:1:26SEP:12345',547,,29697,4,,,1,70,,29685,4,,,1,30,,29669,4,,,1,75,,29686,4,,,1,30,,29672,4,,,1,70,,29687,4,,,1,30,,29670,4,,,1,70,,29691,4,,,1,30,,29671,4,,,1,71,,29692,4,,,1,30,,29674,4,,,1,70,,29693,4,,,1,30,,29673,4,,,1,70,,29694,4,,,1,30,,29675,4,,,1,70,,29695,4,,,1,35,,29678,4,,,1,65,,29696,4,,,1,30,,29679,4,,,1,70,,29688,4,,,1,30,,29677,4,,,1,70,,29689,4,,,1,30,,29681,4,,,1,70,,29690,4,,,1,30,,29680,4,,,1,100,,29676,4,,,1,99,,29684,4,,,1,100,,29682,4,,,1,100,,29683,4,,,1
11901,'H:121:0:Weekday:2:26SEP:12345',547,,29726,4,,,1,70,,29714,4,,,1,30,,29698,4,,,1,75,,29715,4,,,1,30,,29701,4,,,1,70,,29716,4,,,1,30,,29699,4,,,1,70,,29720,4,,,1,30,,29700,4,,,1,71,,29721,4,,,1,30,,29703,4,,,1,70,,29722,4,,,1,30,,29702,4,,,1,70,,29723,4,,,1,30,,29704,4,,,1,70,,29724,4,,,1,35,,29707,4,,,1,65,,29725,4,,,1,30,,29708,4,,,1,70,,29717,4,,,1,30,,29706,4,,,1,70,,29718,4,,,1,30,,29710,4,,,1,70,,29719,4,,,1,30,,29709,4,,,1,100,,29705,4,,,1,99,,29713,4,,,1,100,,29711,4,,,1,100,,29712,4,,,1
11901,'H:171:5:Saturday:1:26SEP:6',607,,29730,4,,,1,100,,29731,4,,,1,100,,29727,4,,,1,100,,29729,4,,,1,101,,29732,4,,,1,100,,29734,4,,,1,100,,29728,4,,,1,100,,29737,4,,,1,100,,29733,4,,,1,100,,29738,4,,,1,100,,29735,4,,,1,100,,29741,4,,,1,100,,29742,4,,,1,99,,29736,4,,,1,100,,29739,4,,,1,100,,29740,4,,,1
11901,'H:171:5:Saturday:2:26SEP:6',607,,29746,4,,,1,100,,29747,4,,,1,100,,29743,4,,,1,100,,29745,4,,,1,101,,29748,4,,,1,100,,29750,4,,,1,100,,29744,4,,,1,100,,29753,4,,,1,100,,29749,4,,,1,100,,29754,4,,,1,100,,29751,4,,,1,100,,29757,4,,,1,100,,29758,4,,,1,99,,29752,4,,,1,100,,29755,4,,,1,100,,29756,4,,,1
13001,'H:111:6:Sunday:1:26SEP:1234567',710,,30377,38,,,1,100,,30363,38,,,1,99,,30364,38,,,1,100,,30365,38,,,1,99,,30366,38,,,1,105,,30367,38,,,1,99,,30368,38,,,1,100,,30369,38,,,1,99,,30370,38,,,1,100,,30371,38,,,1,101,,30372,38,,,1,100,,30374,38,,,1,96,,30373,38,,,1,96,,30375,38,,,1,100,,30376,38,,,1
13001,'H:111:6:Sunday:2:26SEP:1234567',710,,30392,38,,,1,100,,30378,38,,,1,99,,30379,38,,,1,100,,30380,38,,,1,99,,30381,38,,,1,105,,30382,38,,,1,99,,30383,38,,,1,100,,30384,38,,,1,99,,30385,38,,,1,100,,30386,38,,,1,101,,30387,38,,,1,100,,30389,38,,,1,96,,30388,38,,,1,96,,30390,38,,,1,100,,30391,38,,,1
13001,'H:121:0:Weekday:1:26SEP:12345',454,,30415,38,,,1,69,,30417,38,,,1,29,,30400,38,,,1,70,,30418,38,,,1,30,,30401,38,,,1,69,,30394,38,,,1,30,,30402,38,,,1,70,,30396,38,,,1,30,,30403,38,,,1,70,,30419,38,,,1,31,,30393,38,,,1,70,,30420,38,,,1,30,,30411,38,,,1,69,,30421,38,,,1,30,,30409,38,,,1,70,,30422,38,,,1,30,,30407,38,,,1,70,,30423,38,,,1,29,,30408,38,,,1,70,,30424,38,,,1,29,,30410,38,,,1,69,,30405,38,,,1,30,,30414,38,,,1,70,,30406,38,,,1,31,,30413,38,,,1,70,,30395,38,,,1,30,,30404,38,,,1,70,,30397,38,,,1,32,,30412,38,,,1,101,,30398,38,,,1,105,,30399,38,,,1,96,,30416,38,,,1
13001,'H:121:0:Weekday:2:26SEP:12345',454,,30447,38,,,1,69,,30449,38,,,1,29,,30432,38,,,1,70,,30450,38,,,1,30,,30433,38,,,1,69,,30426,38,,,1,30,,30434,38,,,1,70,,30428,38,,,1,30,,30435,38,,,1,70,,30451,38,,,1,31,,30425,38,,,1,70,,30452,38,,,1,30,,30443,38,,,1,69,,30453,38,,,1,30,,30441,38,,,1,70,,30454,38,,,1,30,,30439,38,,,1,70,,30455,38,,,1,29,,30440,38,,,1,70,,30456,38,,,1,29,,30442,38,,,1,69,,30437,38,,,1,30,,30446,38,,,1,70,,30438,38,,,1,31,,30445,38,,,1,70,,30427,38,,,1,30,,30436,38,,,1,70,,30429,38,,,1,32,,30444,38,,,1,101,,30430,38,,,1,105,,30431,38,,,1,96,,30448,38,,,1
13001,'H:171:5:Saturday:1:26SEP:6',609,,30473,38,,,1,100,,30457,38,,,1,100,,30458,38,,,1,99,,30459,38,,,1,100,,30460,38,,,1,98,,30461,38,,,1,105,,30462,38,,,1,100,,30463,38,,,1,100,,30464,38,,,1,101,,30465,38,,,1,100,,30466,38,,,1,100,,30467,38,,,1,100,,30468,38,,,1,96,,30469,38,,,1,95,,30470,38,,,1,100,,30471,38,,,1,100,,30472,38,,,1
13001,'H:171:5:Saturday:2:26SEP:6',609,,30490,38,,,1,100,,30474,38,,,1,100,,30475,38,,,1,99,,30476,38,,,1,100,,30477,38,,,1,98,,30478,38,,,1,105,,30479,38,,,1,100,,30480,38,,,1,100,,30481,38,,,1,101,,30482,38,,,1,100,,30483,38,,,1,100,,30484,38,,,1,100,,30485,38,,,1,96,,30486,38,,,1,95,,30487,38,,,1,100,,30488,38,,,1,100,,30489,38,,,1
