28000,'H:111:6:Sunday:1:26SEP:1234567',832,,32347,48,,,1,102,,32348,48,,,1,100,,32349,48,,,1,100,,32350,48,,,1,101,,32358,48,,,1,100,,32352,48,,,1,100,,32351,48,,,1,100,,32353,48,,,1,100,,32354,48,,,1,100,,32355,48,,,1,100,,32359,48,,,1,99,,32357,48,,,1,99,,32356,48,,,1
28000,'H:111:6:Sunday:2:26SEP:1234567',832,,32360,48,,,1,102,,32361,48,,,1,100,,32362,48,,,1,100,,32363,48,,,1,101,,32371,48,,,1,100,,32365,48,,,1,100,,32364,48,,,1,100,,32366,48,,,1,100,,32367,48,,,1,100,,32368,48,,,1,100,,32372,48,,,1,99,,32370,48,,,1,99,,32369,48,,,1
28000,'H:121:0:Weekday:1:26SEP:12345',524,,32388,48,,,1,116,,32390,48,,,1,109,,32373,48,,,1,68,,32389,25,,,1,29,,32374,48,,,1,70,,32375,25,,,1,230,,32376,48,,,1,201,,32377,48,,,1,78,,32378,25,,,1,102,,32379,25,,,1,22,,32380,48,,,1,100,,32381,48,,,1,75,,32382,25,,,1,23,,32383,48,,,1,100,,32384,48,,,1,97,,32385,48,,,1,99,,32386,48,,,1,100,,32387,48,,,1
28000,'H:121:0:Weekday:2:26SEP:12345',524,,32406,48,,,1,116,,32408,48,,,1,109,,32391,48,,,1,68,,32407,25,,,1,29,,32392,48,,,1,70,,32393,25,,,1,230,,32394,48,,,1,201,,32395,48,,,1,78,,32396,25,,,1,102,,32397,25,,,1,22,,32398,48,,,1,100,,32399,48,,,1,75,,32400,25,,,1,23,,32401,48,,,1,100,,32402,48,,,1,97,,32403,48,,,1,99,,32404,48,,,1,100,,32405,48,,,1
28000,'H:171:5:Saturday:1:26SEP:6',733,,32421,48,,,1,101,,32409,48,,,1,100,,32417,48,,,1,102,,32410,48,,,1,101,,32419,48,,,1,100,,32420,48,,,1,101,,32411,48,,,1,99,,32412,48,,,1,100,,32414,48,,,1,100,,32413,48,,,1,99,,32415,48,,,1,98,,32416,48,,,1,99,,32418,48,,,1,100,,32422,48,,,1
28000,'H:171:5:Saturday:2:26SEP:6',733,,32435,48,,,1,101,,32423,48,,,1,100,,32431,48,,,1,102,,32424,48,,,1,101,,32433,48,,,1,100,,32434,48,,,1,101,,32425,48,,,1,99,,32426,48,,,1,100,,32428,48,,,1,100,,32427,48,,,1,99,,32429,48,,,1,98,,32430,48,,,1,99,,32432,48,,,1,100,,32436,48,,,1
28000,'KP:321:0:Weekday:1:26SEP:12345',714,,32442,25,,,1,231,,32440,48,,,1,101,,32437,48,,,1,200,,32441,48,,,1,203,,32438,48,,,1,176,,32439,25,,,1
28000,'KP:321:0:Weekday:2:26SEP:12345',714,,32448,25,,,1,231,,32446,48,,,1,101,,32443,48,,,1,200,,32447,48,,,1,203,,32444,48,,,1,176,,32445,25,,,1
90300,'KP:321:0:Weekday:1:26SEP:12345',501,,35259,14,,,1,34,,35255,14,,,1,67,,35253,14,,,1,25,,35256,14,,,1,32,,35257,14,,,1,75,,35254,14,,,1,80,,35258,14,,,1
90300,'KP:321:0:Weekday:2:26SEP:12345',501,,35266,14,,,1,34,,35262,14,,,1,67,,35260,14,,,1,25,,35263,14,,,1,32,,35264,14,,,1,75,,35261,14,,,1,80,,35265,14,,,1
