10300,'H:111:6:Sunday:1:26SEP:1234567',647,,27933,35,,,1,98,,27934,35,,,1,99,,27935,35,,,1,99,,27936,35,,,1,99,,27937,35,,,1,99,,27938,35,,,1,99,,27939,35,,,1,100,,27941,35,,,1,100,,27942,35,,,1,100,,27943,35,,,1,101,,27940,35,,,1,100,,27944,35,,,1,101,,27946,35,,,1,102,,27947,35,,,1,101,,27948,35,,,1,101,,27945,35,,,1,102,,27949,35,,,1
10300,'H:111:6:Sunday:2:26SEP:1234567',647,,27950,35,,,1,98,,27951,35,,,1,99,,27952,35,,,1,99,,27953,35,,,1,99,,27954,35,,,1,99,,27955,35,,,1,99,,27956,35,,,1,100,,27958,35,,,1,100,,27959,35,,,1,100,,27960,35,,,1,101,,27957,35,,,1,100,,27961,35,,,1,101,,27963,35,,,1,102,,27964,35,,,1,101,,27965,35,,,1,101,,27962,35,,,1,102,,27966,35,,,1
10300,'H:121:0:Weekday:1:26SEP:12345',451,,27975,35,,,1,68,,27976,35,,,1,29,,27977,35,,,1,68,,27996,35,,,1,29,,27978,35,,,1,69,,27997,35,,,1,29,,27979,35,,,1,70,,27998,35,,,1,30,,27980,35,,,1,70,,27981,35,,,1,30,,27982,35,,,1,69,,27983,35,,,1,30,,27985,35,,,1,70,,27986,35,,,1,30,,27987,35,,,1,69,,27984,35,,,1,30,,27988,35,,,1,68,,27989,35,,,1,30,,27990,35,,,1,70,,27991,35,,,1,30,,27992,35,,,1,70,,28001,35,,,1,30,,27993,35,,,1,69,,27994,35,,,1,30,,27995,35,,,1,72,,27972,35,,,1,30,,27971,35,,,1,71,,27973,35,,,1,32,,27974,35,,,1,70,,27999,35,,,1,33,,27967,35,,,1,70,,28000,35,,,1,30,,27969,35,,,1,101,,27970,35,,,1,102,,27968,35,,,1
10300,'H:121:0:Weekday:2:26SEP:12345',451,,28010,35,,,1,68,,28011,35,,,1,29,,28012,35,,,1,68,,28031,35,,,1,29,,28013,35,,,1,69,,28032,35,,,1,29,,28014,35,,,1,70,,28033,35,,,1,30,,28015,35,,,1,70,,28016,35,,,1,30,,28017,35,,,1,69,,28018,35,,,1,30,,28020,35,,,1,70,,28021,35,,,1,30,,28022,35,,,1,69,,28019,35,,,1,30,,28023,35,,,1,68,,28024,35,,,1,30,,28025,35,,,1,70,,28026,35,,,1,30,,28027,35,,,1,70,,28036,35,,,1,30,,28028,35,,,1,69,,28029,35,,,1,30,,28030,35,,,1,72,,28007,35,,,1,30,,28006,35,,,1,71,,28008,35,,,1,32,,28009,35,,,1,70,,28034,35,,,1,33,,28002,35,,,1,70,,28035,35,,,1,30,,28004,35,,,1,101,,28005,35,,,1,102,,28003,35,,,1
10300,'H:171:5:Saturday:1:26SEP:6',644,,28037,35,,,1,100,,28038,35,,,1,98,,28039,35,,,1,100,,28040,35,,,1,99,,28041,35,,,1,98,,28042,35,,,1,100,,28043,35,,,1,100,,28044,35,,,1,100,,28045,35,,,1,100,,28046,35,,,1,100,,28047,35,,,1,100,,28048,35,,,1,102,,28049,35,,,1,101,,28050,35,,,1,101,,28051,35,,,1,101,,28052,35,,,1,102,,28053,35,,,1,100,,28054,35,,,1
10300,'H:171:5:Saturday:2:26SEP:6',644,,28055,35,,,1,100,,28056,35,,,1,98,,28057,35,,,1,100,,28058,35,,,1,99,,28059,35,,,1,98,,28060,35,,,1,100,,28061,35,,,1,100,,28062,35,,,1,100,,28063,35,,,1,100,,28064,35,,,1,100,,28065,35,,,1,100,,28066,35,,,1,102,,28067,35,,,1,101,,28068,35,,,1,101,,28069,35,,,1,101,,28070,35,,,1,102,,28071,35,,,1,100,,28072,35,,,1
11901,'H:111:6:Sunday:1:26SEP:1234567',827,,29646,37,,,1,102,,29643,37,,,1,100,,29644,37,,,1,101,,29647,37,,,1,101,,29645,37,,,1,100,,29648,37,,,1,100,,29649,37,,,1,100,,29650,37,,,1,100,,29651,37,,,1,99,,29652,37,,,1,99,,29653,37,,,1,100,,29654,37,,,1,99,,29655,37,,,1
11901,'H:111:6:Sunday:2:26SEP:1234567',827,,29659,37,,,1,102,,29656,37,,,1,100,,29657,37,,,1,101,,29660,37,,,1,101,,29658,37,,,1,100,,29661,37,,,1,100,,29662,37,,,1,100,,29663,37,,,1,100,,29664,37,,,1,99,,29665,37,,,1,99,,29666,37,,,1,100,,29667,37,,,1,99,,29668,37,,,1
11901,'H:121:0:Weekday:1:26SEP:12345',609,,29697,37,,,1,31,,29685,37,,,1,74,,29669,37,,,1,34,,29686,37,,,1,70,,29672,37,,,1,30,,29687,37,,,1,69,,29670,37,,,1,30,,29691,37,,,1,70,,29671,37,,,1,30,,29692,37,,,1,70,,29674,37,,,1,30,,29693,37,,,1,70,,29673,37,,,1,31,,29694,37,,,1,70,,29675,37,,,1,31,,29695,37,,,1,78,,29678,37,,,1,24,,29696,37,,,1,70,,29679,37,,,1,30,,29688,37,,,1,70,,29677,37,,,1,30,,29689,37,,,1,70,,29681,37,,,1,30,,29690,37,,,1,70,,29680,37,,,1,96,,29676,37,,,1,98,,29684,37,,,1,99,,29682,37,,,1,99,,29683,37,,,1
11901,'H:121:0:Weekday:2:26SEP:12345',609,,29726,37,,,1,31,,29714,37,,,1,74,,29698,37,,,1,34,,29715,37,,,1,70,,29701,37,,,1,30,,29716,37,,,1,69,,29699,37,,,1,30,,29720,37,,,1,70,,29700,37,,,1,30,,29721,37,,,1,70,,29703,37,,,1,30,,29722,37,,,1,70,,29702,37,,,1,31,,29723,37,,,1,70,,29704,37,,,1,31,,29724,37,,,1,78,,29707,37,,,1,24,,29725,37,,,1,70,,29708,37,,,1,30,,29717,37,,,1,70,,29706,37,,,1,30,,29718,37,,,1,70,,29710,37,,,1,30,,29719,37,,,1,70,,29709,37,,,1,96,,29705,37,,,1,98,,29713,37,,,1,99,,29711,37,,,1,99,,29712,37,,,1
11901,'H:171:5:Saturday:1:26SEP:6',627,,29730,37,,,1,100,,29731,37,,,1,100,,29727,37,,,1,103,,29729,37,,,1,101,,29732,37,,,1,100,,29734,37,,,1,100,,29728,37,,,1,101,,29737,37,,,1,100,,29733,37,,,1,100,,29738,37,,,1,100,,29735,37,,,1,101,,29741,37,,,1,100,,29742,37,,,1,97,,29736,37,,,1,100,,29739,37,,,1,98,,29740,37,,,1
11901,'H:171:5:Saturday:2:26SEP:6',627,,29746,37,,,1,100,,29747,37,,,1,100,,29743,37,,,1,103,,29745,37,,,1,101,,29748,37,,,1,100,,29750,37,,,1,100,,29744,37,,,1,101,,29753,37,,,1,100,,29749,37,,,1,100,,29754,37,,,1,100,,29751,37,,,1,101,,29757,37,,,1,100,,29758,37,,,1,97,,29752,37,,,1,100,,29755,37,,,1,98,,29756,37,,,1
