12101,'H:113:6:Sunday:3:26MAR:1234567',726,,23161,30,,,1,101,,23162,30,,,1,101,,23163,30,,,1,100,,23164,30,,,1,101,,23165,30,,,1,101,,23166,30,,,1,100,,23167,30,,,1,100,,23169,30,,,1,100,,23170,30,,,1,99,,23171,30,,,1,100,,23168,30,,,1,99,,23172,30,,,1,100,,23173,30,,,1,99,,23174,30,,,1
12101,'H:123:0:Weekday:3:26MAR:12345',524,,23192,30,,,1,30,,23175,30,,,1,67,,23190,30,,,1,25,,23195,30,,,1,66,,23199,30,,,1,26,,23197,30,,,1,67,,23200,30,,,1,25,,23189,30,,,1,29,,23183,30,,,1,96,,23191,30,,,1,95,,23193,30,,,1,90,,23194,30,,,1,90,,23184,30,,,1,90,,23185,30,,,1,91,,23196,30,,,1,96,,23178,30,,,1,33,,23187,30,,,1,72,,23198,30,,,1,32,,23181,30,,,1,74,,23179,30,,,1,30,,23186,30,,,1,67,,23176,30,,,1,33,,23177,30,,,1,68,,23188,30,,,1,29,,23202,30,,,1,93,,23180,30,,,1,99,,23182,30,,,1,99,,23201,30,,,1
12101,'H:123:0:Weekday:4:26MAR:12345',524,,23220,30,,,1,30,,23203,30,,,1,67,,23218,30,,,1,25,,23223,30,,,1,66,,23227,30,,,1,26,,23225,30,,,1,67,,23228,30,,,1,25,,23217,30,,,1,29,,23211,30,,,1,96,,23219,30,,,1,95,,23221,30,,,1,90,,23222,30,,,1,90,,23212,30,,,1,90,,23213,30,,,1,91,,23224,30,,,1,96,,23206,30,,,1,33,,23215,30,,,1,72,,23226,30,,,1,32,,23209,30,,,1,74,,23207,30,,,1,30,,23214,30,,,1,67,,23204,30,,,1,33,,23205,30,,,1,68,,23216,30,,,1,29,,23230,30,,,1,93,,23208,30,,,1,99,,23210,30,,,1,99,,23229,30,,,1
12101,'H:173:5:Saturday:3:26MAR:6',624,,23231,30,,,1,100,,23232,30,,,1,103,,23233,30,,,1,101,,23234,30,,,1,101,,23235,30,,,1,100,,23236,30,,,1,102,,23237,30,,,1,100,,23238,30,,,1,100,,23239,30,,,1,100,,23240,30,,,1,100,,23241,30,,,1,100,,23242,30,,,1,99,,23243,30,,,1,99,,23244,30,,,1,98,,23245,30,,,1
16600,'H:113:6:Sunday:3:26MAR:1234567',649,,23438,24,,,1,97,,23439,24,,,1,99,,23440,24,,,1,98,,23441,24,,,1,97,,23442,24,,,1,97,,23443,24,,,1,99,,23444,24,,,1,99,,23445,24,,,1,100,,23446,24,,,1,101,,23447,24,,,1,101,,23448,24,,,1,103,,23449,24,,,1,102,,23450,24,,,1,101,,23451,24,,,1,101,,23452,24,,,1,101,,23453,24,,,1
16600,'H:123:0:Weekday:3:26MAR:12345',456,,23476,24,,,1,70,,23465,24,,,1,26,,23474,24,,,1,70,,23464,24,,,1,28,,23477,24,,,1,69,,23459,24,,,1,29,,23469,24,,,1,71,,23458,24,,,1,99,,23457,24,,,1,100,,23456,24,,,1,100,,23455,24,,,1,29,,23466,24,,,1,197,,23471,24,,,1,99,,23470,24,,,1,99,,23468,24,,,1,69,,23462,24,,,1,29,,23467,24,,,1,173,,23454,24,,,1,31,,23473,24,,,1,74,,23461,24,,,1,32,,23460,24,,,1,100,,23463,24,,,1,102,,23472,24,,,1,103,,23475,24,,,1
16600,'H:123:0:Weekday:4:26MAR:12345',456,,23500,24,,,1,70,,23489,24,,,1,26,,23498,24,,,1,70,,23488,24,,,1,28,,23501,24,,,1,69,,23483,24,,,1,29,,23493,24,,,1,71,,23482,24,,,1,99,,23481,24,,,1,100,,23480,24,,,1,100,,23479,24,,,1,29,,23490,24,,,1,197,,23495,24,,,1,99,,23494,24,,,1,99,,23492,24,,,1,69,,23486,24,,,1,29,,23491,24,,,1,173,,23478,24,,,1,31,,23497,24,,,1,74,,23485,24,,,1,32,,23484,24,,,1,100,,23487,24,,,1,102,,23496,24,,,1,103,,23499,24,,,1
16600,'H:173:5:Saturday:3:26MAR:6',549,,23502,24,,,1,99,,23503,24,,,1,97,,23505,24,,,1,98,,23506,24,,,1,95,,23507,24,,,1,100,,23504,24,,,1,98,,23508,24,,,1,98,,23510,24,,,1,99,,23511,24,,,1,99,,23515,24,,,1,101,,23513,24,,,1,101,,23516,24,,,1,103,,23514,24,,,1,101,,23512,24,,,1,104,,23517,24,,,1,102,,23509,24,,,1,101,,23518,24,,,1
16600,'KP:323:0:Weekday:3:26MAR:12345',849,,23527,24,,,1,99,,23523,24,,,1,100,,23519,24,,,1,167,,23525,24,,,1,29,,23522,24,,,1,70,,23526,24,,,1,99,,23524,24,,,1,99,,23520,24,,,1,198,,23528,24,,,1,32,,23521,24,,,1
16600,'KP:323:0:Weekday:4:26MAR:12345',849,,23537,24,,,1,99,,23533,24,,,1,100,,23529,24,,,1,167,,23535,24,,,1,29,,23532,24,,,1,70,,23536,24,,,1,99,,23534,24,,,1,99,,23530,24,,,1,198,,23538,24,,,1,32,,23531,24,,,1
