20900,'H:111:6:Sunday:1:26SEP:1234567',831,,31385,35,,,1,102,,31379,35,,,1,101,,31377,35,,,1,102,,31389,35,,,1,102,,31381,35,,,1,102,,31387,35,,,1,101,,31378,35,,,1,102,,31380,35,,,1,101,,31388,35,,,1,100,,31383,35,,,1,99,,31384,35,,,1,96,,31382,35,,,1,99,,31386,35,,,1
20900,'H:111:6:Sunday:2:26SEP:1234567',831,,31398,35,,,1,102,,31392,35,,,1,101,,31390,35,,,1,102,,31402,35,,,1,102,,31394,35,,,1,102,,31400,35,,,1,101,,31391,35,,,1,102,,31393,35,,,1,101,,31401,35,,,1,100,,31396,35,,,1,99,,31397,35,,,1,96,,31395,35,,,1,99,,31399,35,,,1
20900,'H:121:0:Weekday:1:26SEP:12345',638,,31415,35,,,1,104,,31416,35,,,1,100,,31418,35,,,1,100,,31417,35,,,1,100,,31414,35,,,1,101,,31410,35,,,1,103,,31408,35,,,1,98,,31412,35,,,1,101,,31406,35,,,1,101,,31411,35,,,1,100,,31413,35,,,1,99,,31405,35,,,1,100,,31407,35,,,1,97,,31409,35,,,1,99,,31403,35,,,1,98,,31404,35,,,1,95,,31419,35,,,1
20900,'H:121:0:Weekday:2:26SEP:12345',638,,31432,35,,,1,104,,31433,35,,,1,100,,31435,35,,,1,100,,31434,35,,,1,100,,31431,35,,,1,101,,31427,35,,,1,103,,31425,35,,,1,98,,31429,35,,,1,101,,31423,35,,,1,101,,31428,35,,,1,100,,31430,35,,,1,99,,31422,35,,,1,100,,31424,35,,,1,97,,31426,35,,,1,99,,31420,35,,,1,98,,31421,35,,,1,95,,31436,35,,,1
20900,'H:171:5:Saturday:1:26SEP:6',733,,31446,35,,,1,100,,31439,35,,,1,102,,31437,35,,,1,103,,31449,35,,,1,100,,31442,35,,,1,103,,31448,35,,,1,100,,31440,35,,,1,102,,31438,35,,,1,101,,31451,35,,,1,101,,31443,35,,,1,99,,31447,35,,,1,98,,31441,35,,,1,97,,31444,35,,,1,99,,31450,35,,,1,98,,31445,35,,,1
20900,'H:171:5:Saturday:2:26SEP:6',733,,31461,35,,,1,100,,31454,35,,,1,102,,31452,35,,,1,103,,31464,35,,,1,100,,31457,35,,,1,103,,31463,35,,,1,100,,31455,35,,,1,102,,31453,35,,,1,101,,31466,35,,,1,101,,31458,35,,,1,99,,31462,35,,,1,98,,31456,35,,,1,97,,31459,35,,,1,99,,31465,35,,,1,98,,31460,35,,,1
28000,'H:111:6:Sunday:1:26SEP:1234567',822,,32347,34,,,1,101,,32348,34,,,1,100,,32349,34,,,1,100,,32350,34,,,1,101,,32358,34,,,1,100,,32352,34,,,1,100,,32351,34,,,1,100,,32353,34,,,1,100,,32354,34,,,1,100,,32355,34,,,1,100,,32359,34,,,1,99,,32357,34,,,1,100,,32356,34,,,1
28000,'H:111:6:Sunday:2:26SEP:1234567',822,,32360,34,,,1,101,,32361,34,,,1,100,,32362,34,,,1,100,,32363,34,,,1,101,,32371,34,,,1,100,,32365,34,,,1,100,,32364,34,,,1,100,,32366,34,,,1,100,,32367,34,,,1,100,,32368,34,,,1,100,,32372,34,,,1,99,,32370,34,,,1,100,,32369,34,,,1
28000,'H:121:0:Weekday:1:26SEP:12345',512,,32388,34,,,1,116,,32390,34,,,1,107,,32373,34,,,1,70,,32389,11,,,1,28,,32374,34,,,1,72,,32375,11,,,1,229,,32376,34,,,1,200,,32377,34,,,1,78,,32378,11,,,1,101,,32379,11,,,1,23,,32380,34,,,1,100,,32381,34,,,1,76,,32382,11,,,1,22,,32383,34,,,1,100,,32384,34,,,1,99,,32385,34,,,1,99,,32386,34,,,1,100,,32387,34,,,1
28000,'H:121:0:Weekday:2:26SEP:12345',512,,32406,34,,,1,116,,32408,34,,,1,107,,32391,34,,,1,70,,32407,11,,,1,28,,32392,34,,,1,72,,32393,11,,,1,229,,32394,34,,,1,200,,32395,34,,,1,78,,32396,11,,,1,101,,32397,11,,,1,23,,32398,34,,,1,100,,32399,34,,,1,76,,32400,11,,,1,22,,32401,34,,,1,100,,32402,34,,,1,99,,32403,34,,,1,99,,32404,34,,,1,100,,32405,34,,,1
28000,'H:171:5:Saturday:1:26SEP:6',722,,32421,34,,,1,100,,32409,34,,,1,100,,32417,34,,,1,102,,32410,34,,,1,101,,32419,34,,,1,100,,32420,34,,,1,101,,32411,34,,,1,99,,32412,34,,,1,100,,32414,34,,,1,100,,32413,34,,,1,99,,32415,34,,,1,99,,32416,34,,,1,99,,32418,34,,,1,100,,32422,34,,,1
28000,'H:171:5:Saturday:2:26SEP:6',722,,32435,34,,,1,100,,32423,34,,,1,100,,32431,34,,,1,102,,32424,34,,,1,101,,32433,34,,,1,100,,32434,34,,,1,101,,32425,34,,,1,99,,32426,34,,,1,100,,32428,34,,,1,100,,32427,34,,,1,99,,32429,34,,,1,99,,32430,34,,,1,99,,32432,34,,,1,100,,32436,34,,,1
28000,'KP:321:0:Weekday:1:26SEP:12345',702,,32442,11,,,1,231,,32440,34,,,1,101,,32437,34,,,1,200,,32441,34,,,1,202,,32438,34,,,1,176,,32439,11,,,1
28000,'KP:321:0:Weekday:2:26SEP:12345',702,,32448,11,,,1,231,,32446,34,,,1,101,,32443,34,,,1,200,,32447,34,,,1,202,,32444,34,,,1,176,,32445,11,,,1
