22001,'H:111:6:Sunday:1:26SEP:1234567',651,,31668,2,,,1,100,,31655,2,,,1,100,,31656,2,,,1,100,,31657,2,,,1,100,,31658,2,,,1,100,,31659,2,,,1,100,,31666,2,,,1,100,,31660,2,,,1,100,,31667,2,,,1,100,,31661,2,,,1,100,,31662,2,,,1,100,,31664,2,,,1,100,,31663,2,,,1,100,,31665,2,,,1
22001,'H:111:6:Sunday:2:26SEP:1234567',651,,31682,2,,,1,100,,31669,2,,,1,100,,31670,2,,,1,100,,31671,2,,,1,100,,31672,2,,,1,100,,31673,2,,,1,100,,31680,2,,,1,100,,31674,2,,,1,100,,31681,2,,,1,100,,31675,2,,,1,100,,31676,2,,,1,100,,31678,2,,,1,100,,31677,2,,,1,100,,31679,2,,,1
22001,'H:121:0:Weekday:1:26SEP:12345',451,,31699,2,,,1,100,,31697,2,,,1,100,,31683,2,,,1,100,,31685,2,,,1,100,,31684,2,,,1,105,,31687,2,,,1,100,,31686,2,,,1,100,,31689,2,,,1,100,,31688,2,,,1,100,,31690,2,,,1,100,,31691,2,,,1,100,,31692,2,,,1,100,,31693,2,,,1,100,,31695,2,,,1,95,,31694,2,,,1,100,,31696,2,,,1,100,,31698,2,,,1,100,,31700,2,,,1
22001,'H:121:0:Weekday:2:26SEP:12345',451,,31717,2,,,1,100,,31715,2,,,1,100,,31701,2,,,1,100,,31703,2,,,1,100,,31702,2,,,1,105,,31705,2,,,1,100,,31704,2,,,1,100,,31707,2,,,1,100,,31706,2,,,1,100,,31708,2,,,1,100,,31709,2,,,1,100,,31710,2,,,1,100,,31711,2,,,1,100,,31713,2,,,1,95,,31712,2,,,1,100,,31714,2,,,1,100,,31716,2,,,1,100,,31718,2,,,1
22001,'H:171:5:Saturday:1:26SEP:6',551,,31733,2,,,1,100,,31719,2,,,1,100,,31720,2,,,1,100,,31722,2,,,1,100,,31723,2,,,1,100,,31724,2,,,1,100,,31725,2,,,1,100,,31726,2,,,1,100,,31727,2,,,1,100,,31728,2,,,1,100,,31729,2,,,1,100,,31732,2,,,1,100,,31731,2,,,1,100,,31730,2,,,1,100,,31721,2,,,1,100,,31734,2,,,1
22001,'H:171:5:Saturday:2:26SEP:6',551,,31749,2,,,1,100,,31735,2,,,1,100,,31736,2,,,1,100,,31738,2,,,1,100,,31739,2,,,1,100,,31740,2,,,1,100,,31741,2,,,1,100,,31742,2,,,1,100,,31743,2,,,1,100,,31744,2,,,1,100,,31745,2,,,1,100,,31748,2,,,1,100,,31747,2,,,1,100,,31746,2,,,1,100,,31737,2,,,1,100,,31750,2,,,1
23001,'H:121:0:Weekday:1:26SEP:12345',541,,31959,2,,,1,1208,,31960,2,,,1
23001,'H:121:0:Weekday:2:26SEP:12345',541,,31961,2,,,1,1208,,31962,2,,,1
90701,'H:121:0:Weekday:1:26SEP:12345',1510,,35410,13,,,1,26,,35411,13,,,1,77,,35412,13,,,1,90,,35409,13,,,1
90701,'H:121:0:Weekday:2:26SEP:12345',1510,,35414,13,,,1,26,,35415,13,,,1,77,,35416,13,,,1,90,,35413,13,,,1
