10901,'H:113:6:Sunday:3:26MAR:1234567',752,,21974,5,,,1,100,,21986,5,,,1,100,,21978,5,,,1,100,,21983,5,,,1,100,,21975,5,,,1,100,,21976,5,,,1,100,,21984,5,,,1,100,,21979,5,,,1,100,,21982,5,,,1,100,,21977,5,,,1,100,,21980,5,,,1,100,,21985,5,,,1,100,,21981,5,,,1,100,,21987,5,,,1
10901,'H:123:0:Weekday:3:26MAR:12345',452,,21989,5,,,1,100,,21999,5,,,1,100,,22000,5,,,1,100,,22003,5,,,1,100,,22005,5,,,1,100,,21995,5,,,1,100,,21998,5,,,1,90,,21994,5,,,1,100,,21993,5,,,1,95,,22004,5,,,1,100,,21997,5,,,1,100,,21992,5,,,1,100,,22002,5,,,1,105,,21996,5,,,1,100,,22001,5,,,1,110,,21990,5,,,1,150,,21991,5,,,1,100,,21988,5,,,1
10901,'H:123:0:Weekday:4:26MAR:12345',452,,22007,5,,,1,100,,22017,5,,,1,100,,22018,5,,,1,100,,22021,5,,,1,100,,22023,5,,,1,100,,22013,5,,,1,100,,22016,5,,,1,90,,22012,5,,,1,100,,22011,5,,,1,95,,22022,5,,,1,100,,22015,5,,,1,100,,22010,5,,,1,100,,22020,5,,,1,105,,22014,5,,,1,100,,22019,5,,,1,110,,22008,5,,,1,150,,22009,5,,,1,100,,22006,5,,,1
10901,'H:173:5:Saturday:3:26MAR:6',652,,22024,5,,,1,100,,22037,5,,,1,100,,22030,5,,,1,100,,22035,5,,,1,100,,22026,5,,,1,100,,22025,5,,,1,100,,22038,5,,,1,100,,22029,5,,,1,100,,22033,5,,,1,100,,22027,5,,,1,100,,22028,5,,,1,100,,22036,5,,,1,100,,22031,5,,,1,100,,22034,5,,,1,100,,22032,5,,,1
20101,'H:113:6:Sunday:3:26MAR:1234567',712,,23762,6,,,1,100,,23748,6,,,1,100,,23750,6,,,1,90,,23751,6,,,1,40,,23753,6,,,1,80,,23754,6,,,1,80,,23752,6,,,1,39,,23749,6,,,1,80,,23756,6,,,1,80,,23757,6,,,1,40,,23758,6,,,1,80,,23759,6,,,1,80,,23755,6,,,1,40,,23763,6,,,1,80,,23764,6,,,1,80,,23765,6,,,1,40,,23766,6,,,1,80,,23767,6,,,1,91,,23760,6,,,1,100,,23761,6,,,1
20101,'H:123:0:Weekday:3:26MAR:12345',536,,23771,6,,,1,80,,23772,6,,,1,39,,23776,6,,,1,570,,23777,6,,,1,226,,23784,6,,,1,170,,23778,6,,,1,30,,23779,6,,,1,71,,23780,6,,,1,32,,23774,6,,,1,70,,23775,6,,,1,30,,23773,6,,,1,71,,23768,6,,,1,31,,23770,6,,,1,70,,23769,6,,,1,30,,23782,6,,,1,70,,23783,6,,,1,30,,23781,6,,,1
20101,'H:123:0:Weekday:4:26MAR:12345',536,,23788,6,,,1,80,,23789,6,,,1,39,,23793,6,,,1,570,,23794,6,,,1,226,,23801,6,,,1,170,,23795,6,,,1,30,,23796,6,,,1,71,,23797,6,,,1,32,,23791,6,,,1,70,,23792,6,,,1,30,,23790,6,,,1,71,,23785,6,,,1,31,,23787,6,,,1,70,,23786,6,,,1,30,,23799,6,,,1,70,,23800,6,,,1,30,,23798,6,,,1
20101,'H:173:5:Saturday:3:26MAR:6',712,,23808,6,,,1,100,,23802,6,,,1,100,,23803,6,,,1,89,,23814,6,,,1,39,,23807,6,,,1,80,,23804,6,,,1,80,,23805,6,,,1,40,,23816,6,,,1,80,,23810,6,,,1,80,,23806,6,,,1,40,,23809,6,,,1,80,,23815,6,,,1,80,,23812,6,,,1,40,,23818,6,,,1,80,,23819,6,,,1,80,,23820,6,,,1,41,,23821,6,,,1,80,,23822,6,,,1,90,,23813,6,,,1,101,,23811,6,,,1,100,,23817,6,,,1
20101,'KP:323:0:Weekday:3:26MAR:12345',725,,23837,6,,,1,30,,23838,6,,,1,70,,23833,6,,,1,30,,23823,6,,,1,70,,23835,6,,,1,30,,23830,6,,,1,70,,23827,6,,,1,30,,23836,6,,,1,70,,23832,6,,,1,30,,23824,6,,,1,100,,23831,6,,,1,70,,23826,6,,,1,28,,23829,6,,,1,69,,23834,6,,,1,99,,23825,6,,,1,30,,23828,6,,,1
20101,'KP:323:0:Weekday:4:26MAR:12345',725,,23853,6,,,1,30,,23854,6,,,1,70,,23849,6,,,1,30,,23839,6,,,1,70,,23851,6,,,1,30,,23846,6,,,1,70,,23843,6,,,1,30,,23852,6,,,1,70,,23848,6,,,1,30,,23840,6,,,1,100,,23847,6,,,1,70,,23842,6,,,1,28,,23845,6,,,1,69,,23850,6,,,1,99,,23841,6,,,1,30,,23844,6,,,1
20201,'H:113:6:Sunday:3:26MAR:1234567',622,,23987,6,,,1,120,,23968,6,,,1,100,,23969,6,,,1,100,,23971,6,,,1,80,,23972,6,,,1,80,,23970,6,,,1,40,,23974,6,,,1,79,,23973,6,,,1,80,,23975,6,,,1,40,,23976,6,,,1,80,,23977,6,,,1,80,,23979,6,,,1,40,,23978,6,,,1,80,,23980,6,,,1,80,,23982,6,,,1,40,,23983,6,,,1,80,,23984,6,,,1,80,,23985,6,,,1,40,,23986,6,,,1,101,,23981,6,,,1
20201,'H:123:0:Weekday:3:26MAR:12345',438,,23988,6,,,1,79,,23989,6,,,1,119,,24004,6,,,1,674,,23994,6,,,1,97,,24003,6,,,1,30,,23996,6,,,1,99,,23997,6,,,1,70,,23995,6,,,1,30,,23998,6,,,1,70,,23999,6,,,1,32,,24000,6,,,1,71,,24001,6,,,1,30,,24002,6,,,1,71,,23993,6,,,1,30,,23991,6,,,1,71,,23990,6,,,1,30,,24005,6,,,1,70,,24006,6,,,1,30,,24007,6,,,1,91,,23992,6,,,1
20201,'H:123:0:Weekday:4:26MAR:12345',438,,24008,6,,,1,79,,24009,6,,,1,119,,24024,6,,,1,674,,24014,6,,,1,97,,24023,6,,,1,30,,24016,6,,,1,99,,24017,6,,,1,70,,24015,6,,,1,30,,24018,6,,,1,70,,24019,6,,,1,32,,24020,6,,,1,71,,24021,6,,,1,30,,24022,6,,,1,71,,24013,6,,,1,30,,24011,6,,,1,71,,24010,6,,,1,30,,24025,6,,,1,70,,24026,6,,,1,30,,24027,6,,,1,91,,24012,6,,,1
20201,'H:173:5:Saturday:3:26MAR:6',552,,24049,6,,,1,70,,24042,6,,,1,120,,24033,6,,,1,100,,24035,6,,,1,100,,24041,6,,,1,79,,24030,6,,,1,79,,24029,6,,,1,40,,24038,6,,,1,80,,24039,6,,,1,80,,24031,6,,,1,40,,24028,6,,,1,80,,24032,6,,,1,80,,24034,6,,,1,40,,24036,6,,,1,80,,24037,6,,,1,80,,24044,6,,,1,40,,24045,6,,,1,80,,24046,6,,,1,81,,24047,6,,,1,40,,24048,6,,,1,100,,24040,6,,,1,101,,24043,6,,,1
20201,'KP:323:0:Weekday:3:26MAR:12345',556,,24061,6,,,1,154,,24062,6,,,1,30,,24059,6,,,1,70,,24064,6,,,1,30,,24052,6,,,1,70,,24055,6,,,1,30,,24057,6,,,1,70,,24060,6,,,1,30,,24063,6,,,1,70,,24058,6,,,1,30,,24050,6,,,1,70,,24053,6,,,1,30,,24056,6,,,1,99,,24054,6,,,1,167,,24051,6,,,1
20201,'KP:323:0:Weekday:4:26MAR:12345',556,,24076,6,,,1,154,,24077,6,,,1,30,,24074,6,,,1,70,,24079,6,,,1,30,,24067,6,,,1,70,,24070,6,,,1,30,,24072,6,,,1,70,,24075,6,,,1,30,,24078,6,,,1,70,,24073,6,,,1,30,,24065,6,,,1,70,,24068,6,,,1,30,,24071,6,,,1,99,,24069,6,,,1,167,,24066,6,,,1
