27100,'H:111:6:Sunday:1:26SEP:1234567',729,,32161,27,,,1,100,,32162,27,,,1,101,,32172,27,,,1,101,,32163,27,,,1,100,,32164,27,,,1,102,,32165,27,,,1,100,,32166,27,,,1,100,,32167,27,,,1,100,,32174,27,,,1,100,,32168,27,,,1,99,,32169,27,,,1,100,,32170,27,,,1,100,,32171,27,,,1,98,,32173,27,,,1
27100,'H:111:6:Sunday:2:26SEP:1234567',729,,32175,27,,,1,100,,32176,27,,,1,101,,32186,27,,,1,101,,32177,27,,,1,100,,32178,27,,,1,102,,32179,27,,,1,100,,32180,27,,,1,100,,32181,27,,,1,100,,32188,27,,,1,100,,32182,27,,,1,99,,32183,27,,,1,100,,32184,27,,,1,100,,32185,27,,,1,98,,32187,27,,,1
27100,'H:121:0:Weekday:1:26SEP:12345',641,,32198,13,,,1,102,,32189,13,,,1,104,,32190,27,,,1,101,,32191,27,,,1,100,,32199,27,,,1,199,,32192,27,,,1,203,,32193,27,,,1,199,,32194,27,,,1,197,,32195,27,,,1,198,,32196,27,,,1,100,,32197,27,,,1
27100,'H:121:0:Weekday:2:26SEP:12345',641,,32209,13,,,1,102,,32200,13,,,1,104,,32201,27,,,1,101,,32202,27,,,1,100,,32210,27,,,1,199,,32203,27,,,1,203,,32204,27,,,1,199,,32205,27,,,1,197,,32206,27,,,1,198,,32207,27,,,1,100,,32208,27,,,1
27100,'H:171:5:Saturday:1:26SEP:6',730,,32220,27,,,1,100,,32212,27,,,1,102,,32221,27,,,1,101,,32213,27,,,1,101,,32219,27,,,1,100,,32211,27,,,1,100,,32218,27,,,1,100,,32214,27,,,1,100,,32222,27,,,1,99,,32215,27,,,1,100,,32217,27,,,1,98,,32216,27,,,1,99,,32223,27,,,1,100,,32224,27,,,1,100,,32225,27,,,1
27100,'H:171:5:Saturday:2:26SEP:6',730,,32235,27,,,1,100,,32227,27,,,1,102,,32236,27,,,1,101,,32228,27,,,1,101,,32234,27,,,1,100,,32226,27,,,1,100,,32233,27,,,1,100,,32229,27,,,1,100,,32237,27,,,1,99,,32230,27,,,1,100,,32232,27,,,1,98,,32231,27,,,1,99,,32238,27,,,1,100,,32239,27,,,1,100,,32240,27,,,1
27100,'KP:321:0:Weekday:1:26SEP:12345',534,,32246,13,,,1,283,,32241,27,,,1,330,,32242,27,,,1,201,,32243,27,,,1,202,,32245,27,,,1,197,,32244,27,,,1,197,,32247,27,,,1
27100,'KP:321:0:Weekday:2:26SEP:12345',534,,32253,13,,,1,283,,32248,27,,,1,330,,32249,27,,,1,201,,32250,27,,,1,202,,32252,27,,,1,197,,32251,27,,,1,197,,32254,27,,,1
90801,'H:121:0:Weekday:1:26SEP:12345',1828,,35427,10,,,1
90801,'H:121:0:Weekday:2:26SEP:12345',1828,,35428,10,,,1
90801,'KP:321:0:Weekday:1:26SEP:12345',1618,,35429,10,,,1,89,,35431,10,,,1,48,,35432,10,,,1,150,,35430,10,,,1
90801,'KP:321:0:Weekday:2:26SEP:12345',1618,,35433,10,,,1,89,,35435,10,,,1,48,,35436,10,,,1,150,,35434,10,,,1
