27001,'H:121:0:Weekday:1:26SEP:12345',533,,32157,3,,,1,20,,32156,3,0,5,1,100,,32155,3,0,5,1
27001,'H:121:0:Weekday:2:26SEP:12345',533,,32160,3,,,1,20,,32159,3,0,5,1,100,,32158,3,0,5,1
27101,'H:111:6:Sunday:1:26SEP:1234567',714,,32268,3,,,1,110,,32258,3,,,1,100,,32255,3,,,1,100,,32256,3,,,1,100,,32257,3,,,1,100,,32259,3,,,1,100,,32266,3,,,1,100,,32260,3,,,1,100,,32261,3,,,1,100,,32263,3,,,1,100,,32262,3,,,1,100,,32264,3,,,1,100,,32267,3,,,1,100,,32265,3,,,1
27101,'H:111:6:Sunday:2:26SEP:1234567',714,,32282,3,,,1,110,,32272,3,,,1,100,,32269,3,,,1,100,,32270,3,,,1,100,,32271,3,,,1,100,,32273,3,,,1,100,,32280,3,,,1,100,,32274,3,,,1,100,,32275,3,,,1,100,,32277,3,,,1,100,,32276,3,,,1,100,,32278,3,,,1,100,,32281,3,,,1,100,,32279,3,,,1
27101,'H:121:0:Weekday:1:26SEP:12345',624,,32283,3,,,1,100,,32284,3,,,1,100,,32293,3,,,1,200,,32285,3,,,1,200,,32286,3,,,1,200,,32287,3,,,1,200,,32288,3,,,1,200,,32289,3,,,1,100,,32290,3,,,1,100,,32291,3,,,1,100,,32292,3,,,1
27101,'H:121:0:Weekday:2:26SEP:12345',624,,32294,3,,,1,100,,32295,3,,,1,100,,32304,3,,,1,200,,32296,3,,,1,200,,32297,3,,,1,200,,32298,3,,,1,200,,32299,3,,,1,200,,32300,3,,,1,100,,32301,3,,,1,100,,32302,3,,,1,100,,32303,3,,,1
27101,'H:171:5:Saturday:1:26SEP:6',714,,32305,3,,,1,110,,32311,3,,,1,100,,32308,3,,,1,100,,32312,3,,,1,100,,32309,3,,,1,100,,32314,3,,,1,100,,32310,3,,,1,100,,32315,3,,,1,100,,32307,3,,,1,100,,32313,3,,,1,100,,32306,3,,,1,100,,32316,3,,,1,100,,32317,3,,,1,100,,32318,3,,,1,100,,32319,3,,,1
27101,'H:171:5:Saturday:2:26SEP:6',714,,32320,3,,,1,110,,32326,3,,,1,100,,32323,3,,,1,100,,32327,3,,,1,100,,32324,3,,,1,100,,32329,3,,,1,100,,32325,3,,,1,100,,32330,3,,,1,100,,32322,3,,,1,100,,32328,3,,,1,100,,32321,3,,,1,100,,32331,3,,,1,100,,32332,3,,,1,100,,32333,3,,,1,100,,32334,3,,,1
27101,'KP:321:0:Weekday:1:26SEP:12345',924,,32335,3,,,1,200,,32336,3,,,1,200,,32339,3,,,1,200,,32337,3,,,1,131,,32338,3,0,5,1,69,,32340,3,,,1
27101,'KP:321:0:Weekday:2:26SEP:12345',924,,32341,3,,,1,200,,32342,3,,,1,200,,32345,3,,,1,200,,32343,3,,,1,131,,32344,3,0,5,1,69,,32346,3,,,1
