27001,'H:121:0:Weekday:1:26SEP:12345',552,,32157,21,,,1,65,,32156,21,0,5,1,101,,32155,21,0,5,1
27001,'H:121:0:Weekday:2:26SEP:12345',552,,32160,21,,,1,65,,32159,21,0,5,1,101,,32158,21,0,5,1
27101,'H:111:6:Sunday:1:26SEP:1234567',744,,32268,34,,,1,110,,32258,34,,,1,101,,32255,34,,,1,102,,32256,34,,,1,101,,32257,34,,,1,100,,32259,34,,,1,100,,32266,34,,,1,100,,32260,34,,,1,100,,32261,34,,,1,100,,32263,34,,,1,99,,32262,34,,,1,99,,32264,34,,,1,100,,32267,34,,,1,100,,32265,34,,,1
27101,'H:111:6:Sunday:2:26SEP:1234567',744,,32282,34,,,1,110,,32272,35,,,1,101,,32269,35,,,1,102,,32270,35,,,1,101,,32271,35,,,1,100,,32273,35,,,1,100,,32280,35,,,1,100,,32274,35,,,1,100,,32275,35,,,1,100,,32277,35,,,1,99,,32276,35,,,1,99,,32278,35,,,1,100,,32281,35,,,1,100,,32279,35,,,1
27101,'H:121:0:Weekday:1:26SEP:12345',657,,32283,34,,,1,101,,32284,34,,,1,100,,32293,34,,,1,200,,32285,34,,,1,243,,32286,34,,,1,204,,32287,34,,,1,201,,32288,34,,,1,194,,32289,34,,,1,58,,32290,34,,,1,97,,32291,34,,,1,100,,32292,34,,,1
27101,'H:121:0:Weekday:2:26SEP:12345',657,,32294,34,,,1,101,,32295,34,,,1,100,,32304,35,,,1,200,,32296,35,,,1,243,,32297,35,,,1,204,,32298,35,,,1,201,,32299,35,,,1,194,,32300,35,,,1,58,,32301,35,,,1,97,,32302,35,,,1,100,,32303,35,,,1
27101,'H:171:5:Saturday:1:26SEP:6',745,,32305,34,,,1,111,,32311,34,,,1,102,,32308,34,,,1,143,,32312,34,,,1,101,,32309,34,,,1,100,,32314,34,,,1,100,,32310,34,,,1,100,,32315,34,,,1,99,,32307,34,,,1,100,,32313,34,,,1,100,,32306,34,,,1,57,,32316,34,,,1,100,,32317,34,,,1,98,,32318,34,,,1,100,,32319,34,,,1
27101,'H:171:5:Saturday:2:26SEP:6',745,,32320,34,,,1,111,,32326,35,,,1,102,,32323,35,,,1,143,,32327,35,,,1,101,,32324,35,,,1,100,,32329,35,,,1,100,,32325,35,,,1,100,,32330,35,,,1,99,,32322,35,,,1,100,,32328,35,,,1,100,,32321,35,,,1,57,,32331,35,,,1,100,,32332,35,,,1,98,,32333,35,,,1,100,,32334,35,,,1
27101,'KP:321:0:Weekday:1:26SEP:12345',958,,32335,34,,,1,201,,32336,34,,,1,242,,32339,34,,,1,206,,32337,34,,,1,133,,32338,34,0,5,1,62,,32340,34,,,1
27101,'KP:321:0:Weekday:2:26SEP:12345',958,,32341,35,,,1,201,,32342,35,,,1,242,,32345,35,,,1,206,,32343,35,,,1,133,,32344,35,0,5,1,62,,32346,35,,,1
