22200,'H:111:6:Sunday:1:26SEP:1234567',725,,31765,1,,,1,90,,31764,1,,,1,90,,31756,1,,,1,50,,31751,1,,,1,90,,31754,1,,,1,90,,31760,1,,,1,90,,31752,1,,,1,90,,31757,1,,,1,90,,31759,1,,,1,50,,31753,1,,,1,90,,31755,1,,,1,90,,31761,1,,,1,90,,31762,1,,,1,90,,31758,1,,,1,90,,31763,1,,,1
22200,'H:111:6:Sunday:2:26SEP:1234567',725,,31780,1,,,1,90,,31779,1,,,1,90,,31771,1,,,1,50,,31766,1,,,1,90,,31769,1,,,1,90,,31775,1,,,1,90,,31767,1,,,1,90,,31772,1,,,1,90,,31774,1,,,1,50,,31768,1,,,1,90,,31770,1,,,1,90,,31776,1,,,1,90,,31777,1,,,1,90,,31773,1,,,1,90,,31778,1,,,1
22200,'H:121:0:Weekday:1:26SEP:12345',615,,31783,1,,,1,40,,31781,1,,,1,95,,31784,1,,,1,95,,31782,1,,,1,90,,31785,1,,,1,90,,31787,1,,,1,90,,31788,1,,,1,90,,31789,1,,,1,50,,31786,1,,,1,90,,31791,1,,,1,90,,31792,1,,,1,90,,31793,1,,,1,90,,31790,1,,,1,90,,31794,1,,,1,50,,31796,1,,,1,90,,31797,1,,,1,90,,31795,1,,,1
22200,'H:121:0:Weekday:2:26SEP:12345',615,,31800,1,,,1,40,,31798,1,,,1,95,,31801,1,,,1,95,,31799,1,,,1,90,,31802,1,,,1,90,,31804,1,,,1,90,,31805,1,,,1,90,,31806,1,,,1,50,,31803,1,,,1,90,,31808,1,,,1,90,,31809,1,,,1,90,,31810,1,,,1,90,,31807,1,,,1,90,,31811,1,,,1,50,,31813,1,,,1,90,,31814,1,,,1,90,,31812,1,,,1
22200,'H:171:5:Saturday:1:26SEP:6',545,,31829,1,,,1,90,,31815,1,,,1,90,,31816,1,,,1,90,,31826,1,,,1,90,,31830,1,,,1,50,,31831,1,,,1,90,,31822,1,,,1,90,,31817,1,,,1,90,,31818,1,,,1,90,,31825,1,,,1,90,,31824,1,,,1,50,,31827,1,,,1,90,,31821,1,,,1,90,,31823,1,,,1,90,,31828,1,,,1,90,,31819,1,,,1,90,,31820,1,,,1,45,,31832,1,,,1
22200,'H:171:5:Saturday:2:26SEP:6',545,,31847,1,,,1,90,,31833,1,,,1,90,,31834,1,,,1,90,,31844,1,,,1,90,,31848,1,,,1,50,,31849,1,,,1,90,,31840,1,,,1,90,,31835,1,,,1,90,,31836,1,,,1,90,,31843,1,,,1,90,,31842,1,,,1,50,,31845,1,,,1,90,,31839,1,,,1,90,,31841,1,,,1,90,,31846,1,,,1,90,,31837,1,,,1,90,,31838,1,,,1,45,,31850,1,,,1
22201,'H:111:6:Sunday:1:26SEP:1234567',741,,31851,49,,,1,90,,31854,49,,,1,91,,31852,49,,,1,91,,31855,49,,,1,91,,31853,49,,,1,50,,31856,49,,,1,92,,31857,49,,,1,92,,31860,49,,,1,90,,31861,49,,,1,90,,31858,49,,,1,90,,31862,49,,,1,50,,31863,49,,,1,90,,31864,49,,,1,89,,31859,49,,,1,89,,31865,49,,,1
22201,'H:111:6:Sunday:2:26SEP:1234567',741,,31866,49,,,1,90,,31869,49,,,1,91,,31867,49,,,1,91,,31870,49,,,1,91,,31868,49,,,1,50,,31871,49,,,1,92,,31872,49,,,1,92,,31875,49,,,1,90,,31876,49,,,1,90,,31873,49,,,1,90,,31877,49,,,1,50,,31878,49,,,1,90,,31879,49,,,1,89,,31874,49,,,1,89,,31880,49,,,1
22201,'H:121:0:Weekday:1:26SEP:12345',639,,31882,49,,,1,88,,31883,49,,,1,93,,31884,49,,,1,90,,31885,49,,,1,49,,31886,49,,,1,90,,31887,49,,,1,91,,31888,49,,,1,92,,31889,49,,,1,91,,31890,49,,,1,91,,31891,49,,,1,91,,31893,49,,,1,53,,31894,49,,,1,87,,31895,49,,,1,90,,31892,49,,,1,87,,31881,49,,,1,88,,31896,49,,,1,49,,31897,49,,,1,88,,31898,49,,,1,90,,31899,49,,,1
22201,'H:121:0:Weekday:2:26SEP:12345',639,,31901,49,,,1,88,,31902,49,,,1,93,,31903,49,,,1,90,,31904,49,,,1,49,,31905,49,,,1,90,,31906,49,,,1,91,,31907,49,,,1,92,,31908,49,,,1,91,,31909,49,,,1,91,,31910,49,,,1,91,,31912,49,,,1,53,,31913,49,,,1,87,,31914,49,,,1,90,,31911,49,,,1,87,,31900,49,,,1,88,,31915,49,,,1,49,,31916,49,,,1,88,,31917,49,,,1,90,,31918,49,,,1
22201,'H:171:5:Saturday:1:26SEP:6',741,,31922,49,,,1,91,,31923,49,,,1,91,,31924,49,,,1,90,,31925,49,,,1,91,,31926,49,,,1,51,,31927,49,,,1,91,,31928,49,,,1,91,,31930,49,,,1,91,,31932,49,,,1,90,,31929,49,,,1,90,,31933,49,,,1,50,,31931,49,,,1,90,,31934,49,,,1,90,,31935,49,,,1,90,,31936,49,,,1,88,,31919,49,,,1,87,,31920,49,,,1,50,,31921,49,,,1
22201,'H:171:5:Saturday:2:26SEP:6',741,,31940,49,,,1,91,,31941,49,,,1,91,,31942,49,,,1,90,,31943,49,,,1,91,,31944,49,,,1,51,,31945,49,,,1,91,,31946,49,,,1,91,,31948,49,,,1,91,,31950,49,,,1,90,,31947,49,,,1,90,,31951,49,,,1,50,,31949,49,,,1,90,,31952,49,,,1,90,,31953,49,,,1,90,,31954,49,,,1,88,,31937,49,,,1,87,,31938,49,,,1,50,,31939,49,,,1
