20100,'H:111:6:Sunday:1:26SEP:1234567',749,,30758,24,,,1,100,,30760,24,,,1,99,,30761,24,,,1,80,,30759,24,,,1,80,,30762,24,,,1,40,,30757,24,,,1,79,,30763,24,,,1,80,,30764,24,,,1,40,,30765,24,,,1,80,,30766,24,,,1,80,,30768,24,,,1,40,,30769,24,,,1,80,,30770,24,,,1,80,,30772,24,,,1,40,,30773,24,,,1,80,,30774,24,,,1,80,,30775,24,,,1,40,,30776,24,,,1,100,,30767,24,,,1,101,,30771,24,,,1
20100,'H:111:6:Sunday:2:26SEP:1234567',749,,30778,24,,,1,100,,30780,24,,,1,99,,30781,24,,,1,80,,30779,24,,,1,80,,30782,24,,,1,40,,30777,24,,,1,79,,30783,24,,,1,80,,30784,24,,,1,40,,30785,24,,,1,80,,30786,24,,,1,80,,30788,24,,,1,40,,30789,24,,,1,80,,30790,24,,,1,80,,30792,24,,,1,40,,30793,24,,,1,80,,30794,24,,,1,80,,30795,24,,,1,40,,30796,24,,,1,100,,30787,24,,,1,101,,30791,24,,,1
20100,'H:121:0:Weekday:1:26SEP:12345',523,,30800,24,,,1,79,,30810,24,,,1,35,,30817,24,,,1,70,,30801,24,,,1,229,,30816,24,,,1,70,,30811,24,,,1,229,,30806,24,,,1,70,,30814,24,,,1,129,,30807,24,,,1,100,,30808,24,,,1,70,,30809,24,,,1,30,,30813,24,,,1,71,,30815,24,,,1,101,,30802,24,,,1,101,,30797,24,,,1,30,,30812,24,,,1,70,,30798,24,,,1,30,,30799,24,,,1,71,,30803,24,,,1,30,,30804,24,,,1,90,,30805,24,,,1
20100,'H:121:0:Weekday:2:26SEP:12345',523,,30821,24,,,1,79,,30831,24,,,1,35,,30838,24,,,1,70,,30822,24,,,1,229,,30837,24,,,1,70,,30832,24,,,1,229,,30827,24,,,1,70,,30835,24,,,1,129,,30828,24,,,1,100,,30829,24,,,1,70,,30830,24,,,1,30,,30834,24,,,1,71,,30836,24,,,1,101,,30823,24,,,1,101,,30818,24,,,1,30,,30833,24,,,1,70,,30819,24,,,1,30,,30820,24,,,1,71,,30824,24,,,1,30,,30825,24,,,1,90,,30826,24,,,1
20100,'H:171:5:Saturday:1:26SEP:6',648,,30851,24,,,1,100,,30841,24,,,1,99,,30850,24,,,1,100,,30842,24,,,1,80,,30843,24,,,1,79,,30848,24,,,1,40,,30849,24,,,1,80,,30840,24,,,1,80,,30852,24,,,1,40,,30844,24,,,1,79,,30839,24,,,1,80,,30853,24,,,1,40,,30845,24,,,1,80,,30847,24,,,1,80,,30856,24,,,1,40,,30857,24,,,1,81,,30858,24,,,1,81,,30855,24,,,1,40,,30859,24,,,1,100,,30846,24,,,1,100,,30854,24,,,1,100,,30860,24,,,1
20100,'H:171:5:Saturday:2:26SEP:6',648,,30873,24,,,1,100,,30863,24,,,1,99,,30872,24,,,1,100,,30864,24,,,1,80,,30865,24,,,1,79,,30870,24,,,1,40,,30871,24,,,1,80,,30862,24,,,1,80,,30874,24,,,1,40,,30866,24,,,1,79,,30861,24,,,1,80,,30875,24,,,1,40,,30867,24,,,1,80,,30869,24,,,1,80,,30878,24,,,1,40,,30879,24,,,1,81,,30880,24,,,1,81,,30877,24,,,1,40,,30881,24,,,1,100,,30868,24,,,1,100,,30876,24,,,1,100,,30882,24,,,1
20100,'KP:321:0:Weekday:1:26SEP:12345',736,,30889,24,,,1,69,,30883,24,,,1,31,,30884,24,,,1,70,,30890,24,,,1,129,,30891,24,,,1,70,,30892,24,,,1,30,,30893,24,,,1,70,,30894,24,,,1,129,,30888,24,,,1,70,,30895,24,,,1,100,,30885,24,,,1,231,,30886,24,,,1,101,,30887,24,,,1
20100,'KP:321:0:Weekday:2:26SEP:12345',736,,30902,24,,,1,69,,30896,24,,,1,31,,30897,24,,,1,70,,30903,24,,,1,129,,30904,24,,,1,70,,30905,24,,,1,30,,30906,24,,,1,70,,30907,24,,,1,129,,30901,24,,,1,70,,30908,24,,,1,100,,30898,24,,,1,231,,30899,24,,,1,101,,30900,24,,,1
20200,'H:111:6:Sunday:1:26SEP:1234567',618,,31078,34,,,1,100,,31071,34,,,1,100,,31058,34,,,1,99,,31057,34,,,1,90,,31059,34,,,1,40,,31060,34,,,1,80,,31061,34,,,1,80,,31064,34,,,1,40,,31062,34,,,1,80,,31065,34,,,1,80,,31063,34,,,1,39,,31067,34,,,1,80,,31066,34,,,1,80,,31068,34,,,1,40,,31072,34,,,1,80,,31073,34,,,1,81,,31074,34,,,1,40,,31075,34,,,1,80,,31076,34,,,1,91,,31069,34,,,1,100,,31070,34,,,1,100,,31077,34,,,1
20200,'H:111:6:Sunday:2:26SEP:1234567',618,,31100,34,,,1,100,,31093,34,,,1,100,,31080,34,,,1,99,,31079,34,,,1,90,,31081,34,,,1,40,,31082,34,,,1,80,,31083,34,,,1,80,,31086,34,,,1,40,,31084,34,,,1,80,,31087,34,,,1,80,,31085,34,,,1,39,,31089,34,,,1,80,,31088,34,,,1,80,,31090,34,,,1,40,,31094,34,,,1,80,,31095,34,,,1,81,,31096,34,,,1,40,,31097,34,,,1,80,,31098,34,,,1,91,,31091,34,,,1,100,,31092,34,,,1,100,,31099,34,,,1
20200,'H:121:0:Weekday:1:26SEP:12345',504,,31117,34,,,1,118,,31104,34,,,1,198,,31105,34,,,1,31,,31106,34,,,1,70,,31114,34,,,1,30,,31118,34,,,1,199,,31116,34,,,1,69,,31115,34,,,1,230,,31113,34,,,1,100,,31107,34,,,1,101,,31108,34,,,1,200,,31102,34,,,1,71,,31101,34,,,1,101,,31103,34,,,1,30,,31110,34,,,1,71,,31111,34,,,1,35,,31112,34,,,1
20200,'H:121:0:Weekday:2:26SEP:12345',504,,31135,34,,,1,118,,31122,34,,,1,198,,31123,34,,,1,31,,31124,34,,,1,70,,31132,34,,,1,30,,31136,34,,,1,199,,31134,34,,,1,69,,31133,34,,,1,230,,31131,34,,,1,100,,31125,34,,,1,101,,31126,34,,,1,200,,31120,34,,,1,71,,31119,34,,,1,101,,31121,34,,,1,30,,31128,34,,,1,71,,31129,34,,,1,35,,31130,34,,,1
20200,'H:171:5:Saturday:1:26SEP:6',519,,31160,34,,,1,30,,31154,34,,,1,70,,31138,34,,,1,100,,31139,34,,,1,99,,31150,34,,,1,99,,31144,34,,,1,90,,31137,34,,,1,40,,31140,34,,,1,80,,31148,34,,,1,79,,31142,34,,,1,40,,31141,34,,,1,80,,31143,34,,,1,80,,31151,34,,,1,40,,31145,34,,,1,80,,31146,34,,,1,80,,31147,34,,,1,40,,31155,34,,,1,80,,31156,34,,,1,81,,31157,34,,,1,40,,31158,34,,,1,80,,31159,34,,,1,90,,31152,34,,,1,100,,31149,34,,,1,102,,31153,34,,,1
20200,'H:171:5:Saturday:2:26SEP:6',519,,31184,34,,,1,30,,31178,34,,,1,70,,31162,34,,,1,100,,31163,34,,,1,99,,31174,34,,,1,99,,31168,34,,,1,90,,31161,34,,,1,40,,31164,34,,,1,80,,31172,34,,,1,79,,31166,34,,,1,40,,31165,34,,,1,80,,31167,34,,,1,80,,31175,34,,,1,40,,31169,34,,,1,80,,31170,34,,,1,80,,31171,34,,,1,40,,31179,34,,,1,80,,31180,34,,,1,81,,31181,34,,,1,40,,31182,34,,,1,80,,31183,34,,,1,90,,31176,34,,,1,100,,31173,34,,,1,102,,31177,34,,,1
20200,'KP:321:0:Weekday:1:26SEP:12345',543,,31186,34,,,1,109,,31188,34,,,1,69,,31196,34,,,1,29,,31201,34,,,1,271,,31197,34,,,1,30,,31198,34,,,1,69,,31200,34,,,1,129,,31193,34,,,1,70,,31199,34,,,1,30,,31195,34,,,1,70,,31189,34,,,1,100,,31194,34,,,1,100,,31190,34,,,1,101,,31191,34,,,1,30,,31192,34,,,1,70,,31187,34,,,1,132,,31185,34,,,1
20200,'KP:321:0:Weekday:2:26SEP:12345',543,,31203,34,,,1,109,,31205,34,,,1,69,,31213,34,,,1,29,,31218,34,,,1,271,,31214,34,,,1,30,,31215,34,,,1,69,,31217,34,,,1,129,,31210,34,,,1,70,,31216,34,,,1,30,,31212,34,,,1,70,,31206,34,,,1,100,,31211,34,,,1,100,,31207,34,,,1,101,,31208,34,,,1,30,,31209,34,,,1,70,,31204,34,,,1,132,,31202,34,,,1
