10901,'H:113:6:Sunday:3:26MAR:1234567',753,,21974,7,,,1,100,,21986,7,,,1,100,,21978,7,,,1,100,,21983,7,,,1,100,,21975,7,,,1,100,,21976,7,,,1,100,,21984,7,,,1,100,,21979,7,,,1,100,,21982,7,,,1,100,,21977,7,,,1,100,,21980,7,,,1,100,,21985,7,,,1,100,,21981,7,,,1,100,,21987,7,,,1
10901,'H:123:0:Weekday:3:26MAR:12345',453,,21989,7,,,1,100,,21999,7,,,1,100,,22000,7,,,1,100,,22003,7,,,1,100,,22005,7,,,1,100,,21995,7,,,1,100,,21998,7,,,1,90,,21994,7,,,1,100,,21993,7,,,1,95,,22004,7,,,1,100,,21997,7,,,1,100,,21992,7,,,1,100,,22002,7,,,1,105,,21996,7,,,1,100,,22001,7,,,1,110,,21990,7,,,1,150,,21991,7,,,1,100,,21988,7,,,1
10901,'H:123:0:Weekday:4:26MAR:12345',453,,22007,7,,,1,100,,22017,7,,,1,100,,22018,7,,,1,100,,22021,7,,,1,100,,22023,7,,,1,100,,22013,7,,,1,100,,22016,7,,,1,90,,22012,7,,,1,100,,22011,7,,,1,95,,22022,7,,,1,100,,22015,7,,,1,100,,22010,7,,,1,100,,22020,7,,,1,105,,22014,7,,,1,100,,22019,7,,,1,110,,22008,7,,,1,150,,22009,7,,,1,100,,22006,7,,,1
10901,'H:173:5:Saturday:3:26MAR:6',653,,22024,7,,,1,100,,22037,7,,,1,100,,22030,7,,,1,100,,22035,7,,,1,100,,22026,7,,,1,100,,22025,7,,,1,100,,22038,7,,,1,100,,22029,7,,,1,100,,22033,7,,,1,100,,22027,7,,,1,100,,22028,7,,,1,100,,22036,7,,,1,100,,22031,7,,,1,100,,22034,7,,,1,100,,22032,7,,,1
20101,'H:113:6:Sunday:3:26MAR:1234567',713,,23762,8,,,1,100,,23748,8,,,1,100,,23750,8,,,1,90,,23751,8,,,1,40,,23753,8,,,1,80,,23754,8,,,1,80,,23752,8,,,1,40,,23749,8,,,1,80,,23756,8,,,1,80,,23757,8,,,1,40,,23758,8,,,1,80,,23759,8,,,1,80,,23755,8,,,1,40,,23763,8,,,1,80,,23764,8,,,1,80,,23765,8,,,1,40,,23766,8,,,1,80,,23767,8,,,1,90,,23760,8,,,1,100,,23761,8,,,1
20101,'H:123:0:Weekday:3:26MAR:12345',538,,23771,8,,,1,80,,23772,8,,,1,39,,23776,8,,,1,570,,23777,8,,,1,226,,23784,8,,,1,170,,23778,8,,,1,30,,23779,8,,,1,71,,23780,8,,,1,32,,23774,8,,,1,70,,23775,8,,,1,30,,23773,8,,,1,71,,23768,8,,,1,31,,23770,8,,,1,70,,23769,8,,,1,30,,23782,8,,,1,70,,23783,8,,,1,30,,23781,8,,,1
20101,'H:123:0:Weekday:4:26MAR:12345',538,,23788,8,,,1,80,,23789,8,,,1,39,,23793,8,,,1,570,,23794,8,,,1,226,,23801,8,,,1,170,,23795,8,,,1,30,,23796,8,,,1,71,,23797,8,,,1,32,,23791,8,,,1,70,,23792,8,,,1,30,,23790,8,,,1,71,,23785,8,,,1,31,,23787,8,,,1,70,,23786,8,,,1,30,,23799,8,,,1,70,,23800,8,,,1,30,,23798,8,,,1
20101,'H:173:5:Saturday:3:26MAR:6',713,,23808,8,,,1,100,,23802,8,,,1,100,,23803,8,,,1,90,,23814,8,,,1,39,,23807,8,,,1,80,,23804,8,,,1,80,,23805,8,,,1,40,,23816,8,,,1,80,,23810,8,,,1,80,,23806,8,,,1,40,,23809,8,,,1,80,,23815,8,,,1,80,,23812,8,,,1,40,,23818,8,,,1,80,,23819,8,,,1,80,,23820,8,,,1,41,,23821,8,,,1,80,,23822,8,,,1,90,,23813,8,,,1,100,,23811,8,,,1,100,,23817,8,,,1
20101,'KP:323:0:Weekday:3:26MAR:12345',727,,23837,8,,,1,30,,23838,8,,,1,70,,23833,8,,,1,30,,23823,8,,,1,70,,23835,8,,,1,30,,23830,8,,,1,70,,23827,8,,,1,30,,23836,8,,,1,70,,23832,8,,,1,30,,23824,8,,,1,100,,23831,8,,,1,70,,23826,8,,,1,28,,23829,8,,,1,69,,23834,8,,,1,99,,23825,8,,,1,30,,23828,8,,,1
20101,'KP:323:0:Weekday:4:26MAR:12345',727,,23853,8,,,1,30,,23854,8,,,1,70,,23849,8,,,1,30,,23839,8,,,1,70,,23851,8,,,1,30,,23846,8,,,1,70,,23843,8,,,1,30,,23852,8,,,1,70,,23848,8,,,1,30,,23840,8,,,1,100,,23847,8,,,1,70,,23842,8,,,1,28,,23845,8,,,1,69,,23850,8,,,1,99,,23841,8,,,1,30,,23844,8,,,1
20201,'H:113:6:Sunday:3:26MAR:1234567',623,,23987,8,,,1,120,,23968,8,,,1,100,,23969,8,,,1,100,,23971,8,,,1,80,,23972,8,,,1,80,,23970,8,,,1,40,,23974,8,,,1,80,,23973,8,,,1,80,,23975,8,,,1,40,,23976,8,,,1,80,,23977,8,,,1,80,,23979,8,,,1,40,,23978,8,,,1,80,,23980,8,,,1,80,,23982,8,,,1,40,,23983,8,,,1,80,,23984,8,,,1,80,,23985,8,,,1,40,,23986,8,,,1,100,,23981,8,,,1
20201,'H:123:0:Weekday:3:26MAR:12345',439,,23988,8,,,1,80,,23989,8,,,1,119,,24004,8,,,1,674,,23994,8,,,1,97,,24003,8,,,1,30,,23996,8,,,1,99,,23997,8,,,1,70,,23995,8,,,1,30,,23998,8,,,1,70,,23999,8,,,1,32,,24000,8,,,1,71,,24001,8,,,1,30,,24002,8,,,1,71,,23993,8,,,1,30,,23991,8,,,1,71,,23990,8,,,1,30,,24005,8,,,1,70,,24006,8,,,1,30,,24007,8,,,1,91,,23992,8,,,1
20201,'H:123:0:Weekday:4:26MAR:12345',439,,24008,8,,,1,80,,24009,8,,,1,119,,24024,8,,,1,674,,24014,8,,,1,97,,24023,8,,,1,30,,24016,8,,,1,99,,24017,8,,,1,70,,24015,8,,,1,30,,24018,8,,,1,70,,24019,8,,,1,32,,24020,8,,,1,71,,24021,8,,,1,30,,24022,8,,,1,71,,24013,8,,,1,30,,24011,8,,,1,71,,24010,8,,,1,30,,24025,8,,,1,70,,24026,8,,,1,30,,24027,8,,,1,91,,24012,8,,,1
20201,'H:173:5:Saturday:3:26MAR:6',553,,24049,8,,,1,70,,24042,8,,,1,120,,24033,8,,,1,100,,24035,8,,,1,100,,24041,8,,,1,80,,24030,8,,,1,79,,24029,8,,,1,40,,24038,8,,,1,80,,24039,8,,,1,80,,24031,8,,,1,40,,24028,8,,,1,80,,24032,8,,,1,80,,24034,8,,,1,40,,24036,8,,,1,80,,24037,8,,,1,80,,24044,8,,,1,40,,24045,8,,,1,80,,24046,8,,,1,81,,24047,8,,,1,40,,24048,8,,,1,100,,24040,8,,,1,100,,24043,8,,,1
20201,'KP:323:0:Weekday:3:26MAR:12345',558,,24061,8,,,1,154,,24062,8,,,1,30,,24059,8,,,1,70,,24064,8,,,1,30,,24052,8,,,1,70,,24055,8,,,1,30,,24057,8,,,1,70,,24060,8,,,1,30,,24063,8,,,1,70,,24058,8,,,1,30,,24050,8,,,1,70,,24053,8,,,1,30,,24056,8,,,1,99,,24054,8,,,1,167,,24051,8,,,1
20201,'KP:323:0:Weekday:4:26MAR:12345',558,,24076,8,,,1,154,,24077,8,,,1,30,,24074,8,,,1,70,,24079,8,,,1,30,,24067,8,,,1,70,,24070,8,,,1,30,,24072,8,,,1,70,,24075,8,,,1,30,,24078,8,,,1,70,,24073,8,,,1,30,,24065,8,,,1,70,,24068,8,,,1,30,,24071,8,,,1,99,,24069,8,,,1,167,,24066,8,,,1
