20100,'H:113:6:Sunday:3:26MAR:1234567',742,,23640,21,,,1,100,,23642,21,,,1,98,,23643,21,,,1,80,,23641,21,,,1,80,,23644,21,,,1,40,,23639,21,,,1,80,,23645,21,,,1,80,,23646,21,,,1,40,,23647,21,,,1,80,,23648,21,,,1,80,,23650,21,,,1,40,,23651,21,,,1,80,,23652,21,,,1,80,,23654,21,,,1,40,,23655,21,,,1,80,,23656,21,,,1,80,,23657,21,,,1,40,,23658,21,,,1,100,,23649,21,,,1,102,,23653,21,,,1
20100,'H:123:0:Weekday:3:26MAR:12345',517,,23663,21,,,1,184,,23664,21,,,1,57,,23665,21,,,1,71,,23666,21,,,1,627,,23667,21,,,1,201,,23674,21,,,1,70,,23668,21,,,1,31,,23669,21,,,1,70,,23670,21,,,1,31,,23659,21,,,1,70,,23661,21,,,1,30,,23660,21,,,1,70,,23662,21,,,1,71,,23671,21,,,1,30,,23672,21,,,1,90,,23673,21,,,1
20100,'H:123:0:Weekday:4:26MAR:12345',517,,23679,21,,,1,184,,23680,21,,,1,57,,23681,21,,,1,71,,23682,21,,,1,627,,23683,21,,,1,201,,23690,21,,,1,70,,23684,21,,,1,31,,23685,21,,,1,70,,23686,21,,,1,31,,23675,21,,,1,70,,23677,21,,,1,30,,23676,21,,,1,70,,23678,21,,,1,71,,23687,21,,,1,30,,23688,21,,,1,90,,23689,21,,,1
20100,'H:173:5:Saturday:3:26MAR:6',641,,23703,21,,,1,99,,23693,21,,,1,100,,23702,21,,,1,99,,23694,21,,,1,80,,23695,21,,,1,40,,23700,21,,,1,80,,23701,21,,,1,80,,23692,21,,,1,40,,23704,21,,,1,79,,23696,21,,,1,80,,23691,21,,,1,40,,23705,21,,,1,80,,23697,21,,,1,80,,23699,21,,,1,40,,23708,21,,,1,80,,23709,21,,,1,81,,23710,21,,,1,81,,23707,21,,,1,40,,23711,21,,,1,100,,23698,21,,,1,100,,23706,21,,,1
20100,'KP:323:0:Weekday:3:26MAR:12345',556,,23729,21,,,1,75,,23726,21,,,1,98,,23725,21,,,1,130,,23728,21,,,1,70,,23727,21,,,1,30,,23719,21,,,1,69,,23713,21,,,1,30,,23720,21,,,1,69,,23718,21,,,1,30,,23723,21,,,1,70,,23724,21,,,1,30,,23721,21,,,1,69,,23712,21,,,1,30,,23714,21,,,1,70,,23716,21,,,1,100,,23715,21,,,1,30,,23717,21,,,1,70,,23722,21,,,1
20100,'KP:323:0:Weekday:4:26MAR:12345',556,,23747,21,,,1,75,,23744,21,,,1,98,,23743,21,,,1,130,,23746,21,,,1,70,,23745,21,,,1,30,,23737,21,,,1,69,,23731,21,,,1,30,,23738,21,,,1,69,,23736,21,,,1,30,,23741,21,,,1,70,,23742,21,,,1,30,,23739,21,,,1,69,,23730,21,,,1,30,,23732,21,,,1,70,,23734,21,,,1,100,,23733,21,,,1,30,,23735,21,,,1,70,,23740,21,,,1
20200,'H:113:6:Sunday:3:26MAR:1234567',711,,23869,31,,,1,100,,23856,31,,,1,99,,23855,31,,,1,90,,23857,31,,,1,40,,23858,31,,,1,80,,23859,31,,,1,80,,23862,31,,,1,40,,23860,31,,,1,79,,23863,31,,,1,40,,23861,31,,,1,80,,23865,31,,,1,80,,23864,31,,,1,40,,23866,31,,,1,80,,23870,31,,,1,80,,23871,31,,,1,40,,23872,31,,,1,80,,23873,31,,,1,81,,23874,31,,,1,91,,23867,31,,,1,100,,23868,31,,,1
20200,'H:123:0:Weekday:3:26MAR:12345',457,,23875,31,,,1,79,,23878,31,,,1,79,,23882,31,,,1,30,,23883,31,,,1,167,,23884,31,,,1,31,,23885,31,,,1,568,,23886,31,,,1,130,,23887,31,,,1,70,,23888,31,,,1,31,,23889,31,,,1,170,,23881,31,,,1,30,,23879,31,,,1,70,,23876,31,,,1,32,,23877,31,,,1,70,,23880,31,,,1,30,,23891,31,,,1,70,,23892,31,,,1,37,,23893,31,,,1
20200,'H:123:0:Weekday:4:26MAR:12345',457,,23894,31,,,1,79,,23897,31,,,1,79,,23901,31,,,1,30,,23902,31,,,1,167,,23903,31,,,1,31,,23904,31,,,1,568,,23905,31,,,1,130,,23906,31,,,1,70,,23907,31,,,1,31,,23908,31,,,1,170,,23900,31,,,1,30,,23898,31,,,1,70,,23895,31,,,1,32,,23896,31,,,1,70,,23899,31,,,1,30,,23910,31,,,1,70,,23911,31,,,1,37,,23912,31,,,1
20200,'H:173:5:Saturday:3:26MAR:6',541,,23930,31,,,1,70,,23914,31,,,1,100,,23915,31,,,1,100,,23926,31,,,1,99,,23920,31,,,1,90,,23913,31,,,1,40,,23916,31,,,1,80,,23924,31,,,1,39,,23918,31,,,1,80,,23917,31,,,1,80,,23919,31,,,1,40,,23927,31,,,1,80,,23921,31,,,1,80,,23922,31,,,1,40,,23923,31,,,1,80,,23931,31,,,1,80,,23932,31,,,1,81,,23933,31,,,1,40,,23934,31,,,1,80,,23935,31,,,1,90,,23928,31,,,1,100,,23925,31,,,1,100,,23929,31,,,1
20200,'KP:323:0:Weekday:3:26MAR:12345',714,,23949,31,,,1,28,,23950,31,,,1,171,,23951,31,,,1,30,,23947,31,,,1,71,,23936,31,,,1,30,,23938,31,,,1,69,,23942,31,,,1,30,,23946,31,,,1,69,,23941,31,,,1,30,,23948,31,,,1,70,,23945,31,,,1,30,,23937,31,,,1,99,,23944,31,,,1,70,,23940,31,,,1,201,,23939,31,,,1,30,,23943,31,,,1
20200,'KP:323:0:Weekday:4:26MAR:12345',714,,23965,31,,,1,28,,23966,31,,,1,171,,23967,31,,,1,30,,23963,31,,,1,71,,23952,31,,,1,30,,23954,31,,,1,69,,23958,31,,,1,30,,23962,31,,,1,69,,23957,31,,,1,30,,23964,31,,,1,70,,23961,31,,,1,30,,23953,31,,,1,99,,23960,31,,,1,70,,23956,31,,,1,201,,23955,31,,,1,30,,23959,31,,,1
