28000,'H:113:6:Sunday:3:26MAR:1234567',828,,24752,40,,,1,101,,24753,40,,,1,100,,24754,40,,,1,100,,24755,40,,,1,100,,24763,40,,,1,100,,24757,40,,,1,100,,24756,40,,,1,100,,24758,40,,,1,100,,24759,40,,,1,99,,24760,40,,,1,100,,24764,40,,,1,100,,24762,40,,,1,100,,24761,40,,,1
28000,'H:123:0:Weekday:3:26MAR:12345',527,,24765,40,,,1,180,,24777,17,,,1,33,,24766,40,,,1,99,,24768,40,,,1,71,,24781,17,,,1,29,,24769,40,,,1,100,,24782,40,,,1,101,,24767,40,,,1,200,,24770,40,,,1,178,,24780,17,,,1,23,,24771,40,,,1,76,,24779,17,,,1,100,,24778,17,,,1,28,,24773,40,,,1,94,,24774,40,,,1,93,,24775,40,,,1,100,,24772,40,,,1,99,,24776,40,,,1
28000,'H:123:0:Weekday:4:26MAR:12345',527,,24783,40,,,1,180,,24795,17,,,1,33,,24784,40,,,1,99,,24786,40,,,1,71,,24799,17,,,1,29,,24787,40,,,1,100,,24800,40,,,1,101,,24785,40,,,1,200,,24788,40,,,1,178,,24798,17,,,1,23,,24789,40,,,1,76,,24797,17,,,1,100,,24796,17,,,1,28,,24791,40,,,1,94,,24792,40,,,1,93,,24793,40,,,1,100,,24790,40,,,1,99,,24794,40,,,1
28000,'H:173:5:Saturday:3:26MAR:6',727,,24813,40,,,1,100,,24801,40,,,1,100,,24809,40,,,1,102,,24802,40,,,1,101,,24811,40,,,1,101,,24812,40,,,1,100,,24803,40,,,1,99,,24804,40,,,1,100,,24806,40,,,1,99,,24805,40,,,1,100,,24807,40,,,1,100,,24808,40,,,1,99,,24810,40,,,1,100,,24814,40,,,1
28000,'KP:323:0:Weekday:3:26MAR:12345',632,,24820,40,,,1,178,,24819,17,,,1,430,,24815,40,,,1,176,,24816,17,,,1,25,,24818,40,,,1,199,,24817,40,,,1
28000,'KP:323:0:Weekday:4:26MAR:12345',632,,24826,40,,,1,178,,24825,17,,,1,430,,24821,40,,,1,176,,24822,17,,,1,25,,24824,40,,,1,199,,24823,40,,,1
90300,'H:123:0:Weekday:3:26MAR:12345',456,,26886,6,,,1
90300,'H:123:0:Weekday:4:26MAR:12345',456,,26887,6,,,1
90300,'KP:323:0:Weekday:3:26MAR:12345',530,,26889,6,,,1,27,,26890,6,,,1,65,,26891,6,,,1,32,,26888,6,,,1,75,,26892,6,,,1,80,,26893,6,,,1
90300,'KP:323:0:Weekday:4:26MAR:12345',530,,26895,6,,,1,27,,26896,6,,,1,65,,26897,6,,,1,32,,26894,6,,,1,75,,26898,6,,,1,80,,26899,6,,,1
