27001,'H:121:0:Weekday:1:26SEP:12345',526,,32157,2,,,1,20,,32156,2,0,5,1,100,,32155,2,0,5,1
27001,'H:121:0:Weekday:2:26SEP:12345',526,,32160,2,,,1,20,,32159,2,0,5,1,100,,32158,2,0,5,1
27101,'H:111:6:Sunday:1:26SEP:1234567',706,,32268,2,,,1,110,,32258,2,,,1,100,,32255,2,,,1,100,,32256,2,,,1,100,,32257,2,,,1,100,,32259,2,,,1,100,,32266,2,,,1,100,,32260,2,,,1,100,,32261,2,,,1,100,,32263,2,,,1,100,,32262,2,,,1,100,,32264,2,,,1,100,,32267,2,,,1,100,,32265,2,,,1
27101,'H:111:6:Sunday:2:26SEP:1234567',706,,32282,2,,,1,110,,32272,2,,,1,100,,32269,2,,,1,100,,32270,2,,,1,100,,32271,2,,,1,100,,32273,2,,,1,100,,32280,2,,,1,100,,32274,2,,,1,100,,32275,2,,,1,100,,32277,2,,,1,100,,32276,2,,,1,100,,32278,2,,,1,100,,32281,2,,,1,100,,32279,2,,,1
27101,'H:121:0:Weekday:1:26SEP:12345',616,,32283,2,,,1,100,,32284,2,,,1,100,,32293,2,,,1,200,,32285,2,,,1,200,,32286,2,,,1,200,,32287,2,,,1,200,,32288,2,,,1,200,,32289,2,,,1,100,,32290,2,,,1,100,,32291,2,,,1,100,,32292,2,,,1
27101,'H:121:0:Weekday:2:26SEP:12345',616,,32294,2,,,1,100,,32295,2,,,1,100,,32304,2,,,1,200,,32296,2,,,1,200,,32297,2,,,1,200,,32298,2,,,1,200,,32299,2,,,1,200,,32300,2,,,1,100,,32301,2,,,1,100,,32302,2,,,1,100,,32303,2,,,1
27101,'H:171:5:Saturday:1:26SEP:6',706,,32305,2,,,1,110,,32311,2,,,1,100,,32308,2,,,1,100,,32312,2,,,1,100,,32309,2,,,1,100,,32314,2,,,1,100,,32310,2,,,1,100,,32315,2,,,1,100,,32307,2,,,1,100,,32313,2,,,1,100,,32306,2,,,1,100,,32316,2,,,1,100,,32317,2,,,1,100,,32318,2,,,1,100,,32319,2,,,1
27101,'H:171:5:Saturday:2:26SEP:6',706,,32320,2,,,1,110,,32326,2,,,1,100,,32323,2,,,1,100,,32327,2,,,1,100,,32324,2,,,1,100,,32329,2,,,1,100,,32325,2,,,1,100,,32330,2,,,1,100,,32322,2,,,1,100,,32328,2,,,1,100,,32321,2,,,1,100,,32331,2,,,1,100,,32332,2,,,1,100,,32333,2,,,1,100,,32334,2,,,1
27101,'KP:321:0:Weekday:1:26SEP:12345',916,,32335,2,,,1,200,,32336,2,,,1,200,,32339,2,,,1,200,,32337,2,,,1,130,,32338,2,0,5,1,70,,32340,2,,,1
27101,'KP:321:0:Weekday:2:26SEP:12345',916,,32341,2,,,1,200,,32342,2,,,1,200,,32345,2,,,1,200,,32343,2,,,1,130,,32344,2,0,5,1,70,,32346,2,,,1
28001,'H:111:6:Sunday:1:26SEP:1234567',731,,32450,2,,,1,100,,32449,2,,,1,100,,32451,2,,,1,100,,32460,2,,,1,100,,32452,2,,,1,100,,32453,2,,,1,100,,32454,2,,,1,100,,32455,2,,,1,100,,32456,2,,,1,100,,32461,2,,,1,100,,32458,2,,,1,100,,32457,2,,,1,100,,32459,2,,,1
28001,'H:111:6:Sunday:2:26SEP:1234567',731,,32463,2,,,1,100,,32462,2,,,1,100,,32464,2,,,1,100,,32473,2,,,1,100,,32465,2,,,1,100,,32466,2,,,1,100,,32467,2,,,1,100,,32468,2,,,1,100,,32469,2,,,1,100,,32474,2,,,1,100,,32471,2,,,1,100,,32470,2,,,1,100,,32472,2,,,1
28001,'H:121:0:Weekday:1:26SEP:12345',556,,32475,2,,,1,100,,32476,2,,,1,70,,32477,2,0,8 7,1,100,,32491,2,0,8 7,1,130,,32478,2,,,1,200,,32479,2,,,1,200,,32480,2,,,1,65,,32481,2,0,8 7,1,35,,32482,2,,,1,100,,32483,2,,,1,65,,32484,2,0,8 7,1,35,,32485,2,,,1,65,,32486,2,0,8 7,1,35,,32487,2,,,1,65,,32488,2,0,8 7,1,35,,32489,2,,,1,100,,32490,2,,,1
28001,'H:121:0:Weekday:2:26SEP:12345',556,,32492,2,,,1,100,,32493,2,,,1,70,,32494,2,0,8 7,1,100,,32508,2,0,8 7,1,130,,32495,2,,,1,200,,32496,2,,,1,200,,32497,2,,,1,65,,32498,2,0,8 7,1,35,,32499,2,,,1,100,,32500,2,,,1,65,,32501,2,0,8 7,1,35,,32502,2,,,1,65,,32503,2,0,8 7,1,35,,32504,2,,,1,65,,32505,2,0,8 7,1,35,,32506,2,,,1,100,,32507,2,,,1
28001,'H:171:5:Saturday:1:26SEP:6',731,,32517,2,,,1,100,,32509,2,,,1,100,,32520,2,,,1,100,,32515,2,,,1,100,,32518,2,,,1,100,,32516,2,,,1,100,,32514,2,,,1,100,,32511,2,,,1,100,,32513,2,,,1,100,,32510,2,,,1,100,,32512,2,,,1,100,,32519,2,,,1,100,,32521,2,,,1
28001,'H:171:5:Saturday:2:26SEP:6',731,,32530,2,,,1,100,,32522,2,,,1,100,,32533,2,,,1,100,,32528,2,,,1,100,,32531,2,,,1,100,,32529,2,,,1,100,,32527,2,,,1,100,,32524,2,,,1,100,,32526,2,,,1,100,,32523,2,,,1,100,,32525,2,,,1,100,,32532,2,,,1,100,,32534,2,,,1
28001,'KP:321:0:Weekday:1:26SEP:12345',756,,32538,2,,,1,100,,32535,2,,,1,200,,32539,2,,,1,200,,32536,2,,,1,265,,32537,2,0,8 7,1
28001,'KP:321:0:Weekday:2:26SEP:12345',756,,32543,2,,,1,100,,32540,2,,,1,200,,32544,2,,,1,200,,32541,2,,,1,265,,32542,2,0,8 7,1
90701,'H:121:0:Weekday:1:26SEP:12345',1440,,35410,8,,,1,67,,35411,8,,,1,37,,35412,8,,,1,90,,35409,8,,,1
90701,'H:121:0:Weekday:2:26SEP:12345',1440,,35414,8,,,1,67,,35415,8,,,1,37,,35416,8,,,1,90,,35413,8,,,1
