10600,'H:111:6:Sunday:1:26SEP:1234567',713,,28226,35,,,1,101,,28213,35,,,1,103,,28214,35,,,1,101,,28215,35,,,1,101,,28216,35,,,1,100,,28217,35,,,1,101,,28218,35,,,1,101,,28219,35,,,1,100,,28221,35,,,1,98,,28220,35,,,1,100,,28222,35,,,1,100,,28223,35,,,1,99,,28224,35,,,1,99,,28225,35,,,1,99,,28227,35,,,1
10600,'H:111:6:Sunday:2:26SEP:1234567',713,,28241,35,,,1,101,,28228,35,,,1,103,,28229,35,,,1,101,,28230,35,,,1,101,,28231,35,,,1,100,,28232,35,,,1,101,,28233,35,,,1,101,,28234,35,,,1,100,,28236,35,,,1,98,,28235,35,,,1,100,,28237,35,,,1,100,,28238,35,,,1,99,,28239,35,,,1,99,,28240,35,,,1,99,,28242,35,,,1
10600,'H:121:0:Weekday:1:26SEP:12345',527,,28243,35,,,1,104,,28244,35,,,1,103,,28245,35,,,1,103,,28246,35,,,1,100,,28247,35,,,1,99,,28248,35,,,1,100,,28249,35,,,1,99,,28250,35,,,1,101,,28251,35,,,1,103,,28252,35,,,1,100,,28253,35,,,1,102,,28254,35,,,1,100,,28255,35,,,1,95,,28256,35,,,1,97,,28257,35,,,1,98,,28258,35,,,1,99,,28259,35,,,1
10600,'H:121:0:Weekday:2:26SEP:12345',527,,28260,35,,,1,104,,28261,35,,,1,103,,28262,35,,,1,103,,28263,35,,,1,100,,28264,35,,,1,99,,28265,35,,,1,100,,28266,35,,,1,99,,28267,35,,,1,101,,28268,35,,,1,103,,28269,35,,,1,100,,28270,35,,,1,102,,28271,35,,,1,100,,28272,35,,,1,95,,28273,35,,,1,97,,28274,35,,,1,98,,28275,35,,,1,99,,28276,35,,,1
10600,'H:171:5:Saturday:1:26SEP:6',612,,28290,35,,,1,100,,28291,35,,,1,102,,28277,35,,,1,102,,28278,35,,,1,103,,28279,35,,,1,101,,28280,35,,,1,100,,28281,35,,,1,101,,28282,35,,,1,100,,28284,35,,,1,100,,28285,35,,,1,99,,28287,35,,,1,100,,28283,35,,,1,100,,28288,35,,,1,99,,28289,35,,,1,98,,28286,35,,,1,98,,28292,35,,,1,99,,28293,35,,,1
10600,'H:171:5:Saturday:2:26SEP:6',612,,28307,35,,,1,100,,28308,35,,,1,102,,28294,35,,,1,102,,28295,35,,,1,103,,28296,35,,,1,101,,28297,35,,,1,100,,28298,35,,,1,101,,28299,35,,,1,100,,28301,35,,,1,100,,28302,35,,,1,99,,28304,35,,,1,100,,28300,35,,,1,100,,28305,35,,,1,99,,28306,35,,,1,98,,28303,35,,,1,98,,28309,35,,,1,99,,28310,35,,,1
12001,'H:111:6:Sunday:1:26SEP:1234567',741,,29898,33,,,1,100,,29888,33,,,1,101,,29886,33,,,1,101,,29889,33,,,1,101,,29897,33,,,1,100,,29887,33,,,1,100,,29892,33,,,1,100,,29890,33,,,1,100,,29893,33,,,1,100,,29891,33,,,1,100,,29895,33,,,1,100,,29896,33,,,1,99,,29894,33,,,1,99,,29885,33,,,1
12001,'H:111:6:Sunday:2:26SEP:1234567',741,,29912,33,,,1,100,,29902,33,,,1,101,,29900,33,,,1,101,,29903,33,,,1,101,,29911,33,,,1,100,,29901,33,,,1,100,,29906,33,,,1,100,,29904,33,,,1,100,,29907,33,,,1,100,,29905,33,,,1,100,,29909,33,,,1,100,,29910,33,,,1,99,,29908,33,,,1,99,,29899,33,,,1
12001,'H:121:0:Weekday:1:26SEP:12345',546,,29930,33,,,1,70,,29931,33,,,1,32,,29914,33,,,1,71,,29932,33,,,1,34,,29929,33,,,1,71,,29933,33,,,1,28,,29927,33,,,1,69,,29934,33,,,1,29,,29928,33,,,1,69,,29938,33,,,1,29,,29916,33,,,1,70,,29939,33,,,1,31,,29917,33,,,1,70,,29940,33,,,1,30,,29918,33,,,1,71,,29941,33,,,1,30,,29919,33,,,1,70,,29942,33,,,1,32,,29920,33,,,1,70,,29943,33,,,1,31,,29921,33,,,1,71,,29935,33,,,1,30,,29913,33,,,1,70,,29936,33,,,1,31,,29915,33,,,1,68,,29937,33,,,1,27,,29922,33,,,1,100,,29926,33,,,1,97,,29925,33,,,1,100,,29923,33,,,1,98,,29924,33,,,1
12001,'H:121:0:Weekday:2:26SEP:12345',546,,29961,33,,,1,70,,29962,33,,,1,32,,29945,33,,,1,71,,29963,33,,,1,34,,29960,33,,,1,71,,29964,33,,,1,28,,29958,33,,,1,69,,29965,33,,,1,29,,29959,33,,,1,69,,29969,33,,,1,29,,29947,33,,,1,70,,29970,33,,,1,31,,29948,33,,,1,70,,29971,33,,,1,30,,29949,33,,,1,71,,29972,33,,,1,30,,29950,33,,,1,70,,29973,33,,,1,32,,29951,33,,,1,70,,29974,33,,,1,31,,29952,33,,,1,71,,29966,33,,,1,30,,29944,33,,,1,70,,29967,33,,,1,31,,29946,33,,,1,68,,29968,33,,,1,27,,29953,33,,,1,100,,29957,33,,,1,97,,29956,33,,,1,100,,29954,33,,,1,98,,29955,33,,,1
12001,'H:171:5:Saturday:1:26SEP:6',641,,29975,33,,,1,100,,29976,33,,,1,102,,29977,33,,,1,101,,29980,33,,,1,100,,29988,33,,,1,100,,29984,33,,,1,100,,29986,33,,,1,100,,29989,33,,,1,100,,29987,33,,,1,101,,29979,33,,,1,100,,29985,33,,,1,100,,29981,33,,,1,100,,29983,33,,,1,99,,29978,33,,,1,99,,29990,33,,,1,100,,29982,33,,,1
12001,'H:171:5:Saturday:2:26SEP:6',641,,29991,33,,,1,100,,29992,33,,,1,102,,29993,33,,,1,101,,29996,33,,,1,100,,30004,33,,,1,100,,30000,33,,,1,100,,30002,33,,,1,100,,30005,33,,,1,100,,30003,33,,,1,101,,29995,33,,,1,100,,30001,33,,,1,100,,29997,33,,,1,100,,29999,33,,,1,99,,29994,33,,,1,99,,30006,33,,,1,100,,29998,33,,,1
