20100,'H:111:6:Sunday:1:26SEP:1234567',801,,30758,28,,,1,100,,30760,28,,,1,100,,30761,28,,,1,40,,30759,28,,,1,80,,30762,28,,,1,80,,30757,28,,,1,40,,30763,28,,,1,80,,30764,28,,,1,80,,30765,28,,,1,40,,30766,28,,,1,80,,30768,28,,,1,80,,30769,28,,,1,40,,30770,28,,,1,80,,30772,28,,,1,80,,30773,28,,,1,40,,30774,28,,,1,80,,30775,28,,,1,80,,30776,28,,,1,100,,30767,28,,,1,100,,30771,28,,,1
20100,'H:111:6:Sunday:2:26SEP:1234567',801,,30778,28,,,1,100,,30780,28,,,1,100,,30781,28,,,1,40,,30779,28,,,1,80,,30782,28,,,1,80,,30777,28,,,1,40,,30783,28,,,1,80,,30784,28,,,1,80,,30785,28,,,1,40,,30786,28,,,1,80,,30788,28,,,1,80,,30789,28,,,1,40,,30790,28,,,1,80,,30792,28,,,1,80,,30793,28,,,1,40,,30794,28,,,1,80,,30795,28,,,1,80,,30796,28,,,1,100,,30787,28,,,1,100,,30791,28,,,1
20100,'H:121:0:Weekday:1:26SEP:12345',536,,30800,28,,,1,80,,30810,28,,,1,35,,30817,28,,,1,70,,30801,28,,,1,230,,30816,28,,,1,70,,30811,28,,,1,230,,30806,28,,,1,70,,30814,28,,,1,130,,30807,28,,,1,100,,30808,28,,,1,70,,30809,28,,,1,30,,30813,28,,,1,70,,30815,28,,,1,100,,30802,28,,,1,100,,30797,28,,,1,30,,30812,28,,,1,70,,30798,28,,,1,30,,30799,28,,,1,70,,30803,28,,,1,30,,30804,28,,,1,90,,30805,28,,,1
20100,'H:121:0:Weekday:2:26SEP:12345',536,,30821,28,,,1,80,,30831,28,,,1,35,,30838,28,,,1,70,,30822,28,,,1,230,,30837,28,,,1,70,,30832,28,,,1,230,,30827,28,,,1,70,,30835,28,,,1,130,,30828,28,,,1,100,,30829,28,,,1,70,,30830,28,,,1,30,,30834,28,,,1,70,,30836,28,,,1,100,,30823,28,,,1,100,,30818,28,,,1,30,,30833,28,,,1,70,,30819,28,,,1,30,,30820,28,,,1,70,,30824,28,,,1,30,,30825,28,,,1,90,,30826,28,,,1
20100,'H:171:5:Saturday:1:26SEP:6',701,,30851,28,,,1,100,,30841,28,,,1,100,,30850,28,,,1,100,,30842,28,,,1,40,,30843,28,,,1,80,,30848,28,,,1,80,,30849,28,,,1,40,,30840,28,,,1,80,,30852,28,,,1,80,,30844,28,,,1,40,,30839,28,,,1,80,,30853,28,,,1,80,,30845,28,,,1,40,,30847,28,,,1,80,,30856,28,,,1,80,,30857,28,,,1,40,,30858,28,,,1,80,,30855,28,,,1,80,,30859,28,,,1,100,,30846,28,,,1,100,,30854,28,,,1,100,,30860,28,,,1
20100,'H:171:5:Saturday:2:26SEP:6',701,,30873,28,,,1,100,,30863,28,,,1,100,,30872,28,,,1,100,,30864,28,,,1,40,,30865,28,,,1,80,,30870,28,,,1,80,,30871,28,,,1,40,,30862,28,,,1,80,,30874,28,,,1,80,,30866,28,,,1,40,,30861,28,,,1,80,,30875,28,,,1,80,,30867,28,,,1,40,,30869,28,,,1,80,,30878,28,,,1,80,,30879,28,,,1,40,,30880,28,,,1,80,,30877,28,,,1,80,,30881,28,,,1,100,,30868,28,,,1,100,,30876,28,,,1,100,,30882,28,,,1
20100,'KP:321:0:Weekday:1:26SEP:12345',751,,30889,28,,,1,70,,30883,28,,,1,30,,30884,28,,,1,70,,30890,28,,,1,130,,30891,28,,,1,70,,30892,28,,,1,30,,30893,28,,,1,70,,30894,28,,,1,130,,30888,28,,,1,70,,30895,28,,,1,100,,30885,28,,,1,230,,30886,28,,,1,100,,30887,28,,,1
20100,'KP:321:0:Weekday:2:26SEP:12345',751,,30902,28,,,1,70,,30896,28,,,1,30,,30897,28,,,1,70,,30903,28,,,1,130,,30904,28,,,1,70,,30905,28,,,1,30,,30906,28,,,1,70,,30907,28,,,1,130,,30901,28,,,1,70,,30908,28,,,1,100,,30898,28,,,1,230,,30899,28,,,1,100,,30900,28,,,1
20200,'H:111:6:Sunday:1:26SEP:1234567',631,,31078,38,,,1,100,,31071,38,,,1,100,,31058,38,,,1,100,,31057,38,,,1,90,,31059,38,,,1,80,,31060,38,,,1,40,,31061,38,,,1,80,,31064,38,,,1,80,,31062,38,,,1,40,,31065,38,,,1,80,,31063,38,,,1,80,,31067,38,,,1,40,,31066,38,,,1,80,,31068,38,,,1,80,,31072,38,,,1,40,,31073,38,,,1,80,,31074,38,,,1,80,,31075,38,,,1,40,,31076,38,,,1,90,,31069,38,,,1,100,,31070,38,,,1,100,,31077,38,,,1
20200,'H:111:6:Sunday:2:26SEP:1234567',631,,31100,38,,,1,100,,31093,38,,,1,100,,31080,38,,,1,100,,31079,38,,,1,90,,31081,38,,,1,80,,31082,38,,,1,40,,31083,38,,,1,80,,31086,38,,,1,80,,31084,38,,,1,40,,31087,38,,,1,80,,31085,38,,,1,80,,31089,38,,,1,40,,31088,38,,,1,80,,31090,38,,,1,80,,31094,38,,,1,40,,31095,38,,,1,80,,31096,38,,,1,80,,31097,38,,,1,40,,31098,38,,,1,90,,31091,38,,,1,100,,31092,38,,,1,100,,31099,38,,,1
20200,'H:121:0:Weekday:1:26SEP:12345',516,,31117,38,,,1,120,,31104,38,,,1,200,,31105,38,,,1,70,,31106,38,,,1,30,,31114,38,,,1,70,,31118,38,,,1,200,,31116,38,,,1,30,,31115,38,,,1,270,,31113,38,,,1,100,,31107,38,,,1,100,,31108,38,,,1,200,,31102,38,,,1,30,,31101,38,,,1,100,,31103,38,,,1,70,,31110,38,,,1,30,,31111,38,,,1,75,,31112,38,,,1
20200,'H:121:0:Weekday:2:26SEP:12345',516,,31135,38,,,1,120,,31122,38,,,1,200,,31123,38,,,1,70,,31124,38,,,1,30,,31132,38,,,1,70,,31136,38,,,1,200,,31134,38,,,1,30,,31133,38,,,1,270,,31131,38,,,1,100,,31125,38,,,1,100,,31126,38,,,1,200,,31120,38,,,1,30,,31119,38,,,1,100,,31121,38,,,1,70,,31128,38,,,1,30,,31129,38,,,1,75,,31130,38,,,1
20200,'H:171:5:Saturday:1:26SEP:6',531,,31160,38,,,1,70,,31154,38,,,1,30,,31138,38,,,1,100,,31139,38,,,1,100,,31150,38,,,1,100,,31144,38,,,1,90,,31137,38,,,1,80,,31140,38,,,1,40,,31148,38,,,1,80,,31142,38,,,1,80,,31141,38,,,1,40,,31143,38,,,1,80,,31151,38,,,1,80,,31145,38,,,1,40,,31146,38,,,1,80,,31147,38,,,1,80,,31155,38,,,1,40,,31156,38,,,1,80,,31157,38,,,1,80,,31158,38,,,1,40,,31159,38,,,1,90,,31152,38,,,1,100,,31149,38,,,1,100,,31153,38,,,1
20200,'H:171:5:Saturday:2:26SEP:6',531,,31184,38,,,1,70,,31178,38,,,1,30,,31162,38,,,1,100,,31163,38,,,1,100,,31174,38,,,1,100,,31168,38,,,1,90,,31161,38,,,1,80,,31164,38,,,1,40,,31172,38,,,1,80,,31166,38,,,1,80,,31165,38,,,1,40,,31167,38,,,1,80,,31175,38,,,1,80,,31169,38,,,1,40,,31170,38,,,1,80,,31171,38,,,1,80,,31179,38,,,1,40,,31180,38,,,1,80,,31181,38,,,1,80,,31182,38,,,1,40,,31183,38,,,1,90,,31176,38,,,1,100,,31173,38,,,1,100,,31177,38,,,1
20200,'KP:321:0:Weekday:1:26SEP:12345',556,,31186,38,,,1,150,,31188,38,,,1,30,,31196,38,,,1,70,,31201,38,,,1,230,,31197,38,,,1,70,,31198,38,,,1,30,,31200,38,,,1,170,,31193,38,,,1,30,,31199,38,,,1,70,,31195,38,,,1,30,,31189,38,,,1,100,,31194,38,,,1,100,,31190,38,,,1,100,,31191,38,,,1,70,,31192,38,,,1,30,,31187,38,,,1,170,,31185,38,,,1
20200,'KP:321:0:Weekday:2:26SEP:12345',556,,31203,38,,,1,150,,31205,38,,,1,30,,31213,38,,,1,70,,31218,38,,,1,230,,31214,38,,,1,70,,31215,38,,,1,30,,31217,38,,,1,170,,31210,38,,,1,30,,31216,38,,,1,70,,31212,38,,,1,30,,31206,38,,,1,100,,31211,38,,,1,100,,31207,38,,,1,100,,31208,38,,,1,70,,31209,38,,,1,30,,31204,38,,,1,170,,31202,38,,,1
90700,'H:121:0:Weekday:1:26SEP:12345',437,,35401,14,,,1,76,,35402,14,,,1,34,,35403,14,,,1,73,,35404,14,,,1
90700,'H:121:0:Weekday:2:26SEP:12345',437,,35405,14,,,1,76,,35406,14,,,1,34,,35407,14,,,1,73,,35408,14,,,1
