11101,'H:123:0:Weekday',1631,,17543,2,,,1,100,,17542,2,,,1
11201,'H:113:6:Sunday',656,,17636,2,,,1,70,,17650,2,,,1,29,,17637,2,,,1,70,,17651,2,,,1,30,,17638,2,,,1,70,,17652,2,,,1,30,,17635,2,,,1,69,,17653,2,,,1,30,,17639,2,,,1,70,,17654,2,,,1,30,,17640,2,,,1,70,,17656,2,,,1,30,,17641,2,,,1,70,,17657,2,,,1,30,,17642,2,,,1,70,,17658,2,,,1,30,,17644,2,,,1,70,,17655,2,,,1,30,,17646,2,,,1,70,,17659,2,,,1,30,,17647,2,,,1,70,,17660,2,,,1,30,,17643,2,,,1,100,,17648,2,,,1,101,,17645,2,,,1,100,,17649,2,,,1
11201,'H:123:0:Weekday',504,,17678,2,,,1,30,,17682,2,,,1,68,,17674,2,,,1,30,,17689,2,,,1,27,,17663,2,,,1,61,,17691,2,,,1,21,,17694,2,,,1,60,,17666,2,,,1,20,,17690,2,,,1,20,,17695,2,,,1,60,,17662,2,,,1,30,,17687,2,,,1,70,,17664,2,,,1,30,,17679,2,,,1,70,,17676,2,,,1,30,,17683,2,,,1,70,,17675,2,,,1,30,,17680,2,,,1,69,,17677,2,,,1,30,,17681,2,,,1,28,,17668,2,,,1,60,,17684,2,,,1,20,,17696,2,,,1,21,,17673,2,,,1,60,,17693,2,,,1,20,,17697,2,,,1,19,,17665,2,,,1,60,,17688,2,,,1,20,,17698,2,,,1,21,,17667,2,,,1,60,,17692,2,,,1,20,,17699,2,,,1,20,,17661,2,,,1,70,,17685,2,,,1,72,,17670,2,,,1,31,,17686,2,,,1,70,,17671,2,,,1,100,,17669,2,,,1,101,,17672,2,,,1
11201,'H:173:5:Saturday',656,,17702,2,,,1,70,,17717,2,,,1,29,,17701,2,,,1,70,,17721,2,,,1,30,,17704,2,,,1,70,,17720,2,,,1,29,,17700,2,,,1,70,,17722,2,,,1,30,,17703,2,,,1,69,,17716,2,,,1,30,,17710,2,,,1,70,,17725,2,,,1,30,,17711,2,,,1,70,,17723,2,,,1,30,,17708,2,,,1,70,,17724,2,,,1,30,,17705,2,,,1,70,,17719,2,,,1,30,,17706,2,,,1,70,,17726,2,,,1,30,,17707,2,,,1,70,,17718,2,,,1,30,,17709,2,,,1,70,,17715,2,,,1,30,,17712,2,,,1,101,,17713,2,,,1,101,,17714,2,,,1
11901,'H:113:6:Sunday',806,,18066,2,,,1,100,,18063,2,,,1,100,,18064,2,,,1,100,,18067,2,,,1,100,,18065,2,,,1,100,,18068,2,,,1,100,,18069,2,,,1,100,,18070,2,,,1,100,,18071,2,,,1,100,,18072,2,,,1,100,,18073,2,,,1,100,,18074,2,,,1,100,,18075,2,,,1
11901,'H:123:0:Weekday',616,,18092,2,,,1,30,,18076,2,,,1,75,,18093,2,,,1,30,,18079,2,,,1,70,,18094,2,,,1,30,,18077,2,,,1,70,,18098,2,,,1,30,,18078,2,,,1,70,,18099,2,,,1,30,,18081,2,,,1,70,,18100,2,,,1,30,,18080,2,,,1,70,,18101,2,,,1,30,,18082,2,,,1,70,,18102,2,,,1,35,,18085,2,,,1,65,,18103,2,,,1,30,,18086,2,,,1,70,,18095,2,,,1,30,,18084,2,,,1,70,,18096,2,,,1,30,,18088,2,,,1,70,,18097,2,,,1,30,,18087,2,,,1,100,,18083,2,,,1,100,,18091,2,,,1,100,,18089,2,,,1,100,,18090,2,,,1
11901,'H:173:5:Saturday',606,,18107,2,,,1,100,,18108,2,,,1,100,,18104,2,,,1,100,,18106,2,,,1,100,,18109,2,,,1,100,,18111,2,,,1,100,,18105,2,,,1,100,,18114,2,,,1,100,,18110,2,,,1,100,,18115,2,,,1,100,,18112,2,,,1,100,,18118,2,,,1,100,,18119,2,,,1,100,,18113,2,,,1,100,,18116,2,,,1,100,,18117,2,,,1
11901,'KP:323:0:Weekday',546,,18120,2,,,1
13001,'H:113:6:Sunday',708,,18437,36,,,1,100,,18423,36,,,1,99,,18424,36,,,1,100,,18425,36,,,1,99,,18426,36,,,1,105,,18427,36,,,1,99,,18428,36,,,1,100,,18429,36,,,1,100,,18430,36,,,1,100,,18431,36,,,1,101,,18432,36,,,1,100,,18434,36,,,1,96,,18433,36,,,1,95,,18435,36,,,1,100,,18436,36,,,1
13001,'H:123:0:Weekday',452,,18460,36,,,1,69,,18462,36,,,1,29,,18445,36,,,1,70,,18463,36,,,1,30,,18446,36,,,1,70,,18439,36,,,1,30,,18447,36,,,1,70,,18441,36,,,1,30,,18448,36,,,1,70,,18464,36,,,1,31,,18438,36,,,1,70,,18465,36,,,1,30,,18456,36,,,1,69,,18466,36,,,1,30,,18454,36,,,1,70,,18467,36,,,1,30,,18452,36,,,1,70,,18468,36,,,1,29,,18453,36,,,1,70,,18469,36,,,1,29,,18455,36,,,1,69,,18450,36,,,1,30,,18459,36,,,1,70,,18451,36,,,1,31,,18458,36,,,1,70,,18440,36,,,1,30,,18449,36,,,1,70,,18442,36,,,1,32,,18457,36,,,1,100,,18443,36,,,1,105,,18444,36,,,1,96,,18461,36,,,1
13001,'H:173:5:Saturday',608,,18486,36,,,1,100,,18470,36,,,1,100,,18471,36,,,1,98,,18472,36,,,1,100,,18473,36,,,1,99,,18474,36,,,1,105,,18475,36,,,1,100,,18476,36,,,1,100,,18477,36,,,1,101,,18478,36,,,1,100,,18479,36,,,1,100,,18480,36,,,1,100,,18481,36,,,1,95,,18482,36,,,1,95,,18483,36,,,1,100,,18484,36,,,1,101,,18485,36,,,1
