10900,'H:113:6:Sunday:3:26MAR:1234567',755,,21916,2,,,1,100,,21920,2,,,1,100,,21911,2,,,1,100,,21912,2,,,1,100,,21923,2,,,1,100,,21914,2,,,1,100,,21919,2,,,1,100,,21913,2,,,1,100,,21915,2,,,1,100,,21922,2,,,1,100,,21918,2,,,1,100,,21921,2,,,1,100,,21917,2,,,1,100,,21924,2,,,1
10900,'H:123:0:Weekday:3:26MAR:12345',451,,21938,2,,,1,100,,21932,2,,,1,100,,21928,2,,,1,100,,21934,2,,,1,107,,21941,2,,,1,100,,21926,2,,,1,100,,21940,2,,,1,100,,21939,2,,,1,100,,21931,2,,,1,100,,21937,2,,,1,100,,21929,2,,,1,100,,21933,2,,,1,100,,21936,2,,,1,100,,21930,2,,,1,100,,21927,2,,,1,100,,21925,2,,,1,100,,21935,2,,,1
10900,'H:123:0:Weekday:4:26MAR:12345',451,,21955,2,,,1,100,,21949,2,,,1,100,,21945,2,,,1,100,,21951,2,,,1,107,,21958,2,,,1,100,,21943,2,,,1,100,,21957,2,,,1,100,,21956,2,,,1,100,,21948,2,,,1,100,,21954,2,,,1,100,,21946,2,,,1,100,,21950,2,,,1,100,,21953,2,,,1,100,,21947,2,,,1,100,,21944,2,,,1,100,,21942,2,,,1,100,,21952,2,,,1
10900,'H:173:5:Saturday:3:26MAR:6',655,,21963,2,,,1,100,,21966,2,,,1,100,,21962,2,,,1,100,,21959,2,,,1,100,,21971,2,,,1,100,,21964,2,,,1,100,,21969,2,,,1,100,,21960,2,,,1,100,,21961,2,,,1,100,,21973,2,,,1,100,,21965,2,,,1,100,,21970,2,,,1,100,,21967,2,,,1,100,,21968,2,,,1,100,,21972,2,,,1
28000,'H:113:6:Sunday:3:26MAR:1234567',825,,24752,36,,,1,101,,24753,36,,,1,100,,24754,36,,,1,100,,24755,36,,,1,100,,24763,36,,,1,100,,24757,36,,,1,100,,24756,36,,,1,100,,24758,36,,,1,100,,24759,36,,,1,99,,24760,36,,,1,100,,24764,36,,,1,100,,24762,36,,,1,100,,24761,36,,,1
28000,'H:123:0:Weekday:3:26MAR:12345',524,,24765,36,,,1,180,,24777,13,,,1,33,,24766,36,,,1,99,,24768,36,,,1,71,,24781,13,,,1,29,,24769,36,,,1,100,,24782,36,,,1,101,,24767,36,,,1,200,,24770,36,,,1,178,,24780,13,,,1,23,,24771,36,,,1,76,,24779,13,,,1,100,,24778,13,,,1,28,,24773,36,,,1,94,,24774,36,,,1,93,,24775,36,,,1,100,,24772,36,,,1,99,,24776,36,,,1
28000,'H:123:0:Weekday:4:26MAR:12345',524,,24783,36,,,1,180,,24795,13,,,1,33,,24784,36,,,1,99,,24786,36,,,1,71,,24799,13,,,1,29,,24787,36,,,1,100,,24800,36,,,1,101,,24785,36,,,1,200,,24788,36,,,1,178,,24798,13,,,1,23,,24789,36,,,1,76,,24797,13,,,1,100,,24796,13,,,1,28,,24791,36,,,1,94,,24792,36,,,1,93,,24793,36,,,1,100,,24790,36,,,1,99,,24794,36,,,1
28000,'H:173:5:Saturday:3:26MAR:6',724,,24813,36,,,1,100,,24801,36,,,1,100,,24809,36,,,1,102,,24802,36,,,1,101,,24811,36,,,1,101,,24812,36,,,1,100,,24803,36,,,1,99,,24804,36,,,1,100,,24806,36,,,1,99,,24805,36,,,1,100,,24807,36,,,1,100,,24808,36,,,1,99,,24810,36,,,1,100,,24814,36,,,1
28000,'KP:323:0:Weekday:3:26MAR:12345',629,,24820,36,,,1,178,,24819,13,,,1,430,,24815,36,,,1,176,,24816,13,,,1,25,,24818,36,,,1,199,,24817,36,,,1
28000,'KP:323:0:Weekday:4:26MAR:12345',629,,24826,36,,,1,178,,24825,13,,,1,430,,24821,36,,,1,176,,24822,13,,,1,25,,24824,36,,,1,199,,24823,36,,,1
28001,'H:113:6:Sunday:3:26MAR:1234567',743,,24828,13,,,1,100,,24827,13,,,1,101,,24829,13,,,1,100,,24838,13,,,1,100,,24830,13,,,1,100,,24831,13,,,1,100,,24832,13,,,1,100,,24833,13,,,1,100,,24834,13,,,1,100,,24839,13,,,1,100,,24836,13,,,1,100,,24835,13,,,1,100,,24837,13,,,1
28001,'H:123:0:Weekday:3:26MAR:12345',613,,24841,13,,,1,100,,24840,13,,,1,101,,24842,13,,,1,25,,24853,13,0,8 7,1,75,,24856,13,,,1,100,,24843,13,,,1,201,,24844,13,,,1,201,,24845,13,,,1,20,,24855,13,0,8 7,1,101,,24852,13,0,8 7,1,76,,24851,13,,,1,25,,24846,13,0,8 7,1,75,,24847,13,,,1,99,,24848,13,,,1,24,,24854,13,0,8 7,1,74,,24849,13,,,1,104,,24850,13,,,1
28001,'H:123:0:Weekday:4:26MAR:12345',613,,24858,13,,,1,100,,24857,13,,,1,101,,24859,13,,,1,25,,24870,13,0,8 7,1,75,,24873,13,,,1,100,,24860,13,,,1,201,,24861,13,,,1,201,,24862,13,,,1,20,,24872,13,0,8 7,1,101,,24869,13,0,8 7,1,76,,24868,13,,,1,25,,24863,13,0,8 7,1,75,,24864,13,,,1,99,,24865,13,,,1,24,,24871,13,0,8 7,1,74,,24866,13,,,1,104,,24867,13,,,1
28001,'H:173:5:Saturday:3:26MAR:6',743,,24882,13,,,1,100,,24874,13,,,1,100,,24885,13,,,1,102,,24880,13,,,1,100,,24883,13,,,1,100,,24881,13,,,1,100,,24879,13,,,1,100,,24876,13,,,1,100,,24878,13,,,1,100,,24875,13,,,1,100,,24877,13,,,1,99,,24884,13,,,1,100,,24886,13,,,1
28001,'KP:323:0:Weekday:3:26MAR:12345',738,,24891,13,0,8 7,1,377,,24887,13,,,1,201,,24890,13,,,1,195,,24888,13,,,1,227,,24889,13,0,8 7,1
28001,'KP:323:0:Weekday:4:26MAR:12345',738,,24896,13,0,8 7,1,377,,24892,13,,,1,201,,24895,13,,,1,195,,24893,13,,,1,227,,24894,13,0,8 7,1
90300,'H:123:0:Weekday:3:26MAR:12345',454,,26886,2,,,1
90300,'H:123:0:Weekday:4:26MAR:12345',454,,26887,2,,,1
90300,'KP:323:0:Weekday:3:26MAR:12345',528,,26889,2,,,1,27,,26890,2,,,1,65,,26891,2,,,1,32,,26888,2,,,1,75,,26892,2,,,1,80,,26893,2,,,1
90300,'KP:323:0:Weekday:4:26MAR:12345',528,,26895,2,,,1,27,,26896,2,,,1,65,,26897,2,,,1,32,,26894,2,,,1,75,,26898,2,,,1,80,,26899,2,,,1
90301,'H:123:0:Weekday:3:26MAR:12345',1656,,26900,13,,,1
90301,'H:123:0:Weekday:4:26MAR:12345',1656,,26901,13,,,1
90301,'KP:323:0:Weekday:3:26MAR:12345',1600,,26902,13,,,1,32,,26904,13,,,1,94,,26908,13,,,1,27,,26903,13,,,1,69,,26909,13,,,1,29,,26907,13,,,1,73,,26905,13,,,1,34,,26906,13,,,1
90301,'KP:323:0:Weekday:4:26MAR:12345',1600,,26910,13,,,1,32,,26912,13,,,1,94,,26916,13,,,1,27,,26911,13,,,1,69,,26917,13,,,1,29,,26915,13,,,1,73,,26913,13,,,1,34,,26914,13,,,1
