10200,'H:111:6:Sunday:1:26SEP:1234567',731,,27569,24,,,1,70,,27584,24,,,1,31,,27570,24,,,1,70,,27585,24,,,1,31,,27571,24,,,1,70,,27586,24,,,1,30,,27572,24,,,1,70,,27587,24,,,1,31,,27573,24,,,1,70,,27588,24,,,1,30,,27574,24,,,1,71,,27589,24,,,1,30,,27575,24,,,1,70,,27590,24,,,1,30,,27576,24,,,1,70,,27591,24,,,1,30,,27577,24,,,1,70,,27592,24,,,1,30,,27579,24,,,1,69,,27593,24,,,1,30,,27580,24,,,1,70,,27594,24,,,1,29,,27581,24,,,1,70,,27595,24,,,1,29,,27578,24,,,1,100,,27582,24,,,1,100,,27583,24,,,1,100,,27596,24,,,1
10200,'H:111:6:Sunday:2:26SEP:1234567',731,,27597,24,,,1,70,,27612,24,,,1,31,,27598,24,,,1,70,,27613,24,,,1,31,,27599,24,,,1,70,,27614,24,,,1,30,,27600,24,,,1,70,,27615,24,,,1,31,,27601,24,,,1,70,,27616,24,,,1,30,,27602,24,,,1,71,,27617,24,,,1,30,,27603,24,,,1,70,,27618,24,,,1,30,,27604,24,,,1,70,,27619,24,,,1,30,,27605,24,,,1,70,,27620,24,,,1,30,,27607,24,,,1,69,,27621,24,,,1,30,,27608,24,,,1,70,,27622,24,,,1,29,,27609,24,,,1,70,,27623,24,,,1,29,,27606,24,,,1,100,,27610,24,,,1,100,,27611,24,,,1,100,,27624,24,,,1
10200,'H:121:0:Weekday:1:26SEP:12345',537,,27635,24,,,1,70,,27632,24,,,1,27,,27626,24,,,1,100,,27625,24,,,1,207,,27627,24,,,1,70,,27641,24,,,1,100,,27638,24,,,1,100,,27642,24,,,1,206,,27628,24,,,1,25,,27639,24,,,1,70,,27640,24,,,1,101,,27636,24,,,1,100,,27637,24,,,1,29,,27634,24,,,1,168,,27629,24,,,1,128,,27633,24,,,1,99,,27630,24,,,1,100,,27631,24,,,1
10200,'H:121:0:Weekday:2:26SEP:12345',537,,27653,24,,,1,70,,27650,24,,,1,27,,27644,24,,,1,100,,27643,24,,,1,207,,27645,24,,,1,70,,27659,24,,,1,100,,27656,24,,,1,100,,27660,24,,,1,206,,27646,24,,,1,25,,27657,24,,,1,70,,27658,24,,,1,101,,27654,24,,,1,100,,27655,24,,,1,29,,27652,24,,,1,168,,27647,24,,,1,128,,27651,24,,,1,99,,27648,24,,,1,100,,27649,24,,,1
10200,'H:171:5:Saturday:1:26SEP:6',632,,27665,24,,,1,70,,27666,24,,,1,30,,27667,24,,,1,70,,27668,24,,,1,31,,27669,24,,,1,69,,27670,24,,,1,32,,27671,24,,,1,71,,27672,24,,,1,30,,27673,24,,,1,71,,27674,24,,,1,30,,27675,24,,,1,70,,27676,24,,,1,30,,27677,24,,,1,70,,27678,24,,,1,30,,27680,24,,,1,70,,27681,24,,,1,30,,27683,24,,,1,69,,27679,24,,,1,31,,27684,24,,,1,70,,27685,24,,,1,30,,27682,24,,,1,69,,27686,24,,,1,30,,27687,24,,,1,70,,27688,24,,,1,29,,27689,24,,,1,70,,27690,24,,,1,30,,27662,24,,,1,99,,27664,24,,,1,99,,27663,24,,,1,100,,27661,24,,,1
10200,'H:171:5:Saturday:2:26SEP:6',632,,27695,24,,,1,70,,27696,24,,,1,30,,27697,24,,,1,70,,27698,24,,,1,31,,27699,24,,,1,69,,27700,24,,,1,32,,27701,24,,,1,71,,27702,24,,,1,30,,27703,24,,,1,71,,27704,24,,,1,30,,27705,24,,,1,70,,27706,24,,,1,30,,27707,24,,,1,70,,27708,24,,,1,30,,27710,24,,,1,70,,27711,24,,,1,30,,27713,24,,,1,69,,27709,24,,,1,31,,27714,24,,,1,70,,27715,24,,,1,30,,27712,24,,,1,69,,27716,24,,,1,30,,27717,24,,,1,70,,27718,24,,,1,29,,27719,24,,,1,70,,27720,24,,,1,30,,27692,24,,,1,99,,27694,24,,,1,99,,27693,24,,,1,100,,27691,24,,,1
10200,'KP:321:0:Weekday:1:26SEP:12345',704,,27727,24,,,1,100,,27728,24,,,1,37,,27732,24,,,1,70,,27729,24,,,1,130,,27734,24,,,1,100,,27721,24,,,1,100,,27722,24,,,1,70,,27733,24,,,1,30,,27723,24,,,1,201,,27724,24,,,1,101,,27731,24,,,1,169,,27730,24,,,1,29,,27726,24,,,1,98,,27725,24,,,1
10200,'KP:321:0:Weekday:2:26SEP:12345',704,,27741,24,,,1,100,,27742,24,,,1,37,,27746,24,,,1,70,,27743,24,,,1,130,,27748,24,,,1,100,,27735,24,,,1,100,,27736,24,,,1,70,,27747,24,,,1,30,,27737,24,,,1,201,,27738,24,,,1,101,,27745,24,,,1,169,,27744,24,,,1,29,,27740,24,,,1,98,,27739,24,,,1
13000,'H:111:6:Sunday:1:26SEP:1234567',721,,30235,48,,,1,101,,30237,48,,,1,102,,30236,48,,,1,102,,30238,48,,,1,101,,30241,48,,,1,100,,30239,48,,,1,102,,30240,48,,,1,100,,30243,48,,,1,99,,30242,48,,,1,100,,30244,48,,,1,100,,30245,48,,,1,98,,30246,48,,,1,98,,30247,48,,,1,98,,30248,48,,,1,100,,30249,48,,,1
13000,'H:111:6:Sunday:2:26SEP:1234567',721,,30250,48,,,1,101,,30252,48,,,1,102,,30251,48,,,1,102,,30253,48,,,1,101,,30256,48,,,1,100,,30254,48,,,1,102,,30255,48,,,1,100,,30258,48,,,1,99,,30257,48,,,1,100,,30259,48,,,1,100,,30260,48,,,1,98,,30261,48,,,1,98,,30262,48,,,1,98,,30263,48,,,1,100,,30264,48,,,1
13000,'H:121:0:Weekday:1:26SEP:12345',551,,30284,48,,,1,73,,30287,48,,,1,31,,30273,48,,,1,71,,30288,48,,,1,31,,30265,48,,,1,73,,30275,48,,,1,70,,30266,48,,,1,29,,30289,48,,,1,29,,30274,48,,,1,71,,30291,48,,,1,30,,30283,48,,,1,71,,30292,48,,,1,70,,30280,48,,,1,30,,30293,48,,,1,70,,30281,48,,,1,30,,30294,48,,,1,70,,30282,48,,,1,30,,30295,48,,,1,72,,30279,48,,,1,30,,30296,48,,,1,71,,30267,48,,,1,31,,30285,48,,,1,70,,30277,48,,,1,30,,30276,48,,,1,69,,30268,48,,,1,28,,30278,48,,,1,69,,30269,48,,,1,28,,30290,48,,,1,29,,30270,48,,,1,98,,30271,48,,,1,99,,30272,48,,,1,98,,30286,48,,,1
13000,'H:121:0:Weekday:2:26SEP:12345',551,,30316,48,,,1,73,,30319,48,,,1,31,,30305,48,,,1,71,,30320,48,,,1,31,,30297,48,,,1,73,,30307,48,,,1,70,,30298,48,,,1,29,,30321,48,,,1,29,,30306,48,,,1,71,,30323,48,,,1,30,,30315,48,,,1,71,,30324,48,,,1,70,,30312,48,,,1,30,,30325,48,,,1,70,,30313,48,,,1,30,,30326,48,,,1,70,,30314,48,,,1,30,,30327,48,,,1,72,,30311,48,,,1,30,,30328,48,,,1,71,,30299,48,,,1,31,,30317,48,,,1,70,,30309,48,,,1,30,,30308,48,,,1,69,,30300,48,,,1,28,,30310,48,,,1,69,,30301,48,,,1,28,,30322,48,,,1,29,,30302,48,,,1,98,,30303,48,,,1,99,,30304,48,,,1,98,,30318,48,,,1
13000,'H:171:5:Saturday:1:26SEP:6',620,,30344,48,,,1,101,,30329,48,,,1,103,,30330,48,,,1,101,,30331,48,,,1,101,,30332,48,,,1,103,,30333,48,,,1,101,,30334,48,,,1,100,,30335,48,,,1,100,,30336,48,,,1,100,,30337,48,,,1,100,,30338,48,,,1,99,,30339,48,,,1,99,,30340,48,,,1,98,,30341,48,,,1,99,,30342,48,,,1,97,,30343,48,,,1,99,,30345,48,,,1
13000,'H:171:5:Saturday:2:26SEP:6',620,,30361,48,,,1,101,,30346,48,,,1,103,,30347,48,,,1,101,,30348,48,,,1,101,,30349,48,,,1,103,,30350,48,,,1,101,,30351,48,,,1,100,,30352,48,,,1,100,,30353,48,,,1,100,,30354,48,,,1,100,,30355,48,,,1,99,,30356,48,,,1,99,,30357,48,,,1,98,,30358,48,,,1,99,,30359,48,,,1,97,,30360,48,,,1,99,,30362,48,,,1
90900,'H:111:6:Sunday:1:26SEP:1234567',657,,35437,20,,,1,80,,35438,20,,,1,100,,35439,20,,,1,85,,35440,20,,,1,85,,35441,20,,,1,45,,35442,20,,,1,85,,35443,20,,,1,85,,35444,20,,,1,100,,35445,20,,,1,90,,35446,20,,,1,90,,35447,20,,,1,40,,35448,20,,,1,90,,35449,20,,,1,80,,35450,20,,,1,90,,35452,20,,,1,40,,35453,20,,,1,85,,35454,20,,,1,90,,35451,20,,,1,35,,35455,20,,,1,85,,35456,20,,,1,75,,35457,20,,,1
90900,'H:111:6:Sunday:2:26SEP:1234567',657,,35458,20,,,1,80,,35459,20,,,1,100,,35460,20,,,1,85,,35461,20,,,1,85,,35462,20,,,1,45,,35463,20,,,1,85,,35464,20,,,1,85,,35465,20,,,1,100,,35466,20,,,1,90,,35467,20,,,1,90,,35468,20,,,1,40,,35469,20,,,1,90,,35470,20,,,1,80,,35471,20,,,1,90,,35473,20,,,1,40,,35474,20,,,1,85,,35475,20,,,1,90,,35472,20,,,1,35,,35476,20,,,1,85,,35477,20,,,1,75,,35478,20,,,1
90900,'H:121:0:Weekday:1:26SEP:12345',557,,35479,20,,,1,100,,35480,20,,,1,80,,35481,20,,,1,100,,35482,20,,,1,170,,35483,20,,,1,45,,35484,20,,,1,85,,35485,20,,,1,85,,35486,20,,,1,100,,35487,20,,,1,90,,35488,20,,,1,89,,35489,20,,,1,40,,35490,20,,,1,90,,35491,20,,,1,80,,35492,20,,,1,90,,35493,20,,,1,41,,35494,20,,,1,85,,35495,20,,,1,90,,35496,20,,,1,35,,35497,20,,,1,160,,35498,20,,,1
90900,'H:121:0:Weekday:2:26SEP:12345',557,,35499,20,,,1,100,,35500,20,,,1,80,,35501,20,,,1,100,,35502,20,,,1,170,,35503,20,,,1,45,,35504,20,,,1,85,,35505,20,,,1,85,,35506,20,,,1,100,,35507,20,,,1,90,,35508,20,,,1,89,,35509,20,,,1,40,,35510,20,,,1,90,,35511,20,,,1,80,,35512,20,,,1,90,,35513,20,,,1,41,,35514,20,,,1,85,,35515,20,,,1,90,,35516,20,,,1,35,,35517,20,,,1,160,,35518,20,,,1
90900,'H:171:5:Saturday:1:26SEP:6',557,,35519,20,,,1,100,,35520,20,,,1,80,,35522,20,,,1,100,,35523,20,,,1,86,,35524,20,,,1,84,,35521,20,,,1,45,,35525,20,,,1,84,,35526,20,,,1,85,,35527,20,,,1,100,,35528,20,,,1,90,,35529,20,,,1,91,,35530,20,,,1,40,,35531,20,,,1,90,,35532,20,,,1,80,,35533,20,,,1,90,,35534,20,,,1,40,,35535,20,,,1,85,,35536,20,,,1,90,,35537,20,,,1,35,,35538,20,,,1,85,,35539,20,,,1,75,,35540,20,,,1,45,,35541,20,,,1
90900,'H:171:5:Saturday:2:26SEP:6',557,,35542,20,,,1,100,,35543,20,,,1,80,,35545,20,,,1,100,,35546,20,,,1,86,,35547,20,,,1,84,,35544,20,,,1,45,,35548,20,,,1,84,,35549,20,,,1,85,,35550,20,,,1,100,,35551,20,,,1,90,,35552,20,,,1,91,,35553,20,,,1,40,,35554,20,,,1,90,,35555,20,,,1,80,,35556,20,,,1,90,,35557,20,,,1,40,,35558,20,,,1,85,,35559,20,,,1,90,,35560,20,,,1,35,,35561,20,,,1,85,,35562,20,,,1,75,,35563,20,,,1,45,,35564,20,,,1
90900,'KP:321:0:Weekday:1:26SEP:12345',923,,35565,20,,,1
90900,'KP:321:0:Weekday:2:26SEP:12345',923,,35566,20,,,1
