10100,'H:111:6:Sunday:1:26SEP:1234567',725,,27256,32,4,,1,101,,27262,32,4,,1,102,,27253,32,4,,1,101,,27254,32,4,,1,101,,27258,32,4,,1,101,,27263,32,4,,1,101,,27255,32,4,,1,70,,27266,32,4,,1,30,,27259,32,4,,1,70,,27267,32,4,,1,30,,27260,32,4,,1,70,,27268,32,4,,1,30,,27252,32,4,,1,70,,27269,32,4,,1,29,,27257,32,4,,1,69,,27270,32,4,,1,29,,27251,32,4,,1,99,,27261,32,4,,1,98,,27264,32,4,,1,99,,27265,32,4,,1
10100,'H:111:6:Sunday:2:26SEP:1234567',725,,27276,32,4,,1,101,,27282,32,4,,1,102,,27273,32,4,,1,101,,27274,32,4,,1,101,,27278,32,4,,1,101,,27283,32,4,,1,101,,27275,32,4,,1,70,,27286,32,4,,1,30,,27279,32,4,,1,70,,27287,32,4,,1,30,,27280,32,4,,1,70,,27288,32,4,,1,30,,27272,32,4,,1,70,,27289,32,4,,1,29,,27277,32,4,,1,69,,27290,32,4,,1,29,,27271,32,4,,1,99,,27281,32,4,,1,98,,27284,32,4,,1,99,,27285,32,4,,1
10100,'H:121:0:Weekday:1:26SEP:12345',550,,27292,32,4,,1,72,,27293,32,4,,1,33,,27324,32,4,,1,146,,27295,32,4,,1,30,,27291,32,4,,1,70,,27296,32,4,,1,28,,27294,32,4,,1,30,,27297,32,4,,1,70,,27322,32,4,,1,30,,27298,32,4,,1,100,,27300,32,4,,1,71,,27318,32,4,,1,71,,27301,32,4,,1,31,,27317,32,4,,1,71,,27302,32,4,,1,30,,27323,32,4,,1,71,,27299,32,4,,1,31,,27303,32,4,,1,71,,27304,32,4,,1,30,,27306,32,4,,1,70,,27307,32,4,,1,30,,27308,32,4,,1,67,,27305,32,4,,1,29,,27310,32,4,,1,69,,27311,32,4,,1,28,,27312,32,4,,1,27,,27309,32,4,,1,69,,27313,32,4,,1,30,,27319,32,4,,1,69,,27314,32,4,,1,29,,27320,32,4,,1,69,,27315,32,4,,1,28,,27321,32,4,,1,79,,27316,32,4,,1
10100,'H:121:0:Weekday:2:26SEP:12345',550,,27326,32,4,,1,72,,27327,32,4,,1,33,,27358,32,4,,1,146,,27329,32,4,,1,30,,27325,32,4,,1,70,,27330,32,4,,1,28,,27328,32,4,,1,30,,27331,32,4,,1,70,,27356,32,4,,1,30,,27332,32,4,,1,100,,27334,32,4,,1,71,,27352,32,4,,1,71,,27335,32,4,,1,31,,27351,32,4,,1,71,,27336,32,4,,1,30,,27357,32,4,,1,71,,27333,32,4,,1,31,,27337,32,4,,1,71,,27338,32,4,,1,30,,27340,32,4,,1,70,,27341,32,4,,1,30,,27342,32,4,,1,67,,27339,32,4,,1,29,,27344,32,4,,1,69,,27345,32,4,,1,28,,27346,32,4,,1,27,,27343,32,4,,1,69,,27347,32,4,,1,30,,27353,32,4,,1,69,,27348,32,4,,1,29,,27354,32,4,,1,69,,27349,32,4,,1,28,,27355,32,4,,1,79,,27350,32,4,,1
10100,'H:171:5:Saturday:1:26SEP:6',622,,27368,32,4,,1,105,,27359,32,4,,1,101,,27367,32,4,,1,102,,27370,32,4,,1,104,,27360,32,4,,1,101,,27366,32,4,,1,70,,27375,32,4,,1,30,,27372,32,4,,1,70,,27376,32,4,,1,30,,27361,32,4,,1,70,,27377,32,4,,1,30,,27373,32,4,,1,70,,27378,32,4,,1,30,,27362,32,4,,1,70,,27379,32,4,,1,30,,27363,32,4,,1,68,,27380,32,4,,1,30,,27364,32,4,,1,67,,27381,32,4,,1,30,,27369,32,4,,1,99,,27365,32,4,,1,100,,27374,32,4,,1,98,,27371,32,4,,1
10100,'H:171:5:Saturday:2:26SEP:6',622,,27391,32,4,,1,105,,27382,32,4,,1,101,,27390,32,4,,1,102,,27393,32,4,,1,104,,27383,32,4,,1,101,,27389,32,4,,1,70,,27398,32,4,,1,30,,27395,32,4,,1,70,,27399,32,4,,1,30,,27384,32,4,,1,70,,27400,32,4,,1,30,,27396,32,4,,1,70,,27401,32,4,,1,30,,27385,32,4,,1,70,,27402,32,4,,1,30,,27386,32,4,,1,68,,27403,32,4,,1,30,,27387,32,4,,1,67,,27404,32,4,,1,30,,27392,32,4,,1,99,,27388,32,4,,1,100,,27397,32,4,,1,98,,27394,32,4,,1
10100,'KP:321:0:Weekday:1:26SEP:12345',729,,27406,32,4,,1,400,,27405,32,4,,1
10100,'KP:321:0:Weekday:2:26SEP:12345',729,,27408,32,4,,1,400,,27407,32,4,,1
11400,'H:111:6:Sunday:1:26SEP:1234567',735,,28971,28,4,,1,101,,28972,28,4,,1,101,,28973,28,4,,1,100,,28974,28,4,,1,102,,28975,28,4,,1,100,,28976,28,4,,1,100,,28977,28,4,,1,101,,28978,28,4,,1,100,,28981,28,4,,1,100,,28982,28,4,,1,99,,28983,28,4,,1,100,,28979,28,4,,1,98,,28980,28,4,,1,99,,28984,28,4,,1
11400,'H:111:6:Sunday:2:26SEP:1234567',735,,28985,28,4,,1,101,,28986,28,4,,1,101,,28987,28,4,,1,100,,28988,28,4,,1,102,,28989,28,4,,1,100,,28990,28,4,,1,100,,28991,28,4,,1,101,,28992,28,4,,1,100,,28995,28,4,,1,100,,28996,28,4,,1,99,,28997,28,4,,1,100,,28993,28,4,,1,98,,28994,28,4,,1,99,,28998,28,4,,1
11400,'H:121:0:Weekday:1:26SEP:12345',540,,29026,28,4,,1,72,,29020,28,4,,1,32,,29011,28,4,,1,71,,28999,28,4,,1,30,,29013,28,4,,1,71,,29028,28,4,,1,101,,29000,28,4,,1,29,,29015,28,4,,1,70,,29022,28,4,,1,30,,29001,28,4,,1,70,,29025,28,4,,1,30,,29002,28,4,,1,70,,29027,28,4,,1,101,,29023,28,4,,1,31,,29019,28,4,,1,76,,29021,28,4,,1,25,,29003,28,4,,1,70,,29024,28,4,,1,30,,29014,28,4,,1,70,,29017,28,4,,1,31,,29004,28,4,,1,70,,29006,28,4,,1,29,,29016,28,4,,1,70,,29018,28,4,,1,28,,29005,28,4,,1,67,,29007,28,4,,1,29,,29009,28,4,,1,100,,29012,28,4,,1,99,,29010,28,4,,1,99,,29008,28,4,,1
11400,'H:121:0:Weekday:2:26SEP:12345',540,,29056,28,4,,1,72,,29050,28,4,,1,32,,29041,28,4,,1,71,,29029,28,4,,1,30,,29043,28,4,,1,71,,29058,28,4,,1,101,,29030,28,4,,1,29,,29045,28,4,,1,70,,29052,28,4,,1,30,,29031,28,4,,1,70,,29055,28,4,,1,30,,29032,28,4,,1,70,,29057,28,4,,1,101,,29053,28,4,,1,31,,29049,28,4,,1,76,,29051,28,4,,1,25,,29033,28,4,,1,70,,29054,28,4,,1,30,,29044,28,4,,1,70,,29047,28,4,,1,31,,29034,28,4,,1,70,,29036,28,4,,1,29,,29046,28,4,,1,70,,29048,28,4,,1,28,,29035,28,4,,1,67,,29037,28,4,,1,29,,29039,28,4,,1,100,,29042,28,4,,1,99,,29040,28,4,,1,99,,29038,28,4,,1
11400,'H:171:5:Saturday:1:26SEP:6',636,,29074,28,4,,1,100,,29059,28,4,,1,101,,29060,28,4,,1,102,,29062,28,4,,1,100,,29065,28,4,,1,101,,29064,28,4,,1,101,,29061,28,4,,1,100,,29075,28,4,,1,100,,29063,28,4,,1,100,,29069,28,4,,1,100,,29067,28,4,,1,99,,29071,28,4,,1,99,,29068,28,4,,1,99,,29066,28,4,,1,98,,29072,28,4,,1,100,,29070,28,4,,1,100,,29073,28,4,,1
11400,'H:171:5:Saturday:2:26SEP:6',636,,29091,28,4,,1,100,,29076,28,4,,1,101,,29077,28,4,,1,102,,29079,28,4,,1,100,,29082,28,4,,1,101,,29081,28,4,,1,101,,29078,28,4,,1,100,,29092,28,4,,1,100,,29080,28,4,,1,100,,29086,28,4,,1,100,,29084,28,4,,1,99,,29088,28,4,,1,99,,29085,28,4,,1,99,,29083,28,4,,1,98,,29089,28,4,,1,100,,29087,28,4,,1,100,,29090,28,4,,1
11400,'KP:321:0:Weekday:1:26SEP:12345',848,,29094,28,4,,1,399,,29093,28,4,,1
11400,'KP:321:0:Weekday:2:26SEP:12345',848,,29096,28,4,,1,399,,29095,28,4,,1
