10200,'H:111:6:Sunday:3:26SEP:1234567',733,,35855,26,4,,1,70,,35870,26,4,,1,31,,35856,26,4,,1,70,,35871,26,4,,1,31,,35857,26,4,,1,70,,35872,26,4,,1,30,,35858,26,4,,1,70,,35873,26,4,,1,31,,35859,26,4,,1,70,,35874,26,4,,1,30,,35860,26,4,,1,71,,35875,26,4,,1,30,,35861,26,4,,1,70,,35876,26,4,,1,30,,35862,26,4,,1,70,,35877,26,4,,1,30,,35863,26,4,,1,70,,35878,26,4,,1,30,,35865,26,4,,1,69,,35879,26,4,,1,30,,35866,26,4,,1,70,,35880,26,4,,1,29,,35867,26,4,,1,70,,35881,26,4,,1,29,,35864,26,4,,1,100,,35868,26,4,,1,100,,35869,26,4,,1,100,,35882,26,4,,1
10200,'H:121:0:Weekday:3:26SEP:12345',539,,35893,26,4,,1,70,,35890,26,4,,1,27,,35884,26,4,,1,100,,35883,26,4,,1,207,,35885,26,4,,1,70,,35899,26,4,,1,100,,35896,26,4,,1,101,,35900,26,4,,1,206,,35886,26,4,,1,25,,35897,26,4,,1,70,,35898,26,4,,1,101,,35894,26,4,,1,100,,35895,26,4,,1,29,,35892,26,4,,1,168,,35887,26,4,,1,127,,35891,26,4,,1,99,,35888,26,4,,1,100,,35889,26,4,,1
10200,'H:171:5:Saturday:3:26SEP:6',634,,35905,26,4,,1,70,,35906,26,4,,1,30,,35907,26,4,,1,70,,35908,26,4,,1,31,,35909,26,4,,1,101,,35911,26,4,,1,71,,35912,26,4,,1,30,,35913,26,4,,1,72,,35914,26,4,,1,30,,35915,26,4,,1,70,,35916,26,4,,1,30,,35917,26,4,,1,99,,35920,26,4,,1,70,,35921,26,4,,1,30,,35923,26,4,,1,100,,35924,26,4,,1,70,,35925,26,4,,1,30,,35922,26,4,,1,69,,35926,26,4,,1,30,,35927,26,4,,1,70,,35928,26,4,,1,29,,35929,26,4,,1,70,,35930,26,4,,1,30,,35902,26,4,,1,99,,35904,26,4,,1,99,,35903,26,4,,1,100,,35901,26,4,,1
10200,'KP:321:0:Weekday:3:26SEP:12345',706,,35937,26,4,,1,100,,35938,26,4,,1,37,,35942,26,4,,1,70,,35939,26,4,,1,130,,35944,26,4,,1,100,,35931,26,4,,1,101,,35932,26,4,,1,70,,35943,26,4,,1,30,,35933,26,4,,1,201,,35934,26,4,,1,101,,35941,26,4,,1,169,,35940,26,4,,1,29,,35936,26,4,,1,97,,35935,26,4,,1
13000,'H:121:0:Weekday:3:26SEP:12345',833,,37213,50,4,,1
13000,'H:171:5:Saturday:3:26SEP:6',1233,,37240,50,4,,1,100,,37241,50,4,,1,100,,37242,50,4,,1,100,,37243,50,4,,1
16600,'H:111:6:Sunday:3:26SEP:1234567',725,,37316,58,4,,1,102,,37317,58,4,,1,102,,37318,58,4,,1,101,,37319,58,4,,1,100,,37320,58,4,,1,101,,37321,58,4,,1,101,,37322,58,4,,1,100,,37323,58,4,,1,100,,37324,58,4,,1,100,,37325,58,4,,1,99,,37326,58,4,,1,99,,37327,58,4,,1,99,,37328,58,4,,1,99,,37329,58,4,,1,99,,37330,58,4,,1,99,,37331,58,4,,1
16600,'H:121:0:Weekday:3:26SEP:12345',534,,37344,58,4,,1,101,,37342,58,4,,1,205,,37337,58,4,,1,101,,37348,58,4,,1,100,,37349,58,4,,1,201,,37335,58,4,,1,70,,37345,58,4,,1,30,,37350,58,4,,1,101,,37339,58,4,,1,101,,37338,58,4,,1,200,,37336,58,4,,1,70,,37346,58,4,,1,28,,37347,58,4,,1,98,,37341,58,4,,1,99,,37333,58,4,,1,99,,37334,58,4,,1,98,,37340,58,4,,1,98,,37343,58,4,,1
16600,'H:171:5:Saturday:3:26SEP:6',627,,37351,58,4,,1,101,,37352,58,4,,1,101,,37354,58,4,,1,102,,37355,58,4,,1,103,,37356,58,4,,1,100,,37353,58,4,,1,100,,37357,58,4,,1,100,,37359,58,4,,1,100,,37360,58,4,,1,100,,37364,58,4,,1,100,,37362,58,4,,1,100,,37365,58,4,,1,99,,37363,58,4,,1,98,,37361,58,4,,1,99,,37366,58,4,,1,99,,37358,58,4,,1,98,,37367,58,4,,1
16600,'KP:321:0:Weekday:3:26SEP:12345',605,,37376,58,4,,1,103,,37375,58,4,,1,32,,37378,58,4,,1,271,,37371,58,4,,1,100,,37370,58,4,,1,31,,37382,58,4,,1,70,,37369,58,4,,1,201,,37381,58,4,,1,101,,37379,58,4,,1,100,,37380,58,4,,1,30,,37377,58,4,,1,70,,37374,58,4,,1,198,,37368,58,4,,1,98,,37373,58,4,,1
90900,'H:171:5:Saturday:3:26SEP:6',925,,39835,22,4,,1
90900,'KP:321:0:Weekday:3:26SEP:12345',925,,39853,22,4,,1
