13001,'H:111:6:Sunday:1:26SEP:1234567',648,,30377,2,,,1,99,,30363,2,,,1,98,,30364,2,,,1,98,,30365,2,,,1,99,,30366,2,,,1,104,,30367,2,,,1,99,,30368,2,,,1,98,,30369,2,,,1,99,,30370,2,,,1,100,,30371,2,,,1,102,,30372,2,,,1,100,,30374,2,,,1,98,,30373,2,,,1,97,,30375,2,,,1,101,,30376,2,,,1
13001,'H:111:6:Sunday:2:26SEP:1234567',648,,30392,2,,,1,99,,30378,2,,,1,98,,30379,2,,,1,98,,30380,2,,,1,99,,30381,2,,,1,104,,30382,2,,,1,99,,30383,2,,,1,98,,30384,2,,,1,99,,30385,2,,,1,100,,30386,2,,,1,102,,30387,2,,,1,100,,30389,2,,,1,98,,30388,2,,,1,97,,30390,2,,,1,101,,30391,2,,,1
13001,'H:121:0:Weekday:1:26SEP:12345',433,,30415,2,,,1,68,,30417,2,,,1,29,,30400,2,,,1,27,,30418,2,,,1,69,,30401,2,,,1,28,,30394,2,,,1,70,,30402,2,,,1,29,,30396,2,,,1,71,,30403,2,,,1,30,,30419,2,,,1,71,,30393,2,,,1,30,,30420,2,,,1,69,,30411,2,,,1,29,,30421,2,,,1,70,,30409,2,,,1,30,,30422,2,,,1,69,,30407,2,,,1,30,,30423,2,,,1,69,,30408,2,,,1,30,,30424,2,,,1,68,,30410,2,,,1,29,,30405,2,,,1,68,,30414,2,,,1,31,,30406,2,,,1,71,,30413,2,,,1,30,,30395,2,,,1,71,,30404,2,,,1,30,,30397,2,,,1,73,,30412,2,,,1,103,,30398,2,,,1,107,,30399,2,,,1,97,,30416,2,,,1
13001,'H:121:0:Weekday:2:26SEP:12345',433,,30447,2,,,1,68,,30449,2,,,1,29,,30432,2,,,1,27,,30450,2,,,1,69,,30433,2,,,1,28,,30426,2,,,1,70,,30434,2,,,1,29,,30428,2,,,1,71,,30435,2,,,1,30,,30451,2,,,1,71,,30425,2,,,1,30,,30452,2,,,1,69,,30443,2,,,1,29,,30453,2,,,1,70,,30441,2,,,1,30,,30454,2,,,1,69,,30439,2,,,1,30,,30455,2,,,1,69,,30440,2,,,1,30,,30456,2,,,1,68,,30442,2,,,1,29,,30437,2,,,1,68,,30446,2,,,1,31,,30438,2,,,1,71,,30445,2,,,1,30,,30427,2,,,1,71,,30436,2,,,1,30,,30429,2,,,1,73,,30444,2,,,1,103,,30430,2,,,1,107,,30431,2,,,1,97,,30448,2,,,1
13001,'H:171:5:Saturday:1:26SEP:6',548,,30473,2,,,1,100,,30457,2,,,1,99,,30458,2,,,1,95,,30459,2,,,1,99,,30460,2,,,1,98,,30461,2,,,1,103,,30462,2,,,1,100,,30463,2,,,1,100,,30464,2,,,1,100,,30465,2,,,1,100,,30466,2,,,1,100,,30467,2,,,1,101,,30468,2,,,1,98,,30469,2,,,1,96,,30470,2,,,1,101,,30471,2,,,1,101,,30472,2,,,1
13001,'H:171:5:Saturday:2:26SEP:6',548,,30490,2,,,1,100,,30474,2,,,1,99,,30475,2,,,1,95,,30476,2,,,1,99,,30477,2,,,1,98,,30478,2,,,1,103,,30479,2,,,1,100,,30480,2,,,1,100,,30481,2,,,1,100,,30482,2,,,1,100,,30483,2,,,1,100,,30484,2,,,1,101,,30485,2,,,1,98,,30486,2,,,1,96,,30487,2,,,1,101,,30488,2,,,1,101,,30489,2,,,1
90901,'H:111:6:Sunday:1:26SEP:1234567',705,,35567,2,,,1,40,,35568,2,,,1,90,,35569,2,,,1,85,,35571,2,,,1,95,,35573,2,,,1,90,,35574,2,,,1,45,,35570,2,,,1,85,,35575,2,,,1,90,,35572,2,,,1,85,,35576,2,,,1,100,,35577,2,,,1,40,,35578,2,,,1,90,,35579,2,,,1,80,,35580,2,,,1,90,,35581,2,,,1,45,,35582,2,,,1,85,,35583,2,,,1,85,,35584,2,,,1,75,,35585,2,,,1,50,,35586,2,,,1
90901,'H:111:6:Sunday:2:26SEP:1234567',705,,35587,2,,,1,40,,35588,2,,,1,90,,35589,2,,,1,85,,35591,2,,,1,95,,35593,2,,,1,90,,35594,2,,,1,45,,35590,2,,,1,85,,35595,2,,,1,90,,35592,2,,,1,85,,35596,2,,,1,100,,35597,2,,,1,40,,35598,2,,,1,90,,35599,2,,,1,80,,35600,2,,,1,90,,35601,2,,,1,45,,35602,2,,,1,85,,35603,2,,,1,85,,35604,2,,,1,75,,35605,2,,,1,50,,35606,2,,,1
90901,'H:121:0:Weekday:1:26SEP:12345',525,,35607,2,,,1,85,,35608,2,,,1,95,,35609,2,,,1,40,,35610,2,,,1,175,,35611,2,,,1,95,,35612,2,,,1,90,,35613,2,,,1,45,,35614,2,,,1,85,,35615,2,,,1,90,,35616,2,,,1,85,,35617,2,,,1,100,,35618,2,,,1,40,,35619,2,,,1,90,,35620,2,,,1,80,,35621,2,,,1,90,,35622,2,,,1,45,,35623,2,,,1,85,,35624,2,,,1,85,,35625,2,,,1,75,,35626,2,,,1,120,,35627,2,,,1
90901,'H:121:0:Weekday:2:26SEP:12345',525,,35628,2,,,1,85,,35629,2,,,1,95,,35630,2,,,1,40,,35631,2,,,1,175,,35632,2,,,1,95,,35633,2,,,1,90,,35634,2,,,1,45,,35635,2,,,1,85,,35636,2,,,1,90,,35637,2,,,1,85,,35638,2,,,1,100,,35639,2,,,1,40,,35640,2,,,1,90,,35641,2,,,1,80,,35642,2,,,1,90,,35643,2,,,1,45,,35644,2,,,1,85,,35645,2,,,1,85,,35646,2,,,1,75,,35647,2,,,1,120,,35648,2,,,1
90901,'H:171:5:Saturday:1:26SEP:6',525,,35649,2,,,1,85,,35650,2,,,1,95,,35651,2,,,1,40,,35652,2,,,1,90,,35653,2,,,1,85,,35655,2,,,1,95,,35656,2,,,1,90,,35657,2,,,1,45,,35654,2,,,1,85,,35658,2,,,1,90,,35659,2,,,1,85,,35660,2,,,1,100,,35661,2,,,1,40,,35662,2,,,1,90,,35663,2,,,1,80,,35664,2,,,1,90,,35665,2,,,1,45,,35666,2,,,1,85,,35667,2,,,1,85,,35668,2,,,1,75,,35669,2,,,1,50,,35670,2,,,1,70,,35671,2,,,1
90901,'H:171:5:Saturday:2:26SEP:6',525,,35672,2,,,1,85,,35673,2,,,1,95,,35674,2,,,1,40,,35675,2,,,1,90,,35676,2,,,1,85,,35678,2,,,1,95,,35679,2,,,1,90,,35680,2,,,1,45,,35677,2,,,1,85,,35681,2,,,1,90,,35682,2,,,1,85,,35683,2,,,1,100,,35684,2,,,1,40,,35685,2,,,1,90,,35686,2,,,1,80,,35687,2,,,1,90,,35688,2,,,1,45,,35689,2,,,1,85,,35690,2,,,1,85,,35691,2,,,1,75,,35692,2,,,1,50,,35693,2,,,1,70,,35694,2,,,1
90901,'KP:321:0:Weekday:1:26SEP:12345',835,,35695,2,,,1
90901,'KP:321:0:Weekday:2:26SEP:12345',835,,35696,2,,,1
