10300,'H:111:6:Sunday:1:26SEP:1234567',702,,27933,53,,,1,99,,27934,53,,,1,100,,27935,53,,,1,100,,27936,53,,,1,100,,27937,53,,,1,100,,27938,53,,,1,99,,27939,53,,,1,100,,27941,53,,,1,100,,27942,53,,,1,100,,27943,53,,,1,100,,27940,53,,,1,100,,27944,53,,,1,101,,27946,53,,,1,100,,27947,53,,,1,100,,27948,53,,,1,100,,27945,53,,,1,101,,27949,53,,,1
10300,'H:111:6:Sunday:2:26SEP:1234567',702,,27950,53,,,1,99,,27951,53,,,1,100,,27952,53,,,1,100,,27953,53,,,1,100,,27954,53,,,1,100,,27955,53,,,1,99,,27956,53,,,1,100,,27958,53,,,1,100,,27959,53,,,1,100,,27960,53,,,1,100,,27957,53,,,1,100,,27961,53,,,1,101,,27963,53,,,1,100,,27964,53,,,1,100,,27965,53,,,1,100,,27962,53,,,1,101,,27966,53,,,1
10300,'H:121:0:Weekday:1:26SEP:12345',506,,27975,53,,,1,30,,27976,53,,,1,70,,27977,53,,,1,29,,27996,53,,,1,70,,27978,53,,,1,30,,27997,53,,,1,69,,27979,53,,,1,30,,27998,53,,,1,70,,27980,53,,,1,30,,27981,53,,,1,70,,27982,53,,,1,30,,27983,53,,,1,70,,27985,53,,,1,30,,27986,53,,,1,70,,27987,53,,,1,30,,27984,53,,,1,70,,27988,53,,,1,29,,27989,53,,,1,70,,27990,53,,,1,30,,27991,53,,,1,70,,27992,53,,,1,30,,28001,53,,,1,70,,27993,53,,,1,30,,27994,53,,,1,70,,27995,53,,,1,31,,27972,53,,,1,70,,27971,53,,,1,30,,27973,53,,,1,70,,27974,53,,,1,30,,27999,53,,,1,71,,27967,53,,,1,30,,28000,53,,,1,70,,27969,53,,,1,100,,27970,53,,,1,101,,27968,53,,,1
10300,'H:121:0:Weekday:2:26SEP:12345',506,,28010,53,,,1,30,,28011,53,,,1,70,,28012,53,,,1,29,,28031,53,,,1,70,,28013,53,,,1,30,,28032,53,,,1,69,,28014,53,,,1,30,,28033,53,,,1,70,,28015,53,,,1,30,,28016,53,,,1,70,,28017,53,,,1,30,,28018,53,,,1,70,,28020,53,,,1,30,,28021,53,,,1,70,,28022,53,,,1,30,,28019,53,,,1,70,,28023,53,,,1,29,,28024,53,,,1,70,,28025,53,,,1,30,,28026,53,,,1,70,,28027,53,,,1,30,,28036,53,,,1,70,,28028,53,,,1,30,,28029,53,,,1,70,,28030,53,,,1,31,,28007,53,,,1,70,,28006,53,,,1,30,,28008,53,,,1,70,,28009,53,,,1,30,,28034,53,,,1,71,,28002,53,,,1,30,,28035,53,,,1,70,,28004,53,,,1,100,,28005,53,,,1,101,,28003,53,,,1
10300,'H:171:5:Saturday:1:26SEP:6',701,,28037,53,,,1,100,,28038,53,,,1,100,,28039,53,,,1,100,,28040,53,,,1,99,,28041,53,,,1,100,,28042,53,,,1,100,,28043,53,,,1,100,,28044,53,,,1,100,,28045,53,,,1,100,,28046,53,,,1,100,,28047,53,,,1,100,,28048,53,,,1,100,,28049,53,,,1,100,,28050,53,,,1,101,,28051,53,,,1,100,,28052,53,,,1,100,,28053,53,,,1,100,,28054,53,,,1
10300,'H:171:5:Saturday:2:26SEP:6',701,,28055,53,,,1,100,,28056,53,,,1,100,,28057,53,,,1,100,,28058,53,,,1,99,,28059,53,,,1,100,,28060,53,,,1,100,,28061,53,,,1,100,,28062,53,,,1,100,,28063,53,,,1,100,,28064,53,,,1,100,,28065,53,,,1,100,,28066,53,,,1,100,,28067,53,,,1,100,,28068,53,,,1,101,,28069,53,,,1,100,,28070,53,,,1,100,,28071,53,,,1,100,,28072,53,,,1
11200,'H:111:6:Sunday:1:26SEP:1234567',704,,28605,18,,,1,30,,28620,18,,,1,69,,28606,18,,,1,30,,28621,18,,,1,70,,28607,18,,,1,30,,28622,18,,,1,70,,28608,18,,,1,30,,28623,18,,,1,70,,28611,18,,,1,30,,28624,18,,,1,70,,28612,18,,,1,30,,28625,18,,,1,70,,28614,18,,,1,30,,28626,18,,,1,70,,28610,18,,,1,30,,28627,18,,,1,70,,28609,18,,,1,30,,28628,18,,,1,70,,28615,18,,,1,30,,28629,18,,,1,70,,28613,18,,,1,30,,28630,18,,,1,70,,28616,18,,,1,100,,28617,18,,,1,100,,28618,18,,,1,100,,28619,18,,,1
11200,'H:111:6:Sunday:2:26SEP:1234567',704,,28631,18,,,1,30,,28646,18,,,1,69,,28632,18,,,1,30,,28647,18,,,1,70,,28633,18,,,1,30,,28648,18,,,1,70,,28634,18,,,1,30,,28649,18,,,1,70,,28637,18,,,1,30,,28650,18,,,1,70,,28638,18,,,1,30,,28651,18,,,1,70,,28640,18,,,1,30,,28652,18,,,1,70,,28636,18,,,1,30,,28653,18,,,1,70,,28635,18,,,1,30,,28654,18,,,1,70,,28641,18,,,1,30,,28655,18,,,1,70,,28639,18,,,1,30,,28656,18,,,1,70,,28642,18,,,1,100,,28643,18,,,1,100,,28644,18,,,1,100,,28645,18,,,1
11200,'H:121:0:Weekday:1:26SEP:12345',511,,28674,18,,,1,30,,28675,18,,,1,70,,28658,18,,,1,30,,28694,18,,,1,70,,28660,18,,,1,20,,28684,18,,,1,20,,28689,18,,,1,60,,28659,18,,,1,20,,28686,18,,,1,20,,28690,18,,,1,60,,28657,18,,,1,30,,28683,18,,,1,70,,28661,18,,,1,30,,28676,18,,,1,70,,28662,18,,,1,30,,28678,18,,,1,70,,28663,18,,,1,30,,28680,18,,,1,70,,28664,18,,,1,30,,28679,18,,,1,70,,28665,18,,,1,20,,28682,18,,,1,20,,28691,18,,,1,60,,28666,18,,,1,20,,28687,18,,,1,20,,28692,18,,,1,60,,28669,18,,,1,20,,28685,18,,,1,20,,28693,18,,,1,60,,28670,18,,,1,30,,28688,18,,,1,70,,28667,18,,,1,30,,28677,18,,,1,70,,28668,18,,,1,30,,28681,18,,,1,70,,28671,18,,,1,100,,28672,18,,,1,100,,28673,18,,,1
11200,'H:121:0:Weekday:2:26SEP:12345',511,,28712,18,,,1,30,,28713,18,,,1,70,,28696,18,,,1,30,,28732,18,,,1,70,,28698,18,,,1,20,,28722,18,,,1,20,,28727,18,,,1,60,,28697,18,,,1,20,,28724,18,,,1,20,,28728,18,,,1,60,,28695,18,,,1,30,,28721,18,,,1,70,,28699,18,,,1,30,,28714,18,,,1,70,,28700,18,,,1,30,,28716,18,,,1,70,,28701,18,,,1,30,,28718,18,,,1,70,,28702,18,,,1,30,,28717,18,,,1,70,,28703,18,,,1,20,,28720,18,,,1,20,,28729,18,,,1,60,,28704,18,,,1,20,,28725,18,,,1,20,,28730,18,,,1,60,,28707,18,,,1,20,,28723,18,,,1,20,,28731,18,,,1,60,,28708,18,,,1,30,,28726,18,,,1,70,,28705,18,,,1,30,,28715,18,,,1,70,,28706,18,,,1,30,,28719,18,,,1,70,,28709,18,,,1,100,,28710,18,,,1,100,,28711,18,,,1
11200,'H:171:5:Saturday:1:26SEP:6',703,,28736,18,,,1,30,,28756,18,,,1,70,,28738,18,,,1,30,,28755,18,,,1,70,,28735,18,,,1,30,,28753,18,,,1,70,,28733,18,,,1,30,,28759,18,,,1,70,,28737,18,,,1,30,,28757,18,,,1,70,,28739,18,,,1,30,,28752,18,,,1,70,,28740,18,,,1,30,,28748,18,,,1,70,,28742,18,,,1,30,,28751,18,,,1,70,,28744,18,,,1,30,,28758,18,,,1,70,,28741,18,,,1,30,,28754,18,,,1,70,,28745,18,,,1,30,,28749,18,,,1,70,,28743,18,,,1,30,,28750,18,,,1,70,,28746,18,,,1,100,,28747,18,,,1,100,,28734,18,,,1
11200,'H:171:5:Saturday:2:26SEP:6',703,,28763,18,,,1,30,,28783,18,,,1,70,,28765,18,,,1,30,,28782,18,,,1,70,,28762,18,,,1,30,,28780,18,,,1,70,,28760,18,,,1,30,,28786,18,,,1,70,,28764,18,,,1,30,,28784,18,,,1,70,,28766,18,,,1,30,,28779,18,,,1,70,,28767,18,,,1,30,,28775,18,,,1,70,,28769,18,,,1,30,,28778,18,,,1,70,,28771,18,,,1,30,,28785,18,,,1,70,,28768,18,,,1,30,,28781,18,,,1,70,,28772,18,,,1,30,,28776,18,,,1,70,,28770,18,,,1,30,,28777,18,,,1,70,,28773,18,,,1,100,,28774,18,,,1,100,,28761,18,,,1
