20101,'H:111:6:Sunday:3:26SEP:1234567',808,,37539,39,4,,1,100,,37525,39,4,,1,101,,37527,39,4,,1,50,,37528,39,4,,1,81,,37530,39,4,,1,81,,37531,39,4,,1,80,,37529,39,4,,1,41,,37526,39,4,,1,80,,37533,39,4,,1,80,,37534,39,4,,1,40,,37535,39,4,,1,80,,37536,39,4,,1,80,,37532,39,4,,1,40,,37540,39,4,,1,79,,37541,39,4,,1,79,,37542,39,4,,1,39,,37543,39,4,,1,80,,37544,39,4,,1,89,,37537,39,4,,1,99,,37538,39,4,,1
20101,'H:121:0:Weekday:3:26SEP:12345',634,,37548,39,4,,1,222,,37562,39,4,,1,69,,37558,39,4,,1,477,,37559,39,4,,1,102,,37556,39,4,,1,31,,37561,39,4,,1,171,,37557,39,4,,1,96,,37551,39,4,,1,27,,37552,39,4,,1,29,,37560,39,4,,1,68,,37550,39,4,,1,29,,37549,39,4,,1,68,,37545,39,4,,1,29,,37547,39,4,,1,69,,37546,39,4,,1,30,,37554,39,4,,1,68,,37555,39,4,,1,29,,37553,39,4,,1
20101,'H:171:5:Saturday:3:26SEP:6',805,,37569,39,4,,1,103,,37563,39,4,,1,102,,37564,39,4,,1,91,,37575,39,4,,1,41,,37568,39,4,,1,81,,37565,39,4,,1,81,,37566,39,4,,1,40,,37577,39,4,,1,80,,37571,39,4,,1,80,,37567,39,4,,1,40,,37570,39,4,,1,80,,37576,39,4,,1,80,,37573,39,4,,1,40,,37579,39,4,,1,78,,37580,39,4,,1,79,,37581,39,4,,1,38,,37582,39,4,,1,78,,37583,39,4,,1,90,,37574,39,4,,1,99,,37572,39,4,,1,98,,37578,39,4,,1
20101,'KP:321:0:Weekday:3:26SEP:12345',715,,37584,39,4,,1,40,,37585,39,4,,1,71,,37592,39,4,,1,129,,37593,39,4,,1,71,,37594,39,4,,1,31,,37595,39,4,,1,71,,37596,39,4,,1,31,,37590,39,4,,1,71,,37598,39,4,,1,71,,37597,39,4,,1,30,,37586,39,4,,1,102,,37589,39,4,,1,173,,37588,39,4,,1,30,,37591,39,4,,1,99,,37587,39,4,,1
20201,'H:111:6:Sunday:3:26SEP:1234567',717,,37699,47,4,,1,122,,37680,47,4,,1,102,,37681,47,4,,1,100,,37683,47,4,,1,80,,37684,47,4,,1,81,,37682,47,4,,1,40,,37686,47,4,,1,81,,37685,47,4,,1,80,,37687,47,4,,1,40,,37688,47,4,,1,80,,37689,47,4,,1,81,,37691,47,4,,1,40,,37690,47,4,,1,80,,37692,47,4,,1,80,,37694,47,4,,1,39,,37695,47,4,,1,78,,37696,47,4,,1,80,,37697,47,4,,1,40,,37698,47,4,,1,99,,37693,47,4,,1,97,,37700,47,4,,1
20201,'H:121:0:Weekday:3:26SEP:12345',534,,37718,47,4,,1,202,,37709,47,4,,1,76,,37715,47,4,,1,31,,37720,47,4,,1,202,,37716,47,4,,1,71,,37717,47,4,,1,31,,37714,47,4,,1,71,,37719,47,4,,1,235,,37713,47,4,,1,103,,37706,47,4,,1,170,,37705,47,4,,1,95,,37707,47,4,,1,92,,37708,47,4,,1,98,,37704,47,4,,1,30,,37702,47,4,,1,69,,37701,47,4,,1,30,,37710,47,4,,1,70,,37711,47,4,,1,29,,37712,47,4,,1,91,,37703,47,4,,1
20201,'H:171:5:Saturday:3:26SEP:6',649,,37742,47,4,,1,71,,37735,47,4,,1,120,,37726,47,4,,1,102,,37728,47,4,,1,101,,37734,47,4,,1,81,,37723,47,4,,1,81,,37722,47,4,,1,42,,37731,47,4,,1,80,,37732,47,4,,1,80,,37724,47,4,,1,40,,37721,47,4,,1,80,,37725,47,4,,1,80,,37727,47,4,,1,40,,37729,47,4,,1,80,,37730,47,4,,1,79,,37737,47,4,,1,40,,37738,47,4,,1,76,,37739,47,4,,1,79,,37740,47,4,,1,40,,37741,47,4,,1,99,,37733,47,4,,1,100,,37736,47,4,,1,99,,37743,47,4,,1
20201,'KP:321:0:Weekday:3:26SEP:12345',615,,37744,47,4,,1,41,,37752,47,4,,1,258,,37753,47,4,,1,30,,37754,47,4,,1,70,,37757,47,4,,1,235,,37755,47,4,,1,70,,37756,47,4,,1,30,,37758,47,4,,1,72,,37745,47,4,,1,103,,37750,47,4,,1,102,,37751,47,4,,1,31,,37746,47,4,,1,96,,37747,47,4,,1,94,,37748,47,4,,1,95,,37749,47,4,,1
20901,'H:111:6:Sunday:3:26SEP:1234567',828,,37805,32,4,,1,102,,37804,32,4,,1,101,,37816,32,4,,1,100,,37808,32,4,,1,101,,37813,32,4,,1,100,,37806,32,4,,1,101,,37807,32,4,,1,100,,37814,32,4,,1,99,,37809,32,4,,1,100,,37812,32,4,,1,99,,37810,32,4,,1,100,,37811,32,4,,1,100,,37815,32,4,,1
20901,'H:121:0:Weekday:3:26SEP:12345',539,,37830,32,4,,1,104,,37817,32,4,,1,101,,37820,32,4,,1,102,,37818,32,4,,1,103,,37822,32,4,,1,97,,37819,32,4,,1,102,,37821,32,4,,1,93,,37823,32,4,,1,100,,37824,32,4,,1,100,,37825,32,4,,1,102,,37826,32,4,,1,100,,37833,32,4,,1,100,,37832,32,4,,1,99,,37831,32,4,,1,99,,37827,32,4,,1,102,,37828,32,4,,1,97,,37829,32,4,,1,99,,37834,32,4,,1
20901,'H:171:5:Saturday:3:26SEP:6',730,,37837,32,4,,1,101,,37835,32,4,,1,102,,37848,32,4,,1,101,,37842,32,4,,1,102,,37846,32,4,,1,101,,37838,32,4,,1,101,,37836,32,4,,1,99,,37849,32,4,,1,100,,37841,32,4,,1,98,,37844,32,4,,1,100,,37840,32,4,,1,99,,37839,32,4,,1,98,,37847,32,4,,1,99,,37843,32,4,,1,99,,37845,32,4,,1
22000,'H:111:6:Sunday:3:26SEP:1234567',731,,37850,26,4,,1,101,,37851,26,4,,1,101,,37852,26,4,,1,100,,37853,26,4,,1,102,,37854,26,4,,1,101,,37857,26,4,,1,100,,37858,26,4,,1,101,,37855,26,4,,1,100,,37856,26,4,,1,99,,37859,26,4,,1,100,,37860,26,4,,1,100,,37861,26,4,,1,99,,37862,26,4,,1,100,,37863,26,4,,1
22000,'H:121:0:Weekday:3:26SEP:12345',532,,37880,26,4,,1,102,,37864,26,4,,1,101,,37866,26,4,,1,105,,37867,26,4,,1,100,,37865,26,4,,1,105,,37868,26,4,,1,100,,37872,26,4,,1,105,,37870,26,4,,1,100,,37871,26,4,,1,102,,37874,26,4,,1,100,,37875,26,4,,1,98,,37876,26,4,,1,98,,37873,26,4,,1,100,,37869,26,4,,1,91,,37878,26,4,,1,98,,37877,26,4,,1,99,,37879,26,4,,1,100,,37881,26,4,,1
22000,'H:171:5:Saturday:3:26SEP:6',632,,37882,26,4,,1,100,,37883,26,4,,1,103,,37885,26,4,,1,101,,37884,26,4,,1,101,,37887,26,4,,1,102,,37889,26,4,,1,100,,37886,26,4,,1,100,,37891,26,4,,1,100,,37892,26,4,,1,100,,37894,26,4,,1,99,,37890,26,4,,1,100,,37893,26,4,,1,99,,37888,26,4,,1,98,,37895,26,4,,1,99,,37896,26,4,,1,100,,37897,26,4,,1
23000,'H:121:0:Weekday:3:26SEP:12345',749,,38048,58,4,,1,1273,,38049,58,4,,1
24001,'H:111:6:Sunday:3:26SEP:1234567',735,,38110,43,4,,1,100,,38103,43,4,,1,100,,38098,43,4,,1,95,,38104,43,4,,1,105,,38097,43,4,,1,100,,38105,43,4,,1,100,,38099,43,4,,1,100,,38106,43,4,,1,95,,38100,43,4,,1,100,,38107,43,4,,1,100,,38101,43,4,,1,105,,38108,43,4,,1,100,,38102,43,4,,1,100,,38109,43,4,,1
24001,'H:121:0:Weekday:3:26SEP:12345',638,,38125,43,4,,1,100,,38111,43,4,,1,100,,38114,43,4,,1,100,,38112,43,4,,1,105,,38113,43,4,,1,100,,38117,43,4,,1,100,,38116,43,4,,1,100,,38118,43,4,,1,102,,38119,43,4,,1,100,,38115,43,4,,1,100,,38120,43,4,,1,98,,38124,43,4,,1,100,,38121,43,4,,1,100,,38122,43,4,,1,100,,38123,43,4,,1,100,,38126,43,4,,1,100,,38127,43,4,,1
24001,'H:171:5:Saturday:3:26SEP:6',735,,38134,43,4,,1,100,,38136,43,4,,1,95,,38130,43,4,,1,100,,38135,43,4,,1,100,,38129,43,4,,1,105,,38137,43,4,,1,100,,38132,43,4,,1,100,,38139,43,4,,1,95,,38133,43,4,,1,100,,38138,43,4,,1,100,,38140,43,4,,1,105,,38131,43,4,,1,100,,38128,43,4,,1,100,,38141,43,4,,1,100,,38142,43,4,,1
