16600,'H:113:6:Sunday:3:26MAR:1234567',634,,23438,2,,,1,96,,23439,2,,,1,99,,23440,2,,,1,97,,23441,2,,,1,97,,23442,2,,,1,97,,23443,2,,,1,98,,23444,2,,,1,99,,23445,2,,,1,101,,23446,2,,,1,101,,23447,2,,,1,101,,23448,2,,,1,103,,23449,2,,,1,103,,23450,2,,,1,101,,23451,2,,,1,101,,23452,2,,,1,101,,23453,2,,,1
16600,'H:123:0:Weekday:3:26MAR:12345',441,,23476,2,,,1,70,,23465,2,,,1,26,,23474,2,,,1,69,,23464,2,,,1,27,,23477,2,,,1,69,,23459,2,,,1,28,,23469,2,,,1,71,,23458,2,,,1,100,,23457,2,,,1,100,,23456,2,,,1,100,,23455,2,,,1,29,,23466,2,,,1,197,,23471,2,,,1,98,,23470,2,,,1,98,,23468,2,,,1,29,,23462,2,,,1,70,,23467,2,,,1,134,,23454,2,,,1,71,,23473,2,,,1,74,,23461,2,,,1,32,,23460,2,,,1,100,,23463,2,,,1,103,,23472,2,,,1,104,,23475,2,,,1
16600,'H:123:0:Weekday:4:26MAR:12345',441,,23500,2,,,1,70,,23489,2,,,1,26,,23498,2,,,1,69,,23488,2,,,1,27,,23501,2,,,1,69,,23483,2,,,1,28,,23493,2,,,1,71,,23482,2,,,1,100,,23481,2,,,1,100,,23480,2,,,1,100,,23479,2,,,1,29,,23490,2,,,1,197,,23495,2,,,1,98,,23494,2,,,1,98,,23492,2,,,1,29,,23486,2,,,1,70,,23491,2,,,1,134,,23478,2,,,1,71,,23497,2,,,1,74,,23485,2,,,1,32,,23484,2,,,1,100,,23487,2,,,1,103,,23496,2,,,1,104,,23499,2,,,1
16600,'H:173:5:Saturday:3:26MAR:6',533,,23502,2,,,1,99,,23503,2,,,1,96,,23505,2,,,1,98,,23506,2,,,1,95,,23507,2,,,1,98,,23504,2,,,1,98,,23508,2,,,1,98,,23510,2,,,1,99,,23511,2,,,1,100,,23515,2,,,1,101,,23513,2,,,1,102,,23516,2,,,1,103,,23514,2,,,1,101,,23512,2,,,1,105,,23517,2,,,1,102,,23509,2,,,1,101,,23518,2,,,1
16600,'KP:323:0:Weekday:3:26MAR:12345',831,,23527,2,,,1,100,,23523,2,,,1,100,,23519,2,,,1,127,,23525,2,,,1,69,,23522,2,,,1,30,,23526,2,,,1,99,,23524,2,,,1,97,,23520,2,,,1,199,,23528,2,,,1,72,,23521,2,,,1
16600,'KP:323:0:Weekday:4:26MAR:12345',831,,23537,2,,,1,100,,23533,2,,,1,100,,23529,2,,,1,127,,23535,2,,,1,69,,23532,2,,,1,30,,23536,2,,,1,99,,23534,2,,,1,97,,23530,2,,,1,199,,23538,2,,,1,72,,23531,2,,,1
90100,'H:123:0:Weekday:3:26MAR:12345',447,,26846,9,,,1
90100,'H:123:0:Weekday:4:26MAR:12345',447,,26847,9,,,1
90100,'KP:323:0:Weekday:3:26MAR:12345',517,,26849,9,,,1,29,,26851,9,,,1,65,,26855,9,,,1,28,,26853,9,,,1,67,,26852,9,,,1,29,,26850,9,,,1,73,,26854,9,,,1,33,,26848,9,,,1
90100,'KP:323:0:Weekday:4:26MAR:12345',517,,26857,9,,,1,29,,26859,9,,,1,65,,26863,9,,,1,28,,26861,9,,,1,67,,26860,9,,,1,29,,26858,9,,,1,73,,26862,9,,,1,33,,26856,9,,,1
