70200,'H:111:6:Sunday:1:26SEP:1234567',721,,33523,12,,,1,20,,33524,12,,,1,60,,33527,12,,,1,20,,33528,12,,,1,20,,33525,12,,,1,60,,33526,12,,,1,21,,33529,12,,,1,20,,33530,12,,,1,61,,33531,12,,,1,20,,33532,12,,,1,20,,33533,12,,,1,60,,33534,12,,,1,20,,33535,12,,,1,20,,33536,12,,,1,61,,33537,12,,,1,20,,33538,12,,,1,20,,33539,12,,,1,61,,33540,12,,,1,20,,33541,12,,,1,20,,33542,12,,,1,60,,33543,12,,,1,20,,33544,12,,,1,15,,33509,12,,,1,15,,33517,12,,,1,55,,33510,12,,,1,15,,33515,12,,,1,15,,33511,12,,,1,15,,33505,12,,,1,55,,33522,12,,,1,15,,33520,12,,,1,14,,33518,12,,,1,15,,33508,12,,,1,55,,33545,12,,,1,14,,33546,12,,,1,15,,33547,12,,,1,15,,33548,12,,,1,55,,33549,12,,,1,15,,33503,12,,,1,20,,33504,12,,,1,60,,33507,12,,,1,20,,33506,12,,,1,20,,33514,12,,,1,59,,33512,12,,,1,20,,33513,12,,,1,20,,33519,12,,,1,60,,33521,12,,,1,20,,33516,12,,,1,19,,33550,12,,,1
70200,'H:111:6:Sunday:2:26SEP:1234567',721,,33571,12,,,1,20,,33572,12,,,1,60,,33575,12,,,1,20,,33576,12,,,1,20,,33573,12,,,1,60,,33574,12,,,1,21,,33577,12,,,1,20,,33578,12,,,1,61,,33579,12,,,1,20,,33580,12,,,1,20,,33581,12,,,1,60,,33582,12,,,1,20,,33583,12,,,1,20,,33584,12,,,1,61,,33585,12,,,1,20,,33586,12,,,1,20,,33587,12,,,1,61,,33588,12,,,1,20,,33589,12,,,1,20,,33590,12,,,1,60,,33591,12,,,1,20,,33592,12,,,1,15,,33557,12,,,1,15,,33565,12,,,1,55,,33558,12,,,1,15,,33563,12,,,1,15,,33559,12,,,1,15,,33553,12,,,1,55,,33570,12,,,1,15,,33568,12,,,1,14,,33566,12,,,1,15,,33556,12,,,1,55,,33593,12,,,1,14,,33594,12,,,1,15,,33595,12,,,1,15,,33596,12,,,1,55,,33597,12,,,1,15,,33551,12,,,1,20,,33552,12,,,1,60,,33555,12,,,1,20,,33554,12,,,1,20,,33562,12,,,1,59,,33560,12,,,1,20,,33561,12,,,1,20,,33567,12,,,1,60,,33569,12,,,1,20,,33564,12,,,1,19,,33598,12,,,1
70200,'H:121:0:Weekday:1:26SEP:12345',425,,33657,12,,,1,16,,33658,12,,,1,15,,33659,12,,,1,56,,33660,12,,,1,15,,33661,12,,,1,15,,33662,12,,,1,15,,33663,12,,,1,55,,33664,12,,,1,11,,33665,12,,,1,10,,33666,12,,,1,10,,33667,12,,,1,10,,33668,12,,,1,50,,33669,12,,,1,10,,33670,12,,,1,11,,33671,12,,,1,11,,33672,12,,,1,10,,33673,12,,,1,10,,33674,12,,,1,50,,33675,12,,,1,10,,33676,12,,,1,10,,33677,12,,,1,10,,33678,12,,,1,10,,33679,12,,,1,10,,33680,12,,,1,50,,33681,12,,,1,9,,33682,12,,,1,10,,33683,12,,,1,10,,33684,12,,,1,10,,33685,12,,,1,10,,33686,12,,,1,50,,33687,12,,,1,10,,33688,12,,,1,10,,33689,12,,,1,10,,33690,12,,,1,10,,33691,12,,,1,10,,33692,12,,,1,50,,33693,12,,,1,10,,33694,12,,,1,10,,33695,12,,,1,10,,33610,12,,,1,10,,33605,12,,,1,10,,33636,12,,,1,50,,33654,12,,,1,10,,33622,12,,,1,11,,33604,12,,,1,10,,33637,12,,,1,10,,33655,12,,,1,10,,33634,12,,,1,50,,33652,12,,,1,10,,33611,12,,,1,10,,33645,12,,,1,11,,33614,12,,,1,10,,33621,12,,,1,10,,33600,12,,,1,50,,33628,12,,,1,10,,33647,12,,,1,10,,33623,12,,,1,10,,33643,12,,,1,10,,33629,12,,,1,10,,33648,12,,,1,50,,33608,12,,,1,10,,33624,12,,,1,10,,33599,12,,,1,10,,33641,12,,,1,11,,33616,12,,,1,10,,33631,12,,,1,50,,33650,12,,,1,10,,33627,12,,,1,10,,33612,12,,,1,10,,33613,12,,,1,10,,33646,12,,,1,10,,33602,12,,,1,50,,33635,12,,,1,10,,33653,12,,,1,10,,33633,12,,,1,10,,33651,12,,,1,10,,33619,12,,,1,10,,33640,12,,,1,49,,33639,12,,,1,10,,33625,12,,,1,10,,33601,12,,,1,10,,33603,12,,,1,10,,33617,12,,,1,10,,33606,12,,,1,49,,33626,12,,,1,10,,33607,12,,,1,14,,33615,12,,,1,14,,33642,12,,,1,15,,33618,12,,,1,54,,33644,12,,,1,15,,33620,12,,,1,15,,33638,12,,,1,15,,33656,12,,,1,55,,33630,12,,,1,19,,33649,12,,,1,20,,33609,12,,,1,60,,33632,12,,,1,20,,33696,12,,,1,70,,33697,12,,,1,30,,33698,12,,,1
70200,'H:121:0:Weekday:2:26SEP:12345',425,,33757,12,,,1,16,,33758,12,,,1,15,,33759,12,,,1,56,,33760,12,,,1,15,,33761,12,,,1,15,,33762,12,,,1,15,,33763,12,,,1,55,,33764,12,,,1,11,,33765,12,,,1,10,,33766,12,,,1,10,,33767,12,,,1,10,,33768,12,,,1,50,,33769,12,,,1,10,,33770,12,,,1,11,,33771,12,,,1,11,,33772,12,,,1,10,,33773,12,,,1,10,,33774,12,,,1,50,,33775,12,,,1,10,,33776,12,,,1,10,,33777,12,,,1,10,,33778,12,,,1,10,,33779,12,,,1,10,,33780,12,,,1,50,,33781,12,,,1,9,,33782,12,,,1,10,,33783,12,,,1,10,,33784,12,,,1,10,,33785,12,,,1,10,,33786,12,,,1,50,,33787,12,,,1,10,,33788,12,,,1,10,,33789,12,,,1,10,,33790,12,,,1,10,,33791,12,,,1,10,,33792,12,,,1,50,,33793,12,,,1,10,,33794,12,,,1,10,,33795,12,,,1,10,,33710,12,,,1,10,,33705,12,,,1,10,,33736,12,,,1,50,,33754,12,,,1,10,,33722,12,,,1,11,,33704,12,,,1,10,,33737,12,,,1,10,,33755,12,,,1,10,,33734,12,,,1,50,,33752,12,,,1,10,,33711,12,,,1,10,,33745,12,,,1,11,,33714,12,,,1,10,,33721,12,,,1,10,,33700,12,,,1,50,,33728,12,,,1,10,,33747,12,,,1,10,,33723,12,,,1,10,,33743,12,,,1,10,,33729,12,,,1,10,,33748,12,,,1,50,,33708,12,,,1,10,,33724,12,,,1,10,,33699,12,,,1,10,,33741,12,,,1,11,,33716,12,,,1,10,,33731,12,,,1,50,,33750,12,,,1,10,,33727,12,,,1,10,,33712,12,,,1,10,,33713,12,,,1,10,,33746,12,,,1,10,,33702,12,,,1,50,,33735,12,,,1,10,,33753,12,,,1,10,,33733,12,,,1,10,,33751,12,,,1,10,,33719,12,,,1,10,,33740,12,,,1,49,,33739,12,,,1,10,,33725,12,,,1,10,,33701,12,,,1,10,,33703,12,,,1,10,,33717,12,,,1,10,,33706,12,,,1,49,,33726,12,,,1,10,,33707,12,,,1,14,,33715,12,,,1,14,,33742,12,,,1,15,,33718,12,,,1,54,,33744,12,,,1,15,,33720,12,,,1,15,,33738,12,,,1,15,,33756,12,,,1,55,,33730,12,,,1,19,,33749,12,,,1,20,,33709,12,,,1,60,,33732,12,,,1,20,,33796,12,,,1,70,,33797,12,,,1,30,,33798,12,,,1
70200,'H:171:5:Saturday:1:26SEP:6',620,,33820,12,,,1,20,,33821,12,,,1,60,,33822,12,,,1,21,,33823,12,,,1,20,,33824,12,,,1,60,,33825,12,,,1,20,,33826,12,,,1,22,,33827,12,,,1,60,,33828,12,,,1,20,,33829,12,,,1,20,,33830,12,,,1,60,,33831,12,,,1,21,,33832,12,,,1,20,,33833,12,,,1,60,,33834,12,,,1,21,,33835,12,,,1,20,,33836,12,,,1,60,,33837,12,,,1,20,,33838,12,,,1,20,,33839,12,,,1,60,,33840,12,,,1,20,,33841,12,,,1,15,,33842,12,,,1,15,,33843,12,,,1,55,,33844,12,,,1,15,,33845,12,,,1,15,,33846,12,,,1,15,,33847,12,,,1,55,,33800,12,,,1,15,,33810,12,,,1,15,,33799,12,,,1,15,,33801,12,,,1,55,,33819,12,,,1,15,,33816,12,,,1,15,,33807,12,,,1,15,,33815,12,,,1,55,,33806,12,,,1,15,,33804,12,,,1,15,,33812,12,,,1,15,,33848,12,,,1,55,,33849,12,,,1,15,,33850,12,,,1,14,,33851,12,,,1,15,,33852,12,,,1,54,,33853,12,,,1,15,,33814,12,,,1,20,,33805,12,,,1,60,,33808,12,,,1,20,,33817,12,,,1,20,,33811,12,,,1,60,,33802,12,,,1,20,,33809,12,,,1,20,,33818,12,,,1,59,,33813,12,,,1,20,,33803,12,,,1
70200,'H:171:5:Saturday:2:26SEP:6',620,,33875,12,,,1,20,,33876,12,,,1,60,,33877,12,,,1,21,,33878,12,,,1,20,,33879,12,,,1,60,,33880,12,,,1,20,,33881,12,,,1,22,,33882,12,,,1,60,,33883,12,,,1,20,,33884,12,,,1,20,,33885,12,,,1,60,,33886,12,,,1,21,,33887,12,,,1,20,,33888,12,,,1,60,,33889,12,,,1,21,,33890,12,,,1,20,,33891,12,,,1,60,,33892,12,,,1,20,,33893,12,,,1,20,,33894,12,,,1,60,,33895,12,,,1,20,,33896,12,,,1,15,,33897,12,,,1,15,,33898,12,,,1,55,,33899,12,,,1,15,,33900,12,,,1,15,,33901,12,,,1,15,,33902,12,,,1,55,,33855,12,,,1,15,,33865,12,,,1,15,,33854,12,,,1,15,,33856,12,,,1,55,,33874,12,,,1,15,,33871,12,,,1,15,,33862,12,,,1,15,,33870,12,,,1,55,,33861,12,,,1,15,,33859,12,,,1,15,,33867,12,,,1,15,,33903,12,,,1,55,,33904,12,,,1,15,,33905,12,,,1,14,,33906,12,,,1,15,,33907,12,,,1,54,,33908,12,,,1,15,,33869,12,,,1,20,,33860,12,,,1,60,,33863,12,,,1,20,,33872,12,,,1,20,,33866,12,,,1,60,,33857,12,,,1,20,,33864,12,,,1,20,,33873,12,,,1,59,,33868,12,,,1,20,,33858,12,,,1
70300,'H:111:6:Sunday:1:26SEP:1234567',600,,34317,3,,,1,20,,34318,3,,,1,20,,34319,3,,,1,19,,34320,3,,,1,60,,34321,3,,,1,20,,34322,3,,,1,20,,34323,3,,,1,59,,34324,3,,,1,20,,34325,3,,,1,19,,34326,3,,,1,60,,34327,3,,,1,20,,34328,3,,,1,20,,34329,3,,,1,58,,34330,3,,,1,20,,34331,3,,,1,20,,34332,3,,,1,59,,34333,3,,,1,20,,34334,3,,,1,20,,34335,3,,,1,59,,34336,3,,,1,15,,34337,3,,,1,15,,34338,3,,,1,15,,34339,3,,,1,55,,34340,3,,,1,15,,34341,3,,,1,15,,34342,3,,,1,15,,34343,3,,,1,55,,34344,3,,,1,15,,34345,3,,,1,15,,34346,3,,,1,15,,34347,3,,,1,55,,34348,3,,,1,16,,34349,3,,,1,15,,34350,3,,,1,15,,34351,3,,,1,55,,34367,3,,,1,15,,34368,3,,,1,15,,34369,3,,,1,15,,34370,3,,,1,55,,34371,3,,,1,20,,34352,3,,,1,20,,34353,3,,,1,60,,34354,3,,,1,21,,34355,3,,,1,20,,34356,3,,,1,60,,34357,3,,,1,20,,34358,3,,,1,20,,34359,3,,,1,61,,34360,3,,,1,20,,34361,3,,,1,20,,34362,3,,,1,61,,34363,3,,,1,20,,34364,3,,,1,20,,34365,3,,,1,60,,34366,3,,,1
70300,'H:111:6:Sunday:2:26SEP:1234567',600,,34372,3,,,1,20,,34373,3,,,1,20,,34374,3,,,1,19,,34375,3,,,1,60,,34376,3,,,1,20,,34377,3,,,1,20,,34378,3,,,1,59,,34379,3,,,1,20,,34380,3,,,1,19,,34381,3,,,1,60,,34382,3,,,1,20,,34383,3,,,1,20,,34384,3,,,1,58,,34385,3,,,1,20,,34386,3,,,1,20,,34387,3,,,1,59,,34388,3,,,1,20,,34389,3,,,1,20,,34390,3,,,1,59,,34391,3,,,1,15,,34392,3,,,1,15,,34393,3,,,1,15,,34394,3,,,1,55,,34395,3,,,1,15,,34396,3,,,1,15,,34397,3,,,1,15,,34398,3,,,1,55,,34399,3,,,1,15,,34400,3,,,1,15,,34401,3,,,1,15,,34402,3,,,1,55,,34403,3,,,1,16,,34404,3,,,1,15,,34405,3,,,1,15,,34406,3,,,1,55,,34422,3,,,1,15,,34423,3,,,1,15,,34424,3,,,1,15,,34425,3,,,1,55,,34426,3,,,1,20,,34407,3,,,1,20,,34408,3,,,1,60,,34409,3,,,1,21,,34410,3,,,1,20,,34411,3,,,1,60,,34412,3,,,1,20,,34413,3,,,1,20,,34414,3,,,1,61,,34415,3,,,1,20,,34416,3,,,1,20,,34417,3,,,1,61,,34418,3,,,1,20,,34419,3,,,1,20,,34420,3,,,1,60,,34421,3,,,1
70300,'H:121:0:Weekday:1:26SEP:12345',405,,34522,3,,,1,20,,34510,3,,,1,14,,34524,3,,,1,15,,34512,3,,,1,55,,34495,3,,,1,14,,34484,3,,,1,15,,34494,3,,,1,10,,34507,3,,,1,10,,34499,3,,,1,50,,34497,3,,,1,10,,34513,3,,,1,10,,34501,3,,,1,10,,34515,3,,,1,8,,34503,3,,,1,10,,34518,3,,,1,50,,34505,3,,,1,10,,34520,3,,,1,10,,34508,3,,,1,10,,34521,3,,,1,10,,34509,3,,,1,10,,34523,3,,,1,49,,34511,3,,,1,10,,34498,3,,,1,10,,34517,3,,,1,10,,34485,3,,,1,11,,34486,3,,,1,10,,34500,3,,,1,50,,34514,3,,,1,10,,34502,3,,,1,10,,34516,3,,,1,10,,34504,3,,,1,10,,34519,3,,,1,10,,34506,3,,,1,50,,34481,3,,,1,9,,34432,3,,,1,10,,34440,3,,,1,10,,34429,3,,,1,10,,34463,3,,,1,10,,34452,3,,,1,50,,34480,3,,,1,10,,34489,3,,,1,10,,34492,3,,,1,9,,34441,3,,,1,10,,34491,3,,,1,10,,34455,3,,,1,50,,34456,3,,,1,10,,34457,3,,,1,10,,34435,3,,,1,10,,34427,3,,,1,10,,34459,3,,,1,10,,34430,3,,,1,50,,34466,3,,,1,10,,34449,3,,,1,10,,34482,3,,,1,10,,34450,3,,,1,9,,34475,3,,,1,10,,34438,3,,,1,50,,34464,3,,,1,10,,34443,3,,,1,10,,34434,3,,,1,10,,34444,3,,,1,10,,34476,3,,,1,10,,34490,3,,,1,50,,34493,3,,,1,10,,34474,3,,,1,10,,34446,3,,,1,8,,34487,3,,,1,10,,34465,3,,,1,10,,34470,3,,,1,49,,34471,3,,,1,9,,34454,3,,,1,10,,34525,3,,,1,10,,34479,3,,,1,10,,34488,3,,,1,10,,34496,3,,,1,9,,34478,3,,,1,51,,34453,3,,,1,10,,34437,3,,,1,10,,34447,3,,,1,11,,34433,3,,,1,10,,34462,3,,,1,51,,34428,3,,,1,10,,34458,3,,,1,10,,34436,3,,,1,12,,34460,3,,,1,15,,34483,3,,,1,56,,34448,3,,,1,15,,34468,3,,,1,15,,34461,3,,,1,15,,34431,3,,,1,55,,34451,3,,,1,15,,34526,3,,,1,16,,34472,3,,,1,15,,34527,3,,,1,56,,34528,3,,,1,15,,34529,3,,,1,15,,34473,3,,,1,21,,34445,3,,,1,61,,34477,3,,,1,20,,34467,3,,,1,21,,34439,3,,,1,60,,34469,3,,,1,20,,34442,3,,,1
70300,'H:121:0:Weekday:2:26SEP:12345',405,,34625,3,,,1,20,,34613,3,,,1,14,,34627,3,,,1,15,,34615,3,,,1,55,,34598,3,,,1,14,,34587,3,,,1,15,,34597,3,,,1,10,,34610,3,,,1,10,,34602,3,,,1,50,,34600,3,,,1,10,,34616,3,,,1,10,,34604,3,,,1,10,,34618,3,,,1,8,,34606,3,,,1,10,,34621,3,,,1,50,,34608,3,,,1,10,,34623,3,,,1,10,,34611,3,,,1,10,,34624,3,,,1,10,,34612,3,,,1,10,,34626,3,,,1,49,,34614,3,,,1,10,,34601,3,,,1,10,,34620,3,,,1,10,,34588,3,,,1,11,,34589,3,,,1,10,,34603,3,,,1,50,,34617,3,,,1,10,,34605,3,,,1,10,,34619,3,,,1,10,,34607,3,,,1,10,,34622,3,,,1,10,,34609,3,,,1,50,,34584,3,,,1,9,,34535,3,,,1,10,,34543,3,,,1,10,,34532,3,,,1,10,,34566,3,,,1,10,,34555,3,,,1,50,,34583,3,,,1,10,,34592,3,,,1,10,,34595,3,,,1,9,,34544,3,,,1,10,,34594,3,,,1,10,,34558,3,,,1,50,,34559,3,,,1,10,,34560,3,,,1,10,,34538,3,,,1,10,,34530,3,,,1,10,,34562,3,,,1,10,,34533,3,,,1,50,,34569,3,,,1,10,,34552,3,,,1,10,,34585,3,,,1,10,,34553,3,,,1,9,,34578,3,,,1,10,,34541,3,,,1,50,,34567,3,,,1,10,,34546,3,,,1,10,,34537,3,,,1,10,,34547,3,,,1,10,,34579,3,,,1,10,,34593,3,,,1,50,,34596,3,,,1,10,,34577,3,,,1,10,,34549,3,,,1,8,,34590,3,,,1,10,,34568,3,,,1,10,,34573,3,,,1,49,,34574,3,,,1,9,,34557,3,,,1,10,,34628,3,,,1,10,,34582,3,,,1,10,,34591,3,,,1,10,,34599,3,,,1,9,,34581,3,,,1,51,,34556,3,,,1,10,,34540,3,,,1,10,,34550,3,,,1,11,,34536,3,,,1,10,,34565,3,,,1,51,,34531,3,,,1,10,,34561,3,,,1,10,,34539,3,,,1,12,,34563,3,,,1,15,,34586,3,,,1,56,,34551,3,,,1,15,,34571,3,,,1,15,,34564,3,,,1,15,,34534,3,,,1,55,,34554,3,,,1,15,,34629,3,,,1,16,,34575,3,,,1,15,,34630,3,,,1,56,,34631,3,,,1,15,,34632,3,,,1,15,,34576,3,,,1,21,,34548,3,,,1,61,,34580,3,,,1,20,,34570,3,,,1,21,,34542,3,,,1,60,,34572,3,,,1,20,,34545,3,,,1
70300,'H:171:5:Saturday:1:26SEP:6',558,,34633,3,,,1,60,,34634,3,,,1,20,,34635,3,,,1,20,,34636,3,,,1,60,,34637,3,,,1,20,,34638,3,,,1,15,,34639,3,,,1,55,,34640,3,,,1,14,,34641,3,,,1,14,,34642,3,,,1,15,,34643,3,,,1,54,,34644,3,,,1,15,,34645,3,,,1,14,,34646,3,,,1,15,,34647,3,,,1,55,,34648,3,,,1,14,,34649,3,,,1,15,,34650,3,,,1,15,,34651,3,,,1,54,,34652,3,,,1,15,,34653,3,,,1,14,,34654,3,,,1,15,,34655,3,,,1,55,,34656,3,,,1,15,,34657,3,,,1,15,,34658,3,,,1,15,,34659,3,,,1,55,,34660,3,,,1,15,,34661,3,,,1,15,,34662,3,,,1,15,,34663,3,,,1,55,,34665,3,,,1,15,,34666,3,,,1,15,,34667,3,,,1,15,,34664,3,,,1,56,,34668,3,,,1,15,,34669,3,,,1,15,,34670,3,,,1,15,,34671,3,,,1,55,,34672,3,,,1,15,,34673,3,,,1,15,,34674,3,,,1,15,,34675,3,,,1,55,,34676,3,,,1,15,,34677,3,,,1,16,,34678,3,,,1,15,,34679,3,,,1,55,,34680,3,,,1,15,,34681,3,,,1,15,,34682,3,,,1,16,,34683,3,,,1,55,,34684,3,,,1,15,,34685,3,,,1,15,,34686,3,,,1,16,,34687,3,,,1,55,,34688,3,,,1,15,,34689,3,,,1,15,,34690,3,,,1,21,,34691,3,,,1,60,,34692,3,,,1,21,,34693,3,,,1,20,,34694,3,,,1,60,,34695,3,,,1,20,,34696,3,,,1,20,,34697,3,,,1
70300,'H:171:5:Saturday:2:26SEP:6',558,,34698,3,,,1,60,,34699,3,,,1,20,,34700,3,,,1,20,,34701,3,,,1,60,,34702,3,,,1,20,,34703,3,,,1,15,,34704,3,,,1,55,,34705,3,,,1,14,,34706,3,,,1,14,,34707,3,,,1,15,,34708,3,,,1,54,,34709,3,,,1,15,,34710,3,,,1,14,,34711,3,,,1,15,,34712,3,,,1,55,,34713,3,,,1,14,,34714,3,,,1,15,,34715,3,,,1,15,,34716,3,,,1,54,,34717,3,,,1,15,,34718,3,,,1,14,,34719,3,,,1,15,,34720,3,,,1,55,,34721,3,,,1,15,,34722,3,,,1,15,,34723,3,,,1,15,,34724,3,,,1,55,,34725,3,,,1,15,,34726,3,,,1,15,,34727,3,,,1,15,,34728,3,,,1,55,,34730,3,,,1,15,,34731,3,,,1,15,,34732,3,,,1,15,,34729,3,,,1,56,,34733,3,,,1,15,,34734,3,,,1,15,,34735,3,,,1,15,,34736,3,,,1,55,,34737,3,,,1,15,,34738,3,,,1,15,,34739,3,,,1,15,,34740,3,,,1,55,,34741,3,,,1,15,,34742,3,,,1,16,,34743,3,,,1,15,,34744,3,,,1,55,,34745,3,,,1,15,,34746,3,,,1,15,,34747,3,,,1,16,,34748,3,,,1,55,,34749,3,,,1,15,,34750,3,,,1,15,,34751,3,,,1,16,,34752,3,,,1,55,,34753,3,,,1,15,,34754,3,,,1,15,,34755,3,,,1,21,,34756,3,,,1,60,,34757,3,,,1,21,,34758,3,,,1,20,,34759,3,,,1,60,,34760,3,,,1,20,,34761,3,,,1,20,,34762,3,,,1
