11201,'H:111:6:Sunday:3:26SEP:1234567',722,,36465,36,,,1,30,,36479,36,,,1,70,,36466,36,,,1,30,,36480,36,,,1,71,,36467,36,,,1,30,,36481,36,,,1,71,,36464,36,,,1,30,,36482,36,,,1,70,,36468,36,,,1,30,,36483,36,,,1,70,,36469,36,,,1,30,,36485,36,,,1,71,,36470,36,,,1,30,,36486,36,,,1,70,,36471,36,,,1,30,,36487,36,,,1,70,,36473,36,,,1,30,,36484,36,,,1,70,,36475,36,,,1,30,,36488,36,,,1,70,,36476,36,,,1,29,,36489,36,,,1,70,,36472,36,,,1,100,,36477,36,,,1,100,,36474,36,,,1,99,,36478,36,,,1
11201,'H:121:0:Weekday:3:26SEP:12345',531,,36507,36,,,1,70,,36511,36,,,1,31,,36503,36,,,1,70,,36518,36,,,1,30,,36492,36,,,1,20,,36520,36,,,1,60,,36523,36,,,1,21,,36495,36,,,1,21,,36519,36,,,1,60,,36524,36,,,1,20,,36491,36,,,1,70,,36516,36,,,1,30,,36493,36,,,1,70,,36508,36,,,1,30,,36505,36,,,1,70,,36512,36,,,1,30,,36504,36,,,1,71,,36509,36,,,1,30,,36506,36,,,1,71,,36510,36,,,1,30,,36497,36,,,1,21,,36513,36,,,1,60,,36525,36,,,1,20,,36502,36,,,1,21,,36522,36,,,1,60,,36526,36,,,1,20,,36494,36,,,1,21,,36517,36,,,1,60,,36527,36,,,1,20,,36496,36,,,1,19,,36521,36,,,1,60,,36528,36,,,1,19,,36490,36,,,1,69,,36514,36,,,1,29,,36499,36,,,1,69,,36515,36,,,1,30,,36500,36,,,1,99,,36498,36,,,1,100,,36501,36,,,1
11201,'H:171:5:Saturday:3:26SEP:6',723,,36531,36,,,1,30,,36546,36,,,1,70,,36530,36,,,1,30,,36550,36,,,1,71,,36533,36,,,1,30,,36549,36,,,1,70,,36529,36,,,1,30,,36551,36,,,1,72,,36532,36,,,1,30,,36545,36,,,1,70,,36539,36,,,1,30,,36554,36,,,1,70,,36540,36,,,1,30,,36552,36,,,1,70,,36537,36,,,1,30,,36553,36,,,1,70,,36534,36,,,1,30,,36548,36,,,1,70,,36535,36,,,1,30,,36555,36,,,1,70,,36536,36,,,1,30,,36547,36,,,1,70,,36538,36,,,1,29,,36544,36,,,1,69,,36541,36,,,1,100,,36542,36,,,1,100,,36543,36,,,1
12101,'H:111:6:Sunday:3:26SEP:1234567',730,,37131,33,,,1,101,,37132,33,,,1,102,,37133,33,,,1,100,,37134,33,,,1,102,,37135,33,,,1,101,,37136,33,,,1,100,,37137,33,,,1,100,,37139,33,,,1,100,,37140,33,,,1,99,,37141,33,,,1,99,,37138,33,,,1,99,,37142,33,,,1,100,,37143,33,,,1,99,,37144,33,,,1
12101,'H:121:0:Weekday:3:26SEP:12345',528,,37162,33,,,1,30,,37145,33,,,1,68,,37160,33,,,1,25,,37165,33,,,1,67,,37169,33,,,1,26,,37167,33,,,1,67,,37170,33,,,1,25,,37159,33,,,1,69,,37153,33,,,1,96,,37161,33,,,1,55,,37163,33,,,1,90,,37164,33,,,1,90,,37154,33,,,1,90,,37155,33,,,1,91,,37166,33,,,1,97,,37148,33,,,1,34,,37157,33,,,1,72,,37168,33,,,1,32,,37151,33,,,1,74,,37149,33,,,1,30,,37156,33,,,1,67,,37146,33,,,1,31,,37147,33,,,1,68,,37158,33,,,1,29,,37172,33,,,1,92,,37150,33,,,1,99,,37152,33,,,1,99,,37171,33,,,1
12101,'H:171:5:Saturday:3:26SEP:6',628,,37173,33,,,1,100,,37174,33,,,1,104,,37175,33,,,1,101,,37176,33,,,1,102,,37177,33,,,1,100,,37178,33,,,1,102,,37179,33,,,1,100,,37180,33,,,1,100,,37181,33,,,1,100,,37182,33,,,1,100,,37183,33,,,1,100,,37184,33,,,1,98,,37185,33,,,1,99,,37186,33,,,1,98,,37187,33,,,1
16600,'H:111:6:Sunday:3:26SEP:1234567',652,,37316,26,,,1,97,,37317,26,,,1,99,,37318,26,,,1,98,,37319,26,,,1,98,,37320,26,,,1,98,,37321,26,,,1,99,,37322,26,,,1,99,,37323,26,,,1,100,,37324,26,,,1,101,,37325,26,,,1,101,,37326,26,,,1,102,,37327,26,,,1,101,,37328,26,,,1,101,,37329,26,,,1,101,,37330,26,,,1,101,,37331,26,,,1
16600,'H:121:0:Weekday:3:26SEP:12345',459,,37344,26,,,1,96,,37342,26,,,1,198,,37337,26,,,1,70,,37332,26,,,1,30,,37348,26,,,1,99,,37349,26,,,1,199,,37335,26,,,1,68,,37345,26,,,1,30,,37350,26,,,1,100,,37339,26,,,1,99,,37338,26,,,1,197,,37336,26,,,1,70,,37346,26,,,1,32,,37347,26,,,1,102,,37341,26,,,1,104,,37333,26,,,1,100,,37334,26,,,1,102,,37340,26,,,1,103,,37343,26,,,1
16600,'H:171:5:Saturday:3:26SEP:6',552,,37351,26,,,1,99,,37352,26,,,1,97,,37354,26,,,1,99,,37355,26,,,1,96,,37356,26,,,1,100,,37353,26,,,1,98,,37357,26,,,1,98,,37359,26,,,1,99,,37360,26,,,1,99,,37364,26,,,1,101,,37362,26,,,1,101,,37365,26,,,1,102,,37363,26,,,1,101,,37361,26,,,1,104,,37366,26,,,1,101,,37358,26,,,1,101,,37367,26,,,1
16600,'KP:321:0:Weekday:3:26SEP:12345',529,,37376,26,,,1,96,,37375,26,,,1,29,,37378,26,,,1,70,,37372,26,,,1,198,,37371,26,,,1,100,,37370,26,,,1,30,,37382,26,,,1,70,,37369,26,,,1,197,,37381,26,,,1,99,,37379,26,,,1,99,,37380,26,,,1,30,,37377,26,,,1,69,,37374,26,,,1,202,,37368,26,,,1,104,,37373,26,,,1
16601,'H:111:6:Sunday:3:26SEP:1234567',722,,37383,34,,,1,101,,37384,34,,,1,101,,37385,34,,,1,102,,37386,34,,,1,101,,37387,34,,,1,101,,37388,34,,,1,100,,37389,34,,,1,100,,37390,34,,,1,100,,37391,34,,,1,100,,37392,34,,,1,100,,37394,34,,,1,99,,37396,34,,,1,100,,37393,34,,,1,99,,37397,34,,,1,99,,37395,34,,,1
16601,'H:121:0:Weekday:3:26SEP:12345',632,,37406,34,,,1,70,,37403,34,,,1,31,,37417,34,,,1,101,,37410,34,,,1,200,,37407,34,,,1,71,,37413,34,,,1,100,,37414,34,,,1,101,,37411,34,,,1,201,,37401,34,,,1,30,,37415,34,,,1,71,,37412,34,,,1,101,,37404,34,,,1,99,,37400,34,,,1,29,,37408,34,,,1,69,,37416,34,,,1,99,,37399,34,,,1,30,,37398,34,,,1,99,,37402,34,,,1,98,,37405,34,,,1,99,,37409,34,,,1
16601,'H:171:5:Saturday:3:26SEP:6',622,,37420,34,,,1,101,,37418,34,,,1,102,,37419,34,,,1,101,,37422,34,,,1,101,,37425,34,,,1,101,,37421,34,,,1,101,,37426,34,,,1,100,,37424,34,,,1,101,,37423,34,,,1,101,,37428,34,,,1,100,,37429,34,,,1,99,,37430,34,,,1,99,,37427,34,,,1,99,,37431,34,,,1,99,,37432,34,,,1,99,,37433,34,,,1,98,,37434,34,,,1
16601,'KP:321:0:Weekday:3:26SEP:12345',530,,37439,34,,,1,71,,37444,34,,,1,202,,37437,34,,,1,101,,37436,34,,,1,30,,37447,34,,,1,70,,37435,34,,,1,131,,37448,34,,,1,100,,37440,34,,,1,101,,37441,34,,,1,70,,37445,34,,,1,30,,37442,34,,,1,203,,37443,34,,,1,102,,37446,34,,,1,194,,37438,34,,,1
