20100,'H:113:6:Sunday:3:26MAR:1234567',736,,23640,14,,,1,100,,23642,14,,,1,98,,23643,14,,,1,80,,23641,14,,,1,40,,23644,14,,,1,80,,23639,14,,,1,80,,23645,14,,,1,40,,23646,14,,,1,80,,23647,14,,,1,80,,23648,14,,,1,40,,23650,14,,,1,79,,23651,14,,,1,80,,23652,14,,,1,40,,23654,14,,,1,81,,23655,14,,,1,80,,23656,14,,,1,40,,23657,14,,,1,80,,23658,14,,,1,101,,23649,14,,,1,102,,23653,14,,,1
20100,'H:123:0:Weekday:3:26MAR:12345',512,,23663,14,,,1,143,,23664,14,,,1,97,,23665,14,,,1,71,,23666,14,,,1,627,,23667,14,,,1,200,,23674,14,,,1,71,,23668,14,,,1,31,,23669,14,,,1,70,,23670,14,,,1,31,,23659,14,,,1,70,,23661,14,,,1,30,,23660,14,,,1,70,,23662,14,,,1,31,,23671,14,,,1,70,,23672,14,,,1,91,,23673,14,,,1
20100,'H:123:0:Weekday:4:26MAR:12345',512,,23679,14,,,1,143,,23680,14,,,1,97,,23681,14,,,1,71,,23682,14,,,1,627,,23683,14,,,1,200,,23690,14,,,1,71,,23684,14,,,1,31,,23685,14,,,1,70,,23686,14,,,1,31,,23675,14,,,1,70,,23677,14,,,1,30,,23676,14,,,1,70,,23678,14,,,1,31,,23687,14,,,1,70,,23688,14,,,1,91,,23689,14,,,1
20100,'H:173:5:Saturday:3:26MAR:6',636,,23703,14,,,1,98,,23693,14,,,1,100,,23702,14,,,1,99,,23694,14,,,1,80,,23695,14,,,1,40,,23700,14,,,1,80,,23701,14,,,1,80,,23692,14,,,1,40,,23704,14,,,1,79,,23696,14,,,1,80,,23691,14,,,1,40,,23705,14,,,1,80,,23697,14,,,1,80,,23699,14,,,1,40,,23708,14,,,1,80,,23709,14,,,1,81,,23710,14,,,1,41,,23707,14,,,1,80,,23711,14,,,1,100,,23698,14,,,1,101,,23706,14,,,1
20100,'KP:323:0:Weekday:3:26MAR:12345',551,,23729,14,,,1,75,,23726,14,,,1,97,,23725,14,,,1,130,,23728,14,,,1,70,,23727,14,,,1,30,,23719,14,,,1,69,,23713,14,,,1,30,,23720,14,,,1,69,,23718,14,,,1,30,,23723,14,,,1,70,,23724,14,,,1,30,,23721,14,,,1,69,,23712,14,,,1,30,,23714,14,,,1,70,,23716,14,,,1,100,,23715,14,,,1,29,,23717,14,,,1,70,,23722,14,,,1
20100,'KP:323:0:Weekday:4:26MAR:12345',551,,23747,14,,,1,75,,23744,14,,,1,97,,23743,14,,,1,130,,23746,14,,,1,70,,23745,14,,,1,30,,23737,14,,,1,69,,23731,14,,,1,30,,23738,14,,,1,69,,23736,14,,,1,30,,23741,14,,,1,70,,23742,14,,,1,30,,23739,14,,,1,69,,23730,14,,,1,30,,23732,14,,,1,70,,23734,14,,,1,100,,23733,14,,,1,29,,23735,14,,,1,70,,23740,14,,,1
20200,'H:113:6:Sunday:3:26MAR:1234567',706,,23869,24,,,1,100,,23856,24,,,1,99,,23855,24,,,1,50,,23857,24,,,1,79,,23858,24,,,1,80,,23859,24,,,1,39,,23862,24,,,1,80,,23860,24,,,1,79,,23863,24,,,1,40,,23861,24,,,1,80,,23865,24,,,1,80,,23864,24,,,1,40,,23866,24,,,1,80,,23870,24,,,1,80,,23871,24,,,1,41,,23872,24,,,1,80,,23873,24,,,1,81,,23874,24,,,1,91,,23867,24,,,1,101,,23868,24,,,1
20200,'H:123:0:Weekday:3:26MAR:12345',452,,23875,24,,,1,79,,23878,24,,,1,79,,23882,24,,,1,30,,23883,24,,,1,166,,23884,24,,,1,31,,23885,24,,,1,567,,23886,24,,,1,130,,23887,24,,,1,70,,23888,24,,,1,31,,23889,24,,,1,171,,23881,24,,,1,30,,23879,24,,,1,70,,23876,24,,,1,32,,23877,24,,,1,70,,23880,24,,,1,30,,23891,24,,,1,70,,23892,24,,,1,38,,23893,24,,,1
20200,'H:123:0:Weekday:4:26MAR:12345',452,,23894,24,,,1,79,,23897,24,,,1,79,,23901,24,,,1,30,,23902,24,,,1,166,,23903,24,,,1,31,,23904,24,,,1,567,,23905,24,,,1,130,,23906,24,,,1,70,,23907,24,,,1,31,,23908,24,,,1,171,,23900,24,,,1,30,,23898,24,,,1,70,,23895,24,,,1,32,,23896,24,,,1,70,,23899,24,,,1,30,,23910,24,,,1,70,,23911,24,,,1,38,,23912,24,,,1
20200,'H:173:5:Saturday:3:26MAR:6',536,,23930,24,,,1,70,,23914,24,,,1,100,,23915,24,,,1,100,,23926,24,,,1,99,,23920,24,,,1,49,,23913,24,,,1,80,,23916,24,,,1,79,,23924,24,,,1,39,,23918,24,,,1,80,,23917,24,,,1,79,,23919,24,,,1,40,,23927,24,,,1,80,,23921,24,,,1,80,,23922,24,,,1,41,,23923,24,,,1,80,,23931,24,,,1,80,,23932,24,,,1,42,,23933,24,,,1,80,,23934,24,,,1,80,,23935,24,,,1,90,,23928,24,,,1,100,,23925,24,,,1,101,,23929,24,,,1
20200,'KP:323:0:Weekday:3:26MAR:12345',708,,23949,24,,,1,28,,23950,24,,,1,171,,23951,24,,,1,30,,23947,24,,,1,71,,23936,24,,,1,30,,23938,24,,,1,68,,23942,24,,,1,30,,23946,24,,,1,69,,23941,24,,,1,30,,23948,24,,,1,70,,23945,24,,,1,30,,23937,24,,,1,99,,23944,24,,,1,70,,23940,24,,,1,201,,23939,24,,,1,30,,23943,24,,,1
20200,'KP:323:0:Weekday:4:26MAR:12345',708,,23965,24,,,1,28,,23966,24,,,1,171,,23967,24,,,1,30,,23963,24,,,1,71,,23952,24,,,1,30,,23954,24,,,1,68,,23958,24,,,1,30,,23962,24,,,1,69,,23957,24,,,1,30,,23964,24,,,1,70,,23961,24,,,1,30,,23953,24,,,1,99,,23960,24,,,1,70,,23956,24,,,1,201,,23955,24,,,1,30,,23959,24,,,1
