22200,'H:111:6:Sunday:1:26SEP:1234567',815,,31765,53,4,,1,92,,31764,53,4,,1,50,,31756,53,4,,1,92,,31751,53,4,,1,92,,31754,53,4,,1,92,,31760,53,4,,1,92,,31752,53,4,,1,90,,31757,53,4,,1,90,,31759,53,4,,1,49,,31753,53,4,,1,88,,31755,53,4,,1,90,,31761,53,4,,1,90,,31762,53,4,,1,89,,31758,53,4,,1,89,,31763,53,4,,1
22200,'H:111:6:Sunday:2:26SEP:1234567',815,,31780,53,4,,1,92,,31779,53,4,,1,50,,31771,53,4,,1,92,,31766,53,4,,1,92,,31769,53,4,,1,92,,31775,53,4,,1,92,,31767,53,4,,1,90,,31772,53,4,,1,90,,31774,53,4,,1,49,,31768,53,4,,1,88,,31770,53,4,,1,90,,31776,53,4,,1,90,,31777,53,4,,1,89,,31773,53,4,,1,89,,31778,53,4,,1
22200,'H:121:0:Weekday:1:26SEP:12345',711,,31783,53,4,,1,44,,31781,53,4,,1,93,,31784,53,4,,1,95,,31782,53,4,,1,91,,31785,53,4,,1,90,,31787,53,4,,1,91,,31788,53,4,,1,90,,31789,53,4,,1,52,,31786,53,4,,1,90,,31791,53,4,,1,90,,31792,53,4,,1,94,,31793,53,4,,1,90,,31790,53,4,,1,85,,31794,53,4,,1,49,,31796,53,4,,1,87,,31797,53,4,,1,89,,31795,53,4,,1
22200,'H:121:0:Weekday:2:26SEP:12345',711,,31800,53,4,,1,44,,31798,53,4,,1,93,,31801,53,4,,1,95,,31799,53,4,,1,91,,31802,53,4,,1,90,,31804,53,4,,1,91,,31805,53,4,,1,90,,31806,53,4,,1,52,,31803,53,4,,1,90,,31808,53,4,,1,90,,31809,53,4,,1,94,,31810,53,4,,1,90,,31807,53,4,,1,85,,31811,53,4,,1,49,,31813,53,4,,1,87,,31814,53,4,,1,89,,31812,53,4,,1
22200,'H:171:5:Saturday:1:26SEP:6',636,,31829,53,4,,1,90,,31815,53,4,,1,92,,31816,53,4,,1,92,,31826,53,4,,1,90,,31830,53,4,,1,52,,31831,53,4,,1,91,,31822,53,4,,1,92,,31817,53,4,,1,91,,31818,53,4,,1,91,,31825,53,4,,1,90,,31824,53,4,,1,49,,31827,53,4,,1,89,,31821,53,4,,1,89,,31823,53,4,,1,89,,31828,53,4,,1,88,,31819,53,4,,1,90,,31820,53,4,,1,42,,31832,53,4,,1
22200,'H:171:5:Saturday:2:26SEP:6',636,,31847,53,4,,1,90,,31833,53,4,,1,92,,31834,53,4,,1,92,,31844,53,4,,1,90,,31848,53,4,,1,52,,31849,53,4,,1,91,,31840,53,4,,1,92,,31835,53,4,,1,91,,31836,53,4,,1,91,,31843,53,4,,1,90,,31842,53,4,,1,49,,31845,53,4,,1,89,,31839,53,4,,1,89,,31841,53,4,,1,89,,31846,53,4,,1,88,,31837,53,4,,1,90,,31838,53,4,,1,42,,31850,53,4,,1
22201,'H:111:6:Sunday:1:26SEP:1234567',657,,31851,1,,,1,90,,31854,1,,,1,90,,31852,1,,,1,90,,31855,1,,,1,90,,31853,1,,,1,90,,31856,1,,,1,50,,31857,1,,,1,90,,31860,1,,,1,90,,31861,1,,,1,90,,31858,1,,,1,90,,31862,1,,,1,90,,31863,1,,,1,50,,31864,1,,,1,90,,31859,1,,,1,90,,31865,1,,,1
22201,'H:111:6:Sunday:2:26SEP:1234567',657,,31866,1,,,1,90,,31869,1,,,1,90,,31867,1,,,1,90,,31870,1,,,1,90,,31868,1,,,1,90,,31871,1,,,1,50,,31872,1,,,1,90,,31875,1,,,1,90,,31876,1,,,1,90,,31873,1,,,1,90,,31877,1,,,1,90,,31878,1,,,1,50,,31879,1,,,1,90,,31874,1,,,1,90,,31880,1,,,1
22201,'H:121:0:Weekday:1:26SEP:12345',550,,31882,1,,,1,85,,31883,1,,,1,95,,31884,1,,,1,90,,31885,1,,,1,90,,31886,1,,,1,90,,31887,1,,,1,50,,31888,1,,,1,90,,31889,1,,,1,90,,31890,1,,,1,90,,31891,1,,,1,90,,31893,1,,,1,90,,31894,1,,,1,50,,31895,1,,,1,90,,31892,1,,,1,90,,31881,1,,,1,90,,31896,1,,,1,90,,31897,1,,,1,90,,31898,1,,,1,50,,31899,1,,,1
22201,'H:121:0:Weekday:2:26SEP:12345',550,,31901,1,,,1,85,,31902,1,,,1,95,,31903,1,,,1,90,,31904,1,,,1,90,,31905,1,,,1,90,,31906,1,,,1,50,,31907,1,,,1,90,,31908,1,,,1,90,,31909,1,,,1,90,,31910,1,,,1,90,,31912,1,,,1,90,,31913,1,,,1,50,,31914,1,,,1,90,,31911,1,,,1,90,,31900,1,,,1,90,,31915,1,,,1,90,,31916,1,,,1,90,,31917,1,,,1,50,,31918,1,,,1
22201,'H:171:5:Saturday:1:26SEP:6',657,,31922,1,,,1,90,,31923,1,,,1,90,,31924,1,,,1,90,,31925,1,,,1,90,,31926,1,,,1,90,,31927,1,,,1,50,,31928,1,,,1,90,,31930,1,,,1,90,,31932,1,,,1,90,,31929,1,,,1,90,,31933,1,,,1,90,,31931,1,,,1,50,,31934,1,,,1,90,,31935,1,,,1,90,,31936,1,,,1,90,,31919,1,,,1,90,,31920,1,,,1,90,,31921,1,,,1
22201,'H:171:5:Saturday:2:26SEP:6',657,,31940,1,,,1,90,,31941,1,,,1,90,,31942,1,,,1,90,,31943,1,,,1,90,,31944,1,,,1,90,,31945,1,,,1,50,,31946,1,,,1,90,,31948,1,,,1,90,,31950,1,,,1,90,,31947,1,,,1,90,,31951,1,,,1,90,,31949,1,,,1,50,,31952,1,,,1,90,,31953,1,,,1,90,,31954,1,,,1,90,,31937,1,,,1,90,,31938,1,,,1,90,,31939,1,,,1
