27000,'H:121:0:Weekday:3:26SEP:12345',436,,38143,3,,,1,110,,38144,3,,,1,100,,38146,3,,,1,1500,,38145,3,,,1
27001,'H:121:0:Weekday:3:26SEP:12345',621,,38150,33,,,1
27100,'H:111:6:Sunday:3:26SEP:1234567',656,,38151,3,,,1,100,,38152,3,,,1,100,,38162,3,,,1,100,,38153,3,,,1,100,,38154,3,,,1,100,,38155,3,,,1,100,,38156,3,,,1,100,,38157,3,,,1,100,,38164,3,,,1,100,,38158,3,,,1,100,,38159,3,,,1,100,,38160,3,,,1,100,,38161,3,,,1,100,,38163,3,,,1
27100,'H:121:0:Weekday:3:26SEP:12345',811,,38166,3,,,1,100,,38167,3,,,1,100,,38175,3,,,1,200,,38168,3,,,1,200,,38169,3,,,1,200,,38170,3,,,1,200,,38171,3,,,1,200,,38172,3,,,1,100,,38173,3,,,1
27100,'H:171:5:Saturday:3:26SEP:6',656,,38185,3,,,1,100,,38177,3,,,1,100,,38186,3,,,1,100,,38178,3,,,1,100,,38184,3,,,1,100,,38176,3,,,1,100,,38183,3,,,1,100,,38179,3,,,1,100,,38187,3,,,1,100,,38180,3,,,1,100,,38182,3,,,1,100,,38181,3,,,1,100,,38188,3,,,1,100,,38189,3,,,1,100,,38190,3,,,1
27100,'KP:321:0:Weekday:3:26SEP:12345',741,,38191,3,,,1,370,,38192,3,,,1,200,,38193,3,,,1,200,,38195,3,,,1,200,,38194,3,,,1,200,,38197,3,,,1
27101,'H:111:6:Sunday:3:26SEP:1234567',812,,38211,46,,,1,112,,38201,46,,,1,104,,38198,46,,,1,102,,38199,46,,,1,101,,38200,46,,,1,100,,38202,46,,,1,100,,38209,46,,,1,101,,38203,46,,,1,100,,38204,46,,,1,100,,38206,46,,,1,98,,38205,46,,,1,98,,38207,46,,,1,99,,38210,46,,,1,100,,38208,46,,,1
27101,'H:121:0:Weekday:3:26SEP:12345',731,,38212,46,,,1,101,,38213,46,,,1,100,,38222,46,,,1,199,,38214,46,,,1,209,,38215,46,,,1,206,,38216,46,,,1,202,,38217,46,,,1,188,,38218,46,,,1,95,,38219,46,,,1,97,,38220,46,,,1,100,,38221,46,,,1
27101,'H:171:5:Saturday:3:26SEP:6',815,,38223,46,,,1,113,,38229,46,,,1,104,,38226,46,,,1,104,,38230,46,,,1,103,,38227,46,,,1,100,,38232,46,,,1,98,,38228,46,,,1,100,,38233,46,,,1,98,,38225,46,,,1,100,,38231,46,,,1,100,,38224,46,,,1,97,,38234,46,,,1,99,,38235,46,,,1,97,,38236,46,,,1,100,,38237,46,,,1
27101,'KP:321:0:Weekday:3:26SEP:12345',1031,,38238,46,,,1,204,,38239,46,,,1,205,,38242,46,,,1,209,,38240,46,,,1,194,,38243,46,,,1
