27000,'H:121:0:Weekday:2:26SEP:12345',2212,,32151,20,,,1
27000,'KP:321:0:Weekday:2:26SEP:12345',1806,,32154,5,,,1
27100,'H:111:6:Sunday:2:26SEP:1234567',835,,32176,34,,,1,101,,32186,34,,,1,101,,32177,34,,,1,100,,32178,34,,,1,102,,32179,34,,,1,100,,32180,34,,,1,101,,32181,34,,,1,100,,32188,34,,,1,100,,32182,34,,,1,98,,32183,34,,,1,100,,32184,34,,,1,100,,32185,34,,,1,98,,32187,34,,,1
27100,'H:121:0:Weekday:2:26SEP:12345',853,,32201,34,,,1,101,,32202,34,,,1,100,,32210,34,,,1,199,,32203,34,,,1,204,,32204,34,,,1,198,,32205,34,,,1,196,,32206,34,,,1,198,,32207,34,,,1,100,,32208,34,,,1
27100,'H:171:5:Saturday:2:26SEP:6',836,,32227,34,,,1,102,,32236,34,,,1,101,,32228,34,,,1,101,,32234,34,,,1,100,,32226,34,,,1,100,,32233,34,,,1,100,,32229,34,,,1,100,,32237,34,,,1,99,,32230,34,,,1,100,,32232,34,,,1,98,,32231,34,,,1,99,,32238,34,,,1,100,,32239,34,,,1,100,,32240,34,,,1
27100,'KP:321:0:Weekday:2:26SEP:12345',823,,32248,34,,,1,330,,32249,34,,,1,201,,32250,34,,,1,204,,32252,34,,,1,195,,32251,34,,,1,196,,32254,34,,,1
27101,'H:111:6:Sunday:2:26SEP:1234567',840,,32272,19,,,1,100,,32269,19,,,1,101,,32270,19,,,1,100,,32271,19,,,1,100,,32273,19,,,1,100,,32280,19,,,1,100,,32274,19,,,1,100,,32275,19,,,1,100,,32277,19,,,1,100,,32276,19,,,1,99,,32278,19,,,1,100,,32281,19,,,1,100,,32279,19,,,1
27101,'H:121:0:Weekday:2:26SEP:12345',842,,32304,19,,,1,199,,32296,19,,,1,202,,32297,19,,,1,201,,32298,19,,,1,201,,32299,19,,,1,197,,32300,19,,,1,99,,32301,19,,,1,98,,32302,19,,,1,100,,32303,19,,,1
27101,'H:171:5:Saturday:2:26SEP:6',840,,32326,19,,,1,101,,32323,19,,,1,101,,32327,19,,,1,101,,32324,19,,,1,100,,32329,19,,,1,100,,32325,19,,,1,100,,32330,19,,,1,99,,32322,19,,,1,100,,32328,19,,,1,100,,32321,19,,,1,99,,32331,19,,,1,100,,32332,19,,,1,99,,32333,19,,,1,100,,32334,19,,,1
27101,'KP:321:0:Weekday:2:26SEP:12345',941,,32341,19,,,1,200,,32342,19,,,1,202,,32345,19,,,1,203,,32343,19,,,1,169,,32344,19,0,5,1,28,,32346,19,,,1
90801,'H:121:0:Weekday:2:26SEP:12345',1834,,35428,17,,,1
90801,'KP:321:0:Weekday:2:26SEP:12345',1624,,35433,17,,,1,89,,35435,17,,,1,88,,35436,17,,,1,110,,35434,17,,,1
