27000,'H:121:0:Weekday:3:26SEP:12345',436,,38143,4,,,1,110,,38144,4,,,1,100,,38146,4,,,1,1500,,38145,4,,,1
27001,'H:121:0:Weekday:3:26SEP:12345',622,,38150,34,4,,1
27100,'H:111:6:Sunday:3:26SEP:1234567',656,,38151,4,,,1,100,,38152,4,,,1,100,,38162,4,,,1,100,,38153,4,,,1,100,,38154,4,,,1,100,,38155,4,,,1,100,,38156,4,,,1,100,,38157,4,,,1,100,,38164,4,,,1,100,,38158,4,,,1,100,,38159,4,,,1,100,,38160,4,,,1,100,,38161,4,,,1,100,,38163,4,,,1
27100,'H:121:0:Weekday:3:26SEP:12345',811,,38166,4,,,1,100,,38167,4,,,1,100,,38175,4,,,1,200,,38168,4,,,1,200,,38169,4,,,1,200,,38170,4,,,1,200,,38171,4,,,1,200,,38172,4,,,1,100,,38173,4,,,1
27100,'H:171:5:Saturday:3:26SEP:6',656,,38185,4,,,1,100,,38177,4,,,1,100,,38186,4,,,1,100,,38178,4,,,1,100,,38184,4,,,1,100,,38176,4,,,1,100,,38183,4,,,1,100,,38179,4,,,1,100,,38187,4,,,1,100,,38180,4,,,1,100,,38182,4,,,1,100,,38181,4,,,1,100,,38188,4,,,1,100,,38189,4,,,1,100,,38190,4,,,1
27100,'KP:321:0:Weekday:3:26SEP:12345',741,,38191,4,,,1,370,,38192,4,,,1,200,,38193,4,,,1,200,,38195,4,,,1,200,,38194,4,,,1,200,,38197,4,,,1
27101,'H:111:6:Sunday:3:26SEP:1234567',813,,38211,47,4,,1,112,,38201,47,4,,1,104,,38198,47,4,,1,102,,38199,47,4,,1,101,,38200,47,4,,1,100,,38202,47,4,,1,100,,38209,47,4,,1,101,,38203,47,4,,1,100,,38204,47,4,,1,100,,38206,47,4,,1,98,,38205,47,4,,1,98,,38207,47,4,,1,99,,38210,47,4,,1,100,,38208,47,4,,1
27101,'H:121:0:Weekday:3:26SEP:12345',732,,38212,47,4,,1,101,,38213,47,4,,1,100,,38222,47,4,,1,199,,38214,47,4,,1,209,,38215,47,4,,1,206,,38216,47,4,,1,202,,38217,47,4,,1,188,,38218,47,4,,1,95,,38219,47,4,,1,97,,38220,47,4,,1,100,,38221,47,4,,1
27101,'H:171:5:Saturday:3:26SEP:6',816,,38223,47,4,,1,113,,38229,47,4,,1,104,,38226,47,4,,1,104,,38230,47,4,,1,103,,38227,47,4,,1,100,,38232,47,4,,1,98,,38228,47,4,,1,100,,38233,47,4,,1,98,,38225,47,4,,1,100,,38231,47,4,,1,100,,38224,47,4,,1,97,,38234,47,4,,1,99,,38235,47,4,,1,97,,38236,47,4,,1,100,,38237,47,4,,1
27101,'KP:321:0:Weekday:3:26SEP:12345',1032,,38238,47,4,,1,204,,38239,47,4,,1,205,,38242,47,4,,1,209,,38240,47,4,,1,194,,38243,47,4,,1
