10601,'H:111:6:Sunday:1:26SEP:1234567',655,,28325,2,,,1,100,,28311,2,,,1,99,,28312,2,,,1,100,,28313,2,,,1,100,,28314,2,,,1,100,,28315,2,,,1,99,,28316,2,,,1,100,,28317,2,,,1,100,,28319,2,,,1,100,,28320,2,,,1,100,,28321,2,,,1,101,,28318,2,,,1,100,,28322,2,,,1,100,,28323,2,,,1,100,,28324,2,,,1
10601,'H:111:6:Sunday:2:26SEP:1234567',655,,28340,2,,,1,100,,28326,2,,,1,99,,28327,2,,,1,100,,28328,2,,,1,100,,28329,2,,,1,100,,28330,2,,,1,99,,28331,2,,,1,100,,28332,2,,,1,100,,28334,2,,,1,100,,28335,2,,,1,100,,28336,2,,,1,101,,28333,2,,,1,100,,28337,2,,,1,100,,28338,2,,,1,100,,28339,2,,,1
10601,'H:121:0:Weekday:1:26SEP:12345',511,,28341,2,,,1,100,,28342,2,,,1,100,,28343,2,,,1,100,,28344,2,,,1,100,,28345,2,,,1,100,,28346,2,,,1,100,,28348,2,,,1,100,,28349,2,,,1,100,,28350,2,,,1,100,,28347,2,,,1,100,,28352,2,,,1,100,,28358,2,,,1,100,,28353,2,,,1,100,,28351,2,,,1,100,,28354,2,,,1,100,,28355,2,,,1,100,,28356,2,,,1,100,,28357,2,,,1
10601,'H:121:0:Weekday:2:26SEP:12345',511,,28359,2,,,1,100,,28360,2,,,1,100,,28361,2,,,1,100,,28362,2,,,1,100,,28363,2,,,1,100,,28364,2,,,1,100,,28366,2,,,1,100,,28367,2,,,1,100,,28368,2,,,1,100,,28365,2,,,1,100,,28370,2,,,1,100,,28376,2,,,1,100,,28371,2,,,1,100,,28369,2,,,1,100,,28372,2,,,1,100,,28373,2,,,1,100,,28374,2,,,1,100,,28375,2,,,1
10601,'H:171:5:Saturday:1:26SEP:6',555,,28391,2,,,1,100,,28390,2,,,1,100,,28377,2,,,1,99,,28378,2,,,1,100,,28379,2,,,1,99,,28380,2,,,1,100,,28382,2,,,1,100,,28383,2,,,1,100,,28384,2,,,1,100,,28381,2,,,1,100,,28385,2,,,1,100,,28386,2,,,1,100,,28387,2,,,1,100,,28388,2,,,1,100,,28389,2,,,1,101,,28392,2,,,1,101,,28393,2,,,1
10601,'H:171:5:Saturday:2:26SEP:6',555,,28408,2,,,1,100,,28407,2,,,1,100,,28394,2,,,1,99,,28395,2,,,1,100,,28396,2,,,1,99,,28397,2,,,1,100,,28399,2,,,1,100,,28400,2,,,1,100,,28401,2,,,1,100,,28398,2,,,1,100,,28402,2,,,1,100,,28403,2,,,1,100,,28404,2,,,1,100,,28405,2,,,1,100,,28406,2,,,1,101,,28409,2,,,1,101,,28410,2,,,1
12000,'H:111:6:Sunday:1:26SEP:1234567',725,,29761,2,,,1,100,,29762,2,,,1,99,,29763,2,,,1,99,,29760,2,,,1,100,,29764,2,,,1,98,,29765,2,,,1,100,,29766,2,,,1,100,,29767,2,,,1,100,,29768,2,,,1,100,,29769,2,,,1,100,,29770,2,,,1,100,,29771,2,,,1,102,,29759,2,,,1,101,,29772,2,,,1
12000,'H:111:6:Sunday:2:26SEP:1234567',725,,29775,2,,,1,100,,29776,2,,,1,99,,29777,2,,,1,99,,29774,2,,,1,100,,29778,2,,,1,98,,29779,2,,,1,100,,29780,2,,,1,100,,29781,2,,,1,100,,29782,2,,,1,100,,29783,2,,,1,100,,29784,2,,,1,100,,29785,2,,,1,102,,29773,2,,,1,101,,29786,2,,,1
12000,'H:121:0:Weekday:1:26SEP:12345',420,,29804,2,,,1,83,,29805,2,,,1,27,,29791,2,,,1,28,,29806,2,,,1,68,,29789,2,,,1,29,,29807,2,,,1,69,,29787,2,,,1,31,,29808,2,,,1,70,,29788,2,,,1,31,,29813,2,,,1,73,,29790,2,,,1,30,,29814,2,,,1,70,,29794,2,,,1,30,,29815,2,,,1,70,,29792,2,,,1,30,,29816,2,,,1,68,,29795,2,,,1,29,,29817,2,,,1,70,,29793,2,,,1,30,,29818,2,,,1,69,,29797,2,,,1,27,,29809,2,,,1,69,,29798,2,,,1,29,,29810,2,,,1,69,,29796,2,,,1,31,,29811,2,,,1,72,,29803,2,,,1,30,,29812,2,,,1,75,,29801,2,,,1,100,,29802,2,,,1,101,,29799,2,,,1,103,,29800,2,,,1
12000,'H:121:0:Weekday:2:26SEP:12345',420,,29836,2,,,1,83,,29837,2,,,1,27,,29823,2,,,1,28,,29838,2,,,1,68,,29821,2,,,1,29,,29839,2,,,1,69,,29819,2,,,1,31,,29840,2,,,1,70,,29820,2,,,1,31,,29845,2,,,1,73,,29822,2,,,1,30,,29846,2,,,1,70,,29826,2,,,1,30,,29847,2,,,1,70,,29824,2,,,1,30,,29848,2,,,1,68,,29827,2,,,1,29,,29849,2,,,1,70,,29825,2,,,1,30,,29850,2,,,1,69,,29829,2,,,1,27,,29841,2,,,1,69,,29830,2,,,1,29,,29842,2,,,1,69,,29828,2,,,1,31,,29843,2,,,1,72,,29835,2,,,1,30,,29844,2,,,1,75,,29833,2,,,1,100,,29834,2,,,1,101,,29831,2,,,1,103,,29832,2,,,1
12000,'H:171:5:Saturday:1:26SEP:6',527,,29856,2,,,1,99,,29855,2,,,1,98,,29859,2,,,1,99,,29858,2,,,1,99,,29861,2,,,1,99,,29860,2,,,1,99,,29857,2,,,1,99,,29863,2,,,1,100,,29864,2,,,1,100,,29862,2,,,1,100,,29866,2,,,1,101,,29865,2,,,1,101,,29854,2,,,1,100,,29852,2,,,1,102,,29851,2,,,1,101,,29853,2,,,1,101,,29867,2,,,1
12000,'H:171:5:Saturday:2:26SEP:6',527,,29873,2,,,1,99,,29872,2,,,1,98,,29876,2,,,1,99,,29875,2,,,1,99,,29878,2,,,1,99,,29877,2,,,1,99,,29874,2,,,1,99,,29880,2,,,1,100,,29881,2,,,1,100,,29879,2,,,1,100,,29883,2,,,1,101,,29882,2,,,1,101,,29871,2,,,1,100,,29869,2,,,1,102,,29868,2,,,1,101,,29870,2,,,1,101,,29884,2,,,1
90800,'H:121:0:Weekday:1:26SEP:12345',506,,35418,23,,,1,135,,35417,23,,,1
90800,'H:121:0:Weekday:2:26SEP:12345',506,,35420,23,,,1,135,,35419,23,,,1
90800,'KP:321:0:Weekday:1:26SEP:12345',540,,35423,23,,,1,178,,35422,23,,,1,107,,35421,23,,,1
90800,'KP:321:0:Weekday:2:26SEP:12345',540,,35426,23,,,1,178,,35425,23,,,1,107,,35424,23,,,1
