10600,'H:111:6:Sunday:1:26SEP:1234567',721,,28226,38,,,1,101,,28213,38,,,1,103,,28214,38,,,1,103,,28215,38,,,1,101,,28216,38,,,1,100,,28217,38,,,1,101,,28218,38,,,1,101,,28219,38,,,1,100,,28221,38,,,1,98,,28220,38,,,1,100,,28222,38,,,1,100,,28223,38,,,1,97,,28224,38,,,1,99,,28225,38,,,1,99,,28227,38,,,1
10600,'H:111:6:Sunday:2:26SEP:1234567',721,,28241,38,,,1,101,,28228,38,,,1,103,,28229,38,,,1,103,,28230,38,,,1,101,,28231,38,,,1,100,,28232,38,,,1,101,,28233,38,,,1,101,,28234,38,,,1,100,,28236,38,,,1,98,,28235,38,,,1,100,,28237,38,,,1,100,,28238,38,,,1,97,,28239,38,,,1,99,,28240,38,,,1,99,,28242,38,,,1
10600,'H:121:0:Weekday:1:26SEP:12345',535,,28243,38,,,1,104,,28244,38,,,1,107,,28245,38,,,1,103,,28246,38,,,1,100,,28247,38,,,1,98,,28248,38,,,1,100,,28249,38,,,1,98,,28250,38,,,1,101,,28251,38,,,1,105,,28252,38,,,1,100,,28253,38,,,1,103,,28254,38,,,1,100,,28255,38,,,1,93,,28256,38,,,1,96,,28257,38,,,1,98,,28258,38,,,1,97,,28259,38,,,1
10600,'H:121:0:Weekday:2:26SEP:12345',535,,28260,38,,,1,104,,28261,38,,,1,107,,28262,38,,,1,103,,28263,38,,,1,100,,28264,38,,,1,98,,28265,38,,,1,100,,28266,38,,,1,98,,28267,38,,,1,101,,28268,38,,,1,105,,28269,38,,,1,100,,28270,38,,,1,103,,28271,38,,,1,100,,28272,38,,,1,93,,28273,38,,,1,96,,28274,38,,,1,98,,28275,38,,,1,97,,28276,38,,,1
10600,'H:171:5:Saturday:1:26SEP:6',619,,28290,38,,,1,101,,28291,38,,,1,102,,28277,38,,,1,102,,28278,38,,,1,103,,28279,38,,,1,103,,28280,38,,,1,100,,28281,38,,,1,101,,28282,38,,,1,100,,28284,38,,,1,100,,28285,38,,,1,99,,28287,38,,,1,100,,28283,38,,,1,99,,28288,38,,,1,99,,28289,38,,,1,97,,28286,38,,,1,98,,28292,38,,,1,98,,28293,38,,,1
10600,'H:171:5:Saturday:2:26SEP:6',619,,28307,38,,,1,101,,28308,38,,,1,102,,28294,38,,,1,102,,28295,38,,,1,103,,28296,38,,,1,103,,28297,38,,,1,100,,28298,38,,,1,101,,28299,38,,,1,100,,28301,38,,,1,100,,28302,38,,,1,99,,28304,38,,,1,100,,28300,38,,,1,99,,28305,38,,,1,99,,28306,38,,,1,97,,28303,38,,,1,98,,28309,38,,,1,98,,28310,38,,,1
12001,'H:111:6:Sunday:1:26SEP:1234567',748,,29898,36,,,1,101,,29888,36,,,1,101,,29886,36,,,1,101,,29889,36,,,1,101,,29897,36,,,1,100,,29887,36,,,1,101,,29892,36,,,1,100,,29890,36,,,1,100,,29893,36,,,1,99,,29891,36,,,1,100,,29895,36,,,1,100,,29896,36,,,1,99,,29894,36,,,1,99,,29885,36,,,1
12001,'H:111:6:Sunday:2:26SEP:1234567',748,,29912,36,,,1,101,,29902,36,,,1,101,,29900,36,,,1,101,,29903,36,,,1,101,,29911,36,,,1,100,,29901,36,,,1,101,,29906,36,,,1,100,,29904,36,,,1,100,,29907,36,,,1,99,,29905,36,,,1,100,,29909,36,,,1,100,,29910,36,,,1,99,,29908,36,,,1,99,,29899,36,,,1
12001,'H:121:0:Weekday:1:26SEP:12345',554,,29930,36,,,1,70,,29931,36,,,1,32,,29914,36,,,1,73,,29932,36,,,1,76,,29929,36,,,1,30,,29933,36,,,1,67,,29927,36,,,1,28,,29934,36,,,1,29,,29928,36,,,1,69,,29938,36,,,1,30,,29916,36,,,1,70,,29939,36,,,1,31,,29917,36,,,1,70,,29940,36,,,1,30,,29918,36,,,1,71,,29941,36,,,1,70,,29919,36,,,1,30,,29942,36,,,1,73,,29920,36,,,1,31,,29943,36,,,1,71,,29921,36,,,1,31,,29935,36,,,1,70,,29913,36,,,1,30,,29936,36,,,1,71,,29915,36,,,1,27,,29937,36,,,1,66,,29922,36,,,1,58,,29926,36,,,1,97,,29925,36,,,1,100,,29923,36,,,1,98,,29924,36,,,1
12001,'H:121:0:Weekday:2:26SEP:12345',554,,29961,36,,,1,70,,29962,36,,,1,32,,29945,36,,,1,73,,29963,36,,,1,76,,29960,36,,,1,30,,29964,36,,,1,67,,29958,36,,,1,28,,29965,36,,,1,29,,29959,36,,,1,69,,29969,36,,,1,30,,29947,36,,,1,70,,29970,36,,,1,31,,29948,36,,,1,70,,29971,36,,,1,30,,29949,36,,,1,71,,29972,36,,,1,70,,29950,36,,,1,30,,29973,36,,,1,73,,29951,36,,,1,31,,29974,36,,,1,71,,29952,36,,,1,31,,29966,36,,,1,70,,29944,36,,,1,30,,29967,36,,,1,71,,29946,36,,,1,27,,29968,36,,,1,66,,29953,36,,,1,58,,29957,36,,,1,97,,29956,36,,,1,100,,29954,36,,,1,98,,29955,36,,,1
12001,'H:171:5:Saturday:1:26SEP:6',648,,29975,36,,,1,100,,29976,36,,,1,103,,29977,36,,,1,101,,29980,36,,,1,101,,29988,36,,,1,101,,29984,36,,,1,100,,29986,36,,,1,100,,29989,36,,,1,100,,29987,36,,,1,101,,29979,36,,,1,100,,29985,36,,,1,100,,29981,36,,,1,98,,29983,36,,,1,99,,29978,36,,,1,99,,29990,36,,,1,100,,29982,36,,,1
12001,'H:171:5:Saturday:2:26SEP:6',648,,29991,36,,,1,100,,29992,36,,,1,103,,29993,36,,,1,101,,29996,36,,,1,101,,30004,36,,,1,101,,30000,36,,,1,100,,30002,36,,,1,100,,30005,36,,,1,100,,30003,36,,,1,101,,29995,36,,,1,100,,30001,36,,,1,100,,29997,36,,,1,98,,29999,36,,,1,99,,29994,36,,,1,99,,30006,36,,,1,100,,29998,36,,,1
