20900,'H:113:6:Sunday:3:26MAR:1234567',752,,24088,2,,,1,100,,24082,2,,,1,100,,24080,2,,,1,100,,24092,2,,,1,101,,24084,2,,,1,100,,24090,2,,,1,100,,24081,2,,,1,100,,24083,2,,,1,100,,24091,2,,,1,100,,24086,2,,,1,100,,24087,2,,,1,100,,24085,2,,,1,100,,24089,2,,,1
20900,'H:123:0:Weekday:3:26MAR:12345',555,,24105,2,,,1,101,,24106,2,,,1,100,,24108,2,,,1,100,,24107,2,,,1,100,,24104,2,,,1,100,,24100,2,,,1,100,,24098,2,,,1,97,,24102,2,,,1,100,,24096,2,,,1,100,,24101,2,,,1,100,,24103,2,,,1,100,,24095,2,,,1,100,,24097,2,,,1,100,,24099,2,,,1,100,,24093,2,,,1,100,,24094,2,,,1,99,,24109,2,,,1
20900,'H:123:0:Weekday:4:26MAR:12345',555,,24122,2,,,1,101,,24123,2,,,1,100,,24125,2,,,1,100,,24124,2,,,1,100,,24121,2,,,1,100,,24117,2,,,1,100,,24115,2,,,1,97,,24119,2,,,1,100,,24113,2,,,1,100,,24118,2,,,1,100,,24120,2,,,1,100,,24112,2,,,1,100,,24114,2,,,1,100,,24116,2,,,1,100,,24110,2,,,1,100,,24111,2,,,1,99,,24126,2,,,1
20900,'H:173:5:Saturday:3:26MAR:6',652,,24136,2,,,1,100,,24129,2,,,1,100,,24127,2,,,1,101,,24139,2,,,1,100,,24132,2,,,1,100,,24138,2,,,1,100,,24130,2,,,1,100,,24128,2,,,1,100,,24141,2,,,1,100,,24133,2,,,1,100,,24137,2,,,1,100,,24131,2,,,1,100,,24134,2,,,1,100,,24140,2,,,1,100,,24135,2,,,1
24000,'H:113:6:Sunday:3:26MAR:1234567',651,,24497,2,,,1,100,,24491,2,,,1,100,,24490,2,,,1,100,,24485,2,,,1,100,,24493,2,,,1,100,,24486,2,,,1,100,,24496,2,,,1,100,,24489,2,,,1,100,,24494,2,,,1,100,,24487,2,,,1,100,,24495,2,,,1,100,,24488,2,,,1,100,,24492,2,,,1,100,,24484,2,,,1
24000,'H:123:0:Weekday:3:26MAR:12345',551,,24512,2,,,1,100,,24498,2,,,1,100,,24499,2,,,1,100,,24501,2,,,1,105,,24500,2,,,1,100,,24502,2,,,1,100,,24503,2,,,1,100,,24505,2,,,1,97,,24506,2,,,1,103,,24504,2,,,1,100,,24508,2,,,1,100,,24507,2,,,1,100,,24509,2,,,1,95,,24510,2,,,1,100,,24511,2,,,1,100,,24513,2,,,1
24000,'H:123:0:Weekday:4:26MAR:12345',551,,24528,2,,,1,100,,24514,2,,,1,100,,24515,2,,,1,100,,24517,2,,,1,105,,24516,2,,,1,100,,24518,2,,,1,100,,24519,2,,,1,100,,24521,2,,,1,97,,24522,2,,,1,103,,24520,2,,,1,100,,24524,2,,,1,100,,24523,2,,,1,100,,24525,2,,,1,95,,24526,2,,,1,100,,24527,2,,,1,100,,24529,2,,,1
24000,'H:173:5:Saturday:3:26MAR:6',651,,24542,2,,,1,100,,24530,2,,,1,100,,24537,2,,,1,100,,24532,2,,,1,100,,24538,2,,,1,100,,24531,2,,,1,100,,24539,2,,,1,100,,24533,2,,,1,100,,24540,2,,,1,100,,24534,2,,,1,100,,24541,2,,,1,100,,24536,2,,,1,100,,24535,2,,,1,100,,24543,2,,,1,100,,24544,2,,,1
90500,'H:123:0:Weekday:3:26MAR:12345',443,,26966,9,,,1,172,,26974,9,,,1,130,,26967,9,,,1,100,,26970,9,,,1,100,,26962,9,,,1,100,,26960,9,,,1,100,,26961,9,,,1,300,,26964,9,,,1,100,,26965,9,,,1,100,,26972,9,,,1,100,,26963,9,,,1,100,,26971,9,,,1,100,,26973,9,,,1,100,,26969,9,,,1,100,,26968,9,,,1
90500,'H:123:0:Weekday:4:26MAR:12345',443,,26981,9,,,1,172,,26989,9,,,1,130,,26982,9,,,1,100,,26985,9,,,1,100,,26977,9,,,1,100,,26975,9,,,1,100,,26976,9,,,1,300,,26979,9,,,1,100,,26980,9,,,1,100,,26987,9,,,1,100,,26978,9,,,1,100,,26986,9,,,1,100,,26988,9,,,1,100,,26984,9,,,1,100,,26983,9,,,1
90500,'KP:323:0:Weekday:3:26MAR:12345',545,,26992,9,,,1,100,,26990,9,,,1,70,,26991,9,,,1,530,,26993,9,,,1,100,,26994,9,,,1
90500,'KP:323:0:Weekday:4:26MAR:12345',545,,26997,9,,,1,100,,26995,9,,,1,70,,26996,9,,,1,530,,26998,9,,,1,100,,26999,9,,,1
90501,'H:123:0:Weekday:3:26MAR:12345',619,,27009,7,,,1,100,,27008,7,,,1,99,,27007,7,,,1,100,,27005,7,,,1,100,,27006,7,,,1,102,,27016,7,,,1,100,,27014,7,,,1,100,,27015,7,,,1,102,,27017,7,,,1,92,,27013,7,,,1,102,,27010,7,,,1,37,,27002,7,,,1,70,,27004,7,,,1,26,,27001,7,,,1,76,,27000,7,,,1,95,,27003,7,,,1,99,,27012,7,,,1,100,,27011,7,,,1
90501,'H:123:0:Weekday:4:26MAR:12345',619,,27027,7,,,1,100,,27026,7,,,1,99,,27025,7,,,1,100,,27023,7,,,1,100,,27024,7,,,1,102,,27034,7,,,1,100,,27032,7,,,1,100,,27033,7,,,1,102,,27035,7,,,1,92,,27031,7,,,1,102,,27028,7,,,1,37,,27020,7,,,1,70,,27022,7,,,1,26,,27019,7,,,1,76,,27018,7,,,1,95,,27021,7,,,1,99,,27030,7,,,1,100,,27029,7,,,1
90700,'H:123:0:Weekday:3:26MAR:12345',409,,27036,7,,,1,36,,27037,7,,,1,73,,27038,7,,,1,32,,27039,7,,,1
90700,'H:123:0:Weekday:4:26MAR:12345',409,,27040,7,,,1,36,,27041,7,,,1,73,,27042,7,,,1,32,,27043,7,,,1
