12100,'H:111:6:Sunday:1:26SEP:1234567',657,,30007,2,,,1,100,,30008,2,,,1,100,,30009,2,,,1,100,,30010,2,,,1,101,,30011,2,,,1,100,,30012,2,,,1,100,,30013,2,,,1,100,,30014,2,,,1,100,,30015,2,,,1,100,,30016,2,,,1,100,,30017,2,,,1,100,,30018,2,,,1,99,,30019,2,,,1,100,,30020,2,,,1
12100,'H:111:6:Sunday:2:26SEP:1234567',657,,30021,2,,,1,100,,30022,2,,,1,100,,30023,2,,,1,100,,30024,2,,,1,101,,30025,2,,,1,100,,30026,2,,,1,100,,30027,2,,,1,100,,30028,2,,,1,100,,30029,2,,,1,100,,30030,2,,,1,100,,30031,2,,,1,100,,30032,2,,,1,99,,30033,2,,,1,100,,30034,2,,,1
12100,'H:121:0:Weekday:1:26SEP:12345',527,,30053,2,,,1,25,,30051,2,,,1,65,,30058,2,,,1,25,,30052,2,,,1,65,,30057,2,,,1,25,,30049,2,,,1,26,,30054,2,,,1,70,,30059,2,,,1,25,,30061,2,,,1,70,,30055,2,,,1,95,,30056,2,,,1,90,,30050,2,,,1,50,,30042,2,,,1,90,,30048,2,,,1,90,,30040,2,,,1,95,,30046,2,,,1,70,,30062,2,,,1,30,,30047,2,,,1,71,,30043,2,,,1,30,,30045,2,,,1,77,,30044,2,,,1,34,,30041,2,,,1,69,,30035,2,,,1,29,,30060,2,,,1,75,,30039,2,,,1,99,,30038,2,,,1,100,,30036,2,,,1,100,,30037,2,,,1
12100,'H:121:0:Weekday:2:26SEP:12345',527,,30081,2,,,1,25,,30079,2,,,1,65,,30086,2,,,1,25,,30080,2,,,1,65,,30085,2,,,1,25,,30077,2,,,1,26,,30082,2,,,1,70,,30087,2,,,1,25,,30089,2,,,1,70,,30083,2,,,1,95,,30084,2,,,1,90,,30078,2,,,1,50,,30070,2,,,1,90,,30076,2,,,1,90,,30068,2,,,1,95,,30074,2,,,1,70,,30090,2,,,1,30,,30075,2,,,1,71,,30071,2,,,1,30,,30073,2,,,1,77,,30072,2,,,1,34,,30069,2,,,1,69,,30063,2,,,1,29,,30088,2,,,1,75,,30067,2,,,1,99,,30066,2,,,1,100,,30064,2,,,1,100,,30065,2,,,1
12100,'H:171:5:Saturday:1:26SEP:6',557,,30092,2,,,1,100,,30093,2,,,1,100,,30094,2,,,1,100,,30091,2,,,1,100,,30095,2,,,1,101,,30096,2,,,1,100,,30097,2,,,1,100,,30098,2,,,1,100,,30099,2,,,1,100,,30100,2,,,1,100,,30101,2,,,1,100,,30102,2,,,1,100,,30103,2,,,1,100,,30104,2,,,1,100,,30105,2,,,1
12100,'H:171:5:Saturday:2:26SEP:6',557,,30107,2,,,1,100,,30108,2,,,1,100,,30109,2,,,1,100,,30106,2,,,1,100,,30110,2,,,1,101,,30111,2,,,1,100,,30112,2,,,1,100,,30113,2,,,1,100,,30114,2,,,1,100,,30115,2,,,1,100,,30116,2,,,1,100,,30117,2,,,1,100,,30118,2,,,1,100,,30119,2,,,1,100,,30120,2,,,1
16601,'H:111:6:Sunday:1:26SEP:1234567',725,,30625,36,,,1,101,,30626,36,,,1,102,,30627,36,,,1,102,,30628,36,,,1,101,,30629,36,,,1,102,,30630,36,,,1,101,,30631,36,,,1,100,,30632,36,,,1,100,,30633,36,,,1,100,,30634,36,,,1,100,,30636,36,,,1,99,,30638,36,,,1,99,,30635,36,,,1,99,,30639,36,,,1,98,,30637,36,,,1
16601,'H:111:6:Sunday:2:26SEP:1234567',725,,30640,36,,,1,101,,30641,36,,,1,102,,30642,36,,,1,102,,30643,36,,,1,101,,30644,36,,,1,102,,30645,36,,,1,101,,30646,36,,,1,100,,30647,36,,,1,100,,30648,36,,,1,100,,30649,36,,,1,100,,30651,36,,,1,99,,30653,36,,,1,99,,30650,36,,,1,99,,30654,36,,,1,98,,30652,36,,,1
16601,'H:121:0:Weekday:1:26SEP:12345',636,,30663,36,,,1,71,,30660,36,,,1,31,,30674,36,,,1,100,,30667,36,,,1,200,,30664,36,,,1,71,,30670,36,,,1,101,,30671,36,,,1,102,,30668,36,,,1,202,,30658,36,,,1,31,,30672,36,,,1,71,,30669,36,,,1,102,,30661,36,,,1,97,,30657,36,,,1,29,,30665,36,,,1,68,,30673,36,,,1,98,,30656,36,,,1,30,,30655,36,,,1,98,,30659,36,,,1,98,,30662,36,,,1,98,,30666,36,,,1
16601,'H:121:0:Weekday:2:26SEP:12345',636,,30683,36,,,1,71,,30680,36,,,1,31,,30694,36,,,1,100,,30687,36,,,1,200,,30684,36,,,1,71,,30690,36,,,1,101,,30691,36,,,1,102,,30688,36,,,1,202,,30678,36,,,1,31,,30692,36,,,1,71,,30689,36,,,1,102,,30681,36,,,1,97,,30677,36,,,1,29,,30685,36,,,1,68,,30693,36,,,1,98,,30676,36,,,1,30,,30675,36,,,1,98,,30679,36,,,1,98,,30682,36,,,1,98,,30686,36,,,1
16601,'H:171:5:Saturday:1:26SEP:6',625,,30697,36,,,1,101,,30695,36,,,1,103,,30696,36,,,1,101,,30699,36,,,1,102,,30702,36,,,1,101,,30698,36,,,1,102,,30703,36,,,1,100,,30701,36,,,1,102,,30700,36,,,1,101,,30705,36,,,1,100,,30706,36,,,1,99,,30707,36,,,1,98,,30704,36,,,1,99,,30708,36,,,1,98,,30709,36,,,1,99,,30710,36,,,1,97,,30711,36,,,1
16601,'H:171:5:Saturday:2:26SEP:6',625,,30714,36,,,1,101,,30712,36,,,1,103,,30713,36,,,1,101,,30716,36,,,1,102,,30719,36,,,1,101,,30715,36,,,1,102,,30720,36,,,1,100,,30718,36,,,1,102,,30717,36,,,1,101,,30722,36,,,1,100,,30723,36,,,1,99,,30724,36,,,1,98,,30721,36,,,1,99,,30725,36,,,1,98,,30726,36,,,1,99,,30727,36,,,1,97,,30728,36,,,1
16601,'KP:321:0:Weekday:1:26SEP:12345',534,,30733,36,,,1,71,,30738,36,,,1,203,,30731,36,,,1,100,,30730,36,,,1,30,,30741,36,,,1,70,,30729,36,,,1,132,,30742,36,,,1,100,,30734,36,,,1,102,,30735,36,,,1,71,,30739,36,,,1,30,,30736,36,,,1,205,,30737,36,,,1,101,,30740,36,,,1,191,,30732,36,,,1
16601,'KP:321:0:Weekday:2:26SEP:12345',534,,30747,36,,,1,71,,30752,36,,,1,203,,30745,36,,,1,100,,30744,36,,,1,30,,30755,36,,,1,70,,30743,36,,,1,132,,30756,36,,,1,100,,30748,36,,,1,102,,30749,36,,,1,71,,30753,36,,,1,30,,30750,36,,,1,205,,30751,36,,,1,101,,30754,36,,,1,191,,30746,36,,,1
