10301,'H:111:6:Sunday:1:26SEP:1234567',617,,28073,5,,,1,100,,28074,5,,,1,101,,28075,5,,,1,100,,28076,5,,,1,100,,28077,5,,,1,101,,28078,5,,,1,100,,28080,5,,,1,100,,28081,5,,,1,100,,28082,5,,,1,100,,28079,5,,,1,100,,28083,5,,,1,100,,28084,5,,,1,100,,28085,5,,,1,99,,28086,5,,,1,100,,28087,5,,,1,100,,28088,5,,,1,100,,28089,5,,,1
10301,'H:111:6:Sunday:2:26SEP:1234567',617,,28090,5,,,1,100,,28091,5,,,1,101,,28092,5,,,1,100,,28093,5,,,1,100,,28094,5,,,1,101,,28095,5,,,1,100,,28097,5,,,1,100,,28098,5,,,1,100,,28099,5,,,1,100,,28096,5,,,1,100,,28100,5,,,1,100,,28101,5,,,1,100,,28102,5,,,1,99,,28103,5,,,1,100,,28104,5,,,1,100,,28105,5,,,1,100,,28106,5,,,1
10301,'H:121:0:Weekday:1:26SEP:12345',453,,28139,5,,,1,70,,28108,5,,,1,30,,28107,5,,,1,70,,28109,5,,,1,30,,28136,5,,,1,70,,28110,5,,,1,30,,28135,5,,,1,70,,28111,5,,,1,30,,28134,5,,,1,70,,28112,5,,,1,30,,28113,5,,,1,70,,28114,5,,,1,30,,28115,5,,,1,70,,28116,5,,,1,30,,28117,5,,,1,71,,28118,5,,,1,30,,28119,5,,,1,70,,28120,5,,,1,30,,28121,5,,,1,70,,28122,5,,,1,30,,28123,5,,,1,70,,28125,5,,,1,30,,28141,5,,,1,70,,28126,5,,,1,30,,28138,5,,,1,70,,28127,5,,,1,30,,28137,5,,,1,69,,28124,5,,,1,30,,28128,5,,,1,70,,28129,5,,,1,30,,28140,5,,,1,70,,28130,5,,,1,100,,28131,5,,,1,100,,28132,5,,,1,100,,28133,5,,,1
10301,'H:121:0:Weekday:2:26SEP:12345',453,,28174,5,,,1,70,,28143,5,,,1,30,,28142,5,,,1,70,,28144,5,,,1,30,,28171,5,,,1,70,,28145,5,,,1,30,,28170,5,,,1,70,,28146,5,,,1,30,,28169,5,,,1,70,,28147,5,,,1,30,,28148,5,,,1,70,,28149,5,,,1,30,,28150,5,,,1,70,,28151,5,,,1,30,,28152,5,,,1,71,,28153,5,,,1,30,,28154,5,,,1,70,,28155,5,,,1,30,,28156,5,,,1,70,,28157,5,,,1,30,,28158,5,,,1,70,,28160,5,,,1,30,,28176,5,,,1,70,,28161,5,,,1,30,,28173,5,,,1,70,,28162,5,,,1,30,,28172,5,,,1,69,,28159,5,,,1,30,,28163,5,,,1,70,,28164,5,,,1,30,,28175,5,,,1,70,,28165,5,,,1,100,,28166,5,,,1,100,,28167,5,,,1,100,,28168,5,,,1
10301,'H:171:5:Saturday:1:26SEP:6',617,,28192,5,,,1,100,,28177,5,,,1,100,,28178,5,,,1,101,,28180,5,,,1,100,,28181,5,,,1,101,,28182,5,,,1,100,,28179,5,,,1,100,,28183,5,,,1,100,,28184,5,,,1,100,,28185,5,,,1,100,,28186,5,,,1,100,,28188,5,,,1,100,,28189,5,,,1,99,,28190,5,,,1,100,,28187,5,,,1,100,,28191,5,,,1,100,,28193,5,,,1,100,,28194,5,,,1
10301,'H:171:5:Saturday:2:26SEP:6',617,,28210,5,,,1,100,,28195,5,,,1,100,,28196,5,,,1,101,,28198,5,,,1,100,,28199,5,,,1,101,,28200,5,,,1,100,,28197,5,,,1,100,,28201,5,,,1,100,,28202,5,,,1,100,,28203,5,,,1,100,,28204,5,,,1,100,,28206,5,,,1,100,,28207,5,,,1,99,,28208,5,,,1,100,,28205,5,,,1,100,,28209,5,,,1,100,,28211,5,,,1,100,,28212,5,,,1
11201,'H:111:6:Sunday:1:26SEP:1234567',711,,28788,23,,,1,30,,28802,23,,,1,70,,28789,23,,,1,30,,28803,23,,,1,70,,28790,23,,,1,30,,28804,23,,,1,71,,28787,23,,,1,30,,28805,23,,,1,70,,28791,23,,,1,30,,28806,23,,,1,70,,28792,23,,,1,30,,28808,23,,,1,70,,28793,23,,,1,30,,28809,23,,,1,70,,28794,23,,,1,30,,28810,23,,,1,70,,28796,23,,,1,30,,28807,23,,,1,70,,28798,23,,,1,30,,28811,23,,,1,70,,28799,23,,,1,30,,28812,23,,,1,70,,28795,23,,,1,100,,28800,23,,,1,100,,28797,23,,,1,99,,28801,23,,,1
11201,'H:111:6:Sunday:2:26SEP:1234567',711,,28814,23,,,1,30,,28828,23,,,1,70,,28815,23,,,1,30,,28829,23,,,1,70,,28816,23,,,1,30,,28830,23,,,1,71,,28813,23,,,1,30,,28831,23,,,1,70,,28817,23,,,1,30,,28832,23,,,1,70,,28818,23,,,1,30,,28834,23,,,1,70,,28819,23,,,1,30,,28835,23,,,1,70,,28820,23,,,1,30,,28836,23,,,1,70,,28822,23,,,1,30,,28833,23,,,1,70,,28824,23,,,1,30,,28837,23,,,1,70,,28825,23,,,1,30,,28838,23,,,1,70,,28821,23,,,1,100,,28826,23,,,1,100,,28823,23,,,1,99,,28827,23,,,1
11201,'H:121:0:Weekday:1:26SEP:12345',520,,28856,23,,,1,30,,28860,23,,,1,70,,28852,23,,,1,30,,28867,23,,,1,70,,28841,23,,,1,20,,28869,23,,,1,60,,28872,23,,,1,21,,28844,23,,,1,20,,28868,23,,,1,60,,28873,23,,,1,20,,28840,23,,,1,30,,28865,23,,,1,70,,28842,23,,,1,30,,28857,23,,,1,70,,28854,23,,,1,30,,28861,23,,,1,70,,28853,23,,,1,30,,28858,23,,,1,70,,28855,23,,,1,30,,28859,23,,,1,70,,28846,23,,,1,20,,28862,23,,,1,60,,28874,23,,,1,20,,28851,23,,,1,21,,28871,23,,,1,60,,28875,23,,,1,20,,28843,23,,,1,20,,28866,23,,,1,60,,28876,23,,,1,20,,28845,23,,,1,19,,28870,23,,,1,60,,28877,23,,,1,20,,28839,23,,,1,30,,28863,23,,,1,70,,28848,23,,,1,30,,28864,23,,,1,70,,28849,23,,,1,100,,28847,23,,,1,100,,28850,23,,,1
11201,'H:121:0:Weekday:2:26SEP:12345',520,,28895,23,,,1,30,,28899,23,,,1,70,,28891,23,,,1,30,,28906,23,,,1,70,,28880,23,,,1,20,,28908,23,,,1,60,,28911,23,,,1,21,,28883,23,,,1,20,,28907,23,,,1,60,,28912,23,,,1,20,,28879,23,,,1,30,,28904,23,,,1,70,,28881,23,,,1,30,,28896,23,,,1,70,,28893,23,,,1,30,,28900,23,,,1,70,,28892,23,,,1,30,,28897,23,,,1,70,,28894,23,,,1,30,,28898,23,,,1,70,,28885,23,,,1,20,,28901,23,,,1,60,,28913,23,,,1,20,,28890,23,,,1,21,,28910,23,,,1,60,,28914,23,,,1,20,,28882,23,,,1,20,,28905,23,,,1,60,,28915,23,,,1,20,,28884,23,,,1,19,,28909,23,,,1,60,,28916,23,,,1,20,,28878,23,,,1,30,,28902,23,,,1,70,,28887,23,,,1,30,,28903,23,,,1,70,,28888,23,,,1,100,,28886,23,,,1,100,,28889,23,,,1
11201,'H:171:5:Saturday:1:26SEP:6',711,,28919,23,,,1,30,,28934,23,,,1,70,,28918,23,,,1,30,,28938,23,,,1,71,,28921,23,,,1,30,,28937,23,,,1,70,,28917,23,,,1,30,,28939,23,,,1,70,,28920,23,,,1,30,,28933,23,,,1,70,,28927,23,,,1,30,,28942,23,,,1,70,,28928,23,,,1,30,,28940,23,,,1,70,,28925,23,,,1,30,,28941,23,,,1,70,,28922,23,,,1,30,,28936,23,,,1,70,,28923,23,,,1,30,,28943,23,,,1,70,,28924,23,,,1,30,,28935,23,,,1,70,,28926,23,,,1,30,,28932,23,,,1,70,,28929,23,,,1,100,,28930,23,,,1,100,,28931,23,,,1
11201,'H:171:5:Saturday:2:26SEP:6',711,,28946,23,,,1,30,,28961,23,,,1,70,,28945,23,,,1,30,,28965,23,,,1,71,,28948,23,,,1,30,,28964,23,,,1,70,,28944,23,,,1,30,,28966,23,,,1,70,,28947,23,,,1,30,,28960,23,,,1,70,,28954,23,,,1,30,,28969,23,,,1,70,,28955,23,,,1,30,,28967,23,,,1,70,,28952,23,,,1,30,,28968,23,,,1,70,,28949,23,,,1,30,,28963,23,,,1,70,,28950,23,,,1,30,,28970,23,,,1,70,,28951,23,,,1,30,,28962,23,,,1,70,,28953,23,,,1,30,,28959,23,,,1,70,,28956,23,,,1,100,,28957,23,,,1,100,,28958,23,,,1
