10300,'H:113:6:Sunday:3:26MAR:1234567',628,,21567,8,,,1,98,,21568,8,,,1,99,,21569,8,,,1,98,,21570,8,,,1,99,,21571,8,,,1,98,,21572,8,,,1,99,,21573,8,,,1,99,,21575,8,,,1,100,,21576,8,,,1,100,,21577,8,,,1,102,,21574,8,,,1,100,,21578,8,,,1,102,,21580,8,,,1,102,,21581,8,,,1,102,,21582,8,,,1,101,,21579,8,,,1,103,,21583,8,,,1
10300,'H:123:0:Weekday:3:26MAR:12345',432,,21592,8,,,1,68,,21593,8,,,1,28,,21594,8,,,1,28,,21613,8,,,1,67,,21595,8,,,1,29,,21614,8,,,1,69,,21596,8,,,1,29,,21615,8,,,1,71,,21597,8,,,1,30,,21598,8,,,1,71,,21599,8,,,1,29,,21600,8,,,1,70,,21602,8,,,1,30,,21603,8,,,1,70,,21604,8,,,1,29,,21601,8,,,1,70,,21605,8,,,1,26,,21606,8,,,1,70,,21607,8,,,1,29,,21608,8,,,1,69,,21609,8,,,1,29,,21618,8,,,1,69,,21610,8,,,1,31,,21611,8,,,1,70,,21612,8,,,1,34,,21589,8,,,1,70,,21588,8,,,1,32,,21590,8,,,1,73,,21591,8,,,1,31,,21616,8,,,1,74,,21584,8,,,1,30,,21617,8,,,1,70,,21586,8,,,1,101,,21587,8,,,1,102,,21585,8,,,1
10300,'H:123:0:Weekday:4:26MAR:12345',432,,21627,8,,,1,68,,21628,8,,,1,28,,21629,8,,,1,28,,21648,8,,,1,67,,21630,8,,,1,29,,21649,8,,,1,69,,21631,8,,,1,29,,21650,8,,,1,71,,21632,8,,,1,30,,21633,8,,,1,71,,21634,8,,,1,29,,21635,8,,,1,70,,21637,8,,,1,30,,21638,8,,,1,70,,21639,8,,,1,29,,21636,8,,,1,70,,21640,8,,,1,26,,21641,8,,,1,70,,21642,8,,,1,29,,21643,8,,,1,69,,21644,8,,,1,29,,21653,8,,,1,69,,21645,8,,,1,31,,21646,8,,,1,70,,21647,8,,,1,34,,21624,8,,,1,70,,21623,8,,,1,32,,21625,8,,,1,73,,21626,8,,,1,31,,21651,8,,,1,74,,21619,8,,,1,30,,21652,8,,,1,70,,21621,8,,,1,101,,21622,8,,,1,102,,21620,8,,,1
10300,'H:173:5:Saturday:3:26MAR:6',625,,21654,8,,,1,100,,21655,8,,,1,97,,21656,8,,,1,99,,21657,8,,,1,99,,21658,8,,,1,98,,21659,8,,,1,99,,21660,8,,,1,100,,21661,8,,,1,100,,21662,8,,,1,100,,21663,8,,,1,101,,21664,8,,,1,100,,21665,8,,,1,103,,21666,8,,,1,101,,21667,8,,,1,101,,21668,8,,,1,101,,21669,8,,,1,103,,21670,8,,,1,101,,21671,8,,,1
11700,'H:113:6:Sunday:3:26MAR:1234567',705,,22506,10,,,1,100,,22504,10,,,1,100,,22502,10,,,1,100,,22503,10,,,1,100,,22501,10,,,1,101,,22509,10,,,1,105,,22499,10,,,1,30,,22511,10,,,1,70,,22510,10,,,1,30,,22512,10,,,1,75,,22507,10,,,1,30,,22513,10,,,1,70,,22500,10,,,1,30,,22514,10,,,1,69,,22508,10,,,1,30,,22515,10,,,1,70,,22496,10,,,1,95,,22498,10,,,1,100,,22497,10,,,1,95,,22505,10,,,1
11700,'H:123:0:Weekday:3:26MAR:12345',605,,22522,10,,,1,201,,22516,10,,,1,600,,22520,10,,,1,604,,22517,10,,,1,25,,22523,10,,,1,70,,22518,10,,,1,100,,22519,10,,,1,100,,22521,10,,,1
11700,'H:123:0:Weekday:4:26MAR:12345',605,,22530,10,,,1,201,,22524,10,,,1,600,,22528,10,,,1,604,,22525,10,,,1,25,,22531,10,,,1,70,,22526,10,,,1,100,,22527,10,,,1,100,,22529,10,,,1
11700,'H:173:5:Saturday:3:26MAR:6',605,,22545,10,,,1,100,,22533,10,,,1,100,,22541,10,,,1,100,,22537,10,,,1,100,,22535,10,,,1,101,,22539,10,,,1,100,,22544,10,,,1,35,,22550,10,,,1,70,,22536,10,,,1,30,,22551,10,,,1,70,,22543,10,,,1,30,,22552,10,,,1,75,,22540,10,,,1,30,,22549,10,,,1,70,,22542,10,,,1,30,,22553,10,,,1,70,,22547,10,,,1,30,,22554,10,,,1,70,,22532,10,,,1,94,,22546,10,,,1,100,,22534,10,,,1,95,,22538,10,,,1,100,,22548,10,,,1
11700,'KP:323:0:Weekday:3:26MAR:12345',540,,22561,10,,,1,95,,22556,10,,,1,70,,22562,10,,,1,31,,22557,10,,,1,100,,22555,10,,,1,70,,22560,10,,,1,29,,22577,10,,,1,70,,22574,10,,,1,30,,22559,10,,,1,70,,22576,10,,,1,30,,22573,10,,,1,70,,22558,10,,,1,30,,22575,10,,,1,70,,22572,10,,,1,30,,22578,10,,,1,101,,22580,10,,,1,75,,22579,10,,,1,30,,22571,10,,,1,70,,22570,10,,,1,30,,22567,10,,,1,70,,22566,10,,,1,30,,22568,10,,,1,69,,22565,10,,,1,30,,22563,10,,,1,70,,22569,10,,,1,30,,22564,10,,,1
11700,'KP:323:0:Weekday:4:26MAR:12345',540,,22587,10,,,1,95,,22582,10,,,1,70,,22588,10,,,1,31,,22583,10,,,1,100,,22581,10,,,1,70,,22586,10,,,1,29,,22603,10,,,1,70,,22600,10,,,1,30,,22585,10,,,1,70,,22602,10,,,1,30,,22599,10,,,1,70,,22584,10,,,1,30,,22601,10,,,1,70,,22598,10,,,1,30,,22604,10,,,1,101,,22606,10,,,1,75,,22605,10,,,1,30,,22597,10,,,1,70,,22596,10,,,1,30,,22593,10,,,1,70,,22592,10,,,1,30,,22594,10,,,1,69,,22591,10,,,1,30,,22589,10,,,1,70,,22595,10,,,1,30,,22590,10,,,1
