10600,'H:113:6:Sunday',726,,17361,44,4,,1,101,,17348,44,4,,1,104,,17349,44,4,,1,103,,17350,44,4,,1,101,,17351,44,4,,1,100,,17352,44,4,,1,101,,17353,44,4,,1,101,,17354,44,4,,1,100,,17356,44,4,,1,98,,17355,44,4,,1,100,,17357,44,4,,1,100,,17358,44,4,,1,97,,17359,44,4,,1,98,,17360,44,4,,1,99,,17362,44,4,,1
10600,'H:123:0:Weekday',540,,17363,44,4,,1,105,,17364,44,4,,1,109,,17365,44,4,,1,103,,17366,44,4,,1,99,,17367,44,4,,1,98,,17368,44,4,,1,100,,17369,44,4,,1,98,,17370,44,4,,1,101,,17371,44,4,,1,106,,17372,44,4,,1,100,,17373,44,4,,1,143,,17374,44,4,,1,100,,17375,44,4,,1,52,,17376,44,4,,1,95,,17377,44,4,,1,98,,17378,44,4,,1,97,,17379,44,4,,1
10600,'H:173:5:Saturday',624,,17393,44,4,,1,101,,17394,44,4,,1,102,,17380,44,4,,1,103,,17381,44,4,,1,103,,17382,44,4,,1,103,,17383,44,4,,1,100,,17384,44,4,,1,101,,17385,44,4,,1,100,,17387,44,4,,1,100,,17388,44,4,,1,99,,17390,44,4,,1,100,,17386,44,4,,1,99,,17391,44,4,,1,99,,17392,44,4,,1,96,,17389,44,4,,1,98,,17395,44,4,,1,98,,17396,44,4,,1
10601,'H:113:6:Sunday',654,,17411,1,,,1,100,,17397,1,,,1,99,,17398,1,,,1,100,,17399,1,,,1,100,,17400,1,,,1,100,,17401,1,,,1,99,,17402,1,,,1,100,,17403,1,,,1,100,,17405,1,,,1,100,,17406,1,,,1,100,,17407,1,,,1,101,,17404,1,,,1,100,,17408,1,,,1,100,,17409,1,,,1,100,,17410,1,,,1
10601,'H:123:0:Weekday',510,,17412,1,,,1,100,,17413,1,,,1,100,,17414,1,,,1,100,,17415,1,,,1,100,,17416,1,,,1,100,,17417,1,,,1,100,,17419,1,,,1,100,,17420,1,,,1,100,,17421,1,,,1,100,,17418,1,,,1,100,,17423,1,,,1,200,,17424,1,,,1,100,,17422,1,,,1,100,,17425,1,,,1,100,,17426,1,,,1,100,,17427,1,,,1,100,,17428,1,,,1
10601,'H:173:5:Saturday',554,,17443,1,,,1,100,,17442,1,,,1,100,,17429,1,,,1,99,,17430,1,,,1,100,,17431,1,,,1,99,,17432,1,,,1,100,,17434,1,,,1,100,,17435,1,,,1,100,,17436,1,,,1,100,,17433,1,,,1,100,,17437,1,,,1,100,,17438,1,,,1,100,,17439,1,,,1,100,,17440,1,,,1,100,,17441,1,,,1,101,,17444,1,,,1,101,,17445,1,,,1
10601,'KP:323:0:Weekday',1610,,17446,1,,,1
12000,'H:113:6:Sunday',724,,18123,1,,,1,100,,18124,1,,,1,99,,18125,1,,,1,99,,18122,1,,,1,100,,18126,1,,,1,98,,18127,1,,,1,100,,18128,1,,,1,100,,18129,1,,,1,100,,18130,1,,,1,100,,18131,1,,,1,100,,18132,1,,,1,100,,18133,1,,,1,102,,18121,1,,,1,101,,18134,1,,,1
12000,'H:123:0:Weekday',419,,18152,1,,,1,83,,18153,1,,,1,27,,18139,1,,,1,28,,18154,1,,,1,68,,18137,1,,,1,29,,18155,1,,,1,69,,18135,1,,,1,31,,18156,1,,,1,70,,18136,1,,,1,31,,18161,1,,,1,73,,18138,1,,,1,30,,18162,1,,,1,70,,18142,1,,,1,30,,18163,1,,,1,70,,18140,1,,,1,30,,18164,1,,,1,68,,18143,1,,,1,29,,18165,1,,,1,70,,18141,1,,,1,30,,18166,1,,,1,69,,18145,1,,,1,27,,18157,1,,,1,69,,18146,1,,,1,29,,18158,1,,,1,69,,18144,1,,,1,31,,18159,1,,,1,72,,18151,1,,,1,30,,18160,1,,,1,75,,18149,1,,,1,100,,18150,1,,,1,101,,18147,1,,,1,103,,18148,1,,,1
12000,'H:173:5:Saturday',526,,18172,1,,,1,99,,18171,1,,,1,98,,18175,1,,,1,99,,18174,1,,,1,99,,18177,1,,,1,99,,18176,1,,,1,99,,18173,1,,,1,99,,18179,1,,,1,100,,18180,1,,,1,100,,18178,1,,,1,100,,18182,1,,,1,101,,18181,1,,,1,101,,18170,1,,,1,100,,18168,1,,,1,102,,18167,1,,,1,101,,18169,1,,,1,101,,18183,1,,,1
12001,'H:113:6:Sunday',753,,18197,42,4,,1,101,,18187,42,4,,1,102,,18185,42,4,,1,101,,18188,42,4,,1,101,,18196,42,4,,1,100,,18186,42,4,,1,101,,18191,42,4,,1,100,,18189,42,4,,1,100,,18192,42,4,,1,99,,18190,42,4,,1,100,,18194,42,4,,1,100,,18195,42,4,,1,98,,18193,42,4,,1,99,,18184,42,4,,1
12001,'H:123:0:Weekday',559,,18215,42,4,,1,70,,18216,42,4,,1,73,,18199,42,4,,1,34,,18217,42,4,,1,77,,18214,42,4,,1,29,,18218,42,4,,1,66,,18212,42,4,,1,28,,18219,42,4,,1,69,,18213,42,4,,1,29,,18223,42,4,,1,70,,18201,42,4,,1,30,,18224,42,4,,1,71,,18202,42,4,,1,30,,18225,42,4,,1,70,,18203,42,4,,1,31,,18226,42,4,,1,70,,18204,42,4,,1,30,,18227,42,4,,1,74,,18205,42,4,,1,32,,18228,42,4,,1,71,,18206,42,4,,1,31,,18220,42,4,,1,70,,18198,42,4,,1,30,,18221,42,4,,1,71,,18200,42,4,,1,26,,18222,42,4,,1,66,,18207,42,4,,1,97,,18211,42,4,,1,97,,18210,42,4,,1,99,,18208,42,4,,1,58,,18209,42,4,,1
12001,'H:173:5:Saturday',653,,18229,42,4,,1,100,,18230,42,4,,1,103,,18231,42,4,,1,102,,18234,42,4,,1,101,,18242,42,4,,1,141,,18238,42,4,,1,100,,18240,42,4,,1,100,,18243,42,4,,1,100,,18241,42,4,,1,101,,18233,42,4,,1,100,,18239,42,4,,1,100,,18235,42,4,,1,58,,18237,42,4,,1,99,,18232,42,4,,1,98,,18244,42,4,,1,100,,18236,42,4,,1
12100,'H:113:6:Sunday',726,,18245,32,4,,1,103,,18246,32,4,,1,103,,18247,32,4,,1,100,,18248,32,4,,1,101,,18249,32,4,,1,101,,18250,32,4,,1,101,,18251,32,4,,1,100,,18252,32,4,,1,99,,18253,32,4,,1,99,,18254,32,4,,1,100,,18255,32,4,,1,100,,18256,32,4,,1,99,,18257,32,4,,1,99,,18258,32,4,,1
12100,'H:123:0:Weekday',557,,18277,32,4,,1,67,,18275,32,4,,1,26,,18282,32,4,,1,69,,18276,32,4,,1,30,,18281,32,4,,1,68,,18273,32,4,,1,26,,18278,32,4,,1,69,,18283,32,4,,1,20,,18285,32,4,,1,70,,18279,32,4,,1,53,,18280,32,4,,1,90,,18274,32,4,,1,90,,18266,32,4,,1,91,,18272,32,4,,1,90,,18264,32,4,,1,97,,18270,32,4,,1,102,,18271,32,4,,1,35,,18267,32,4,,1,72,,18269,32,4,,1,35,,18268,32,4,,1,73,,18265,32,4,,1,25,,18259,32,4,,1,69,,18284,32,4,,1,32,,18263,32,4,,1,95,,18262,32,4,,1,100,,18260,32,4,,1,99,,18261,32,4,,1
12100,'H:173:5:Saturday',626,,18287,32,4,,1,101,,18288,32,4,,1,102,,18289,32,4,,1,102,,18286,32,4,,1,101,,18290,32,4,,1,101,,18291,32,4,,1,100,,18292,32,4,,1,100,,18293,32,4,,1,101,,18294,32,4,,1,101,,18295,32,4,,1,100,,18296,32,4,,1,100,,18297,32,4,,1,98,,18298,32,4,,1,99,,18299,32,4,,1,98,,18300,32,4,,1
12100,'KP:323:0:Weekday',1545,,18301,32,4,,1
12101,'H:113:6:Sunday',700,,18302,1,,,1,100,,18303,1,,,1,100,,18304,1,,,1,100,,18305,1,,,1,100,,18306,1,,,1,100,,18307,1,,,1,100,,18308,1,,,1,100,,18310,1,,,1,100,,18311,1,,,1,100,,18312,1,,,1,100,,18309,1,,,1,100,,18313,1,,,1,100,,18314,1,,,1,100,,18315,1,,,1
12101,'H:123:0:Weekday',500,,18333,1,,,1,30,,18316,1,,,1,25,,18331,1,,,1,65,,18336,1,,,1,25,,18340,1,,,1,65,,18338,1,,,1,25,,18341,1,,,1,65,,18330,1,,,1,30,,18324,1,,,1,95,,18332,1,,,1,95,,18334,1,,,1,90,,18335,1,,,1,90,,18325,1,,,1,50,,18326,1,,,1,90,,18337,1,,,1,95,,18319,1,,,1,70,,18328,1,,,1,30,,18339,1,,,1,70,,18322,1,,,1,35,,18320,1,,,1,70,,18327,1,,,1,30,,18317,1,,,1,75,,18318,1,,,1,30,,18329,1,,,1,70,,18343,1,,,1,95,,18321,1,,,1,100,,18323,1,,,1,100,,18342,1,,,1
12101,'H:173:5:Saturday',600,,18344,1,,,1,100,,18345,1,,,1,100,,18346,1,,,1,100,,18347,1,,,1,100,,18348,1,,,1,100,,18349,1,,,1,100,,18350,1,,,1,100,,18351,1,,,1,100,,18352,1,,,1,100,,18353,1,,,1,100,,18354,1,,,1,100,,18355,1,,,1,100,,18356,1,,,1,100,,18357,1,,,1,100,,18358,1,,,1
