90101,'H:121:0:Weekday:1:26SEP:12345',1430,,35232,1,,,1,70,,35231,1,,,1
90101,'H:121:0:Weekday:2:26SEP:12345',1430,,35234,1,,,1,70,,35233,1,,,1
90101,'KP:321:0:Weekday:1:26SEP:12345',1400,,35237,1,,,1,130,,35236,1,,,1,70,,35242,1,,,1,30,,35235,1,,,1,70,,35241,1,,,1,30,,35243,1,,,1,70,,35240,1,,,1,30,,35239,1,,,1,70,,35238,1,,,1
90101,'KP:321:0:Weekday:2:26SEP:12345',1400,,35246,1,,,1,130,,35245,1,,,1,70,,35251,1,,,1,30,,35244,1,,,1,70,,35250,1,,,1,30,,35252,1,,,1,70,,35249,1,,,1,30,,35248,1,,,1,70,,35247,1,,,1
90301,'H:121:0:Weekday:1:26SEP:12345',1610,,35267,1,,,1,30,,35268,1,,,1
90301,'H:121:0:Weekday:2:26SEP:12345',1610,,35269,1,,,1,30,,35270,1,,,1
90301,'KP:321:0:Weekday:1:26SEP:12345',1515,,35276,1,,,1,30,,35273,1,,,1,165,,35271,1,,,1,30,,35277,1,,,1,75,,35275,1,,,1,35,,35274,1,,,1,75,,35272,1,,,1
90301,'KP:321:0:Weekday:2:26SEP:12345',1515,,35283,1,,,1,30,,35280,1,,,1,165,,35278,1,,,1,30,,35284,1,,,1,75,,35282,1,,,1,35,,35281,1,,,1,75,,35279,1,,,1
90401,'H:121:0:Weekday:1:26SEP:12345',1550,,35305,1,,,1,185,,35307,1,,,1,90,,35308,1,,,1,80,,35306,1,,,1
90401,'H:121:0:Weekday:2:26SEP:12345',1550,,35309,1,,,1,185,,35311,1,,,1,90,,35312,1,,,1,80,,35310,1,,,1
90401,'KP:321:0:Weekday:1:26SEP:12345',1450,,35314,1,,,1,60,,35313,1,,,1,110,,35317,1,,,1,30,,35316,1,,,1,70,,35315,1,,,1,85,,35318,1,,,1
90401,'KP:321:0:Weekday:2:26SEP:12345',1450,,35320,1,,,1,60,,35319,1,,,1,110,,35323,1,,,1,30,,35322,1,,,1,70,,35321,1,,,1,85,,35324,1,,,1
90501,'H:121:0:Weekday:1:26SEP:12345',1635,,35367,1,,,1,110,,35365,1,,,1,100,,35366,1,,,1,100,,35369,1,,,1,100,,35368,1,,,1
90501,'H:121:0:Weekday:2:26SEP:12345',1635,,35372,1,,,1,110,,35370,1,,,1,100,,35371,1,,,1,100,,35374,1,,,1,100,,35373,1,,,1
90501,'KP:321:0:Weekday:1:26SEP:12345',545,,35380,1,,,1,100,,35379,1,,,1,100,,35378,1,,,1,100,,35376,1,,,1,100,,35377,1,,,1,100,,35385,1,,,1,100,,35383,1,,,1,100,,35384,1,,,1,100,,35386,1,,,1,90,,35382,1,,,1,100,,35381,1,,,1,70,,35375,1,,,1,100,,35387,1,,,1
90501,'KP:321:0:Weekday:2:26SEP:12345',545,,35393,1,,,1,100,,35392,1,,,1,100,,35391,1,,,1,100,,35389,1,,,1,100,,35390,1,,,1,100,,35398,1,,,1,100,,35396,1,,,1,100,,35397,1,,,1,100,,35399,1,,,1,90,,35395,1,,,1,100,,35394,1,,,1,70,,35388,1,,,1,100,,35400,1,,,1
