10900,'H:113:6:Sunday:3:26MAR:1234567',838,,21916,33,,,1,103,,21920,33,,,1,101,,21911,33,,,1,101,,21912,33,,,1,103,,21923,33,,,1,101,,21914,33,,,1,99,,21919,33,,,1,99,,21913,33,,,1,99,,21915,33,,,1,98,,21922,33,,,1,99,,21918,33,,,1,98,,21921,33,,,1,100,,21917,33,,,1,98,,21924,33,,,1
10900,'H:123:0:Weekday:3:26MAR:12345',534,,21938,33,,,1,108,,21932,33,,,1,108,,21928,33,,,1,96,,21934,33,,,1,103,,21941,33,,,1,100,,21926,33,,,1,100,,21940,33,,,1,101,,21939,33,,,1,100,,21931,33,,,1,103,,21937,33,,,1,101,,21929,33,,,1,100,,21933,33,,,1,99,,21936,33,,,1,98,,21930,33,,,1,96,,21927,33,,,1,98,,21925,33,,,1,100,,21935,33,,,1
10900,'H:123:0:Weekday:4:26MAR:12345',534,,21955,33,,,1,108,,21949,33,,,1,108,,21945,33,,,1,96,,21951,33,,,1,103,,21958,33,,,1,100,,21943,33,,,1,100,,21957,33,,,1,101,,21956,33,,,1,100,,21948,33,,,1,103,,21954,33,,,1,101,,21946,33,,,1,100,,21950,33,,,1,99,,21953,33,,,1,98,,21947,33,,,1,96,,21944,33,,,1,98,,21942,33,,,1,100,,21952,33,,,1
10900,'H:173:5:Saturday:3:26MAR:6',740,,21963,33,,,1,101,,21966,33,,,1,101,,21962,33,,,1,104,,21959,33,,,1,101,,21971,33,,,1,101,,21964,33,,,1,101,,21969,33,,,1,100,,21960,33,,,1,97,,21961,33,,,1,100,,21973,33,,,1,100,,21965,33,,,1,97,,21970,33,,,1,99,,21967,33,,,1,99,,21968,33,,,1,99,,21972,33,,,1
20100,'H:113:6:Sunday:3:26MAR:1234567',813,,23640,33,,,1,101,,23642,33,,,1,101,,23643,33,,,1,40,,23641,33,,,1,80,,23644,33,,,1,80,,23639,33,,,1,40,,23645,33,,,1,80,,23646,33,,,1,80,,23647,33,,,1,40,,23648,33,,,1,80,,23650,33,,,1,80,,23651,33,,,1,40,,23652,33,,,1,80,,23654,33,,,1,79,,23655,33,,,1,40,,23656,33,,,1,80,,23657,33,,,1,80,,23658,33,,,1,100,,23649,33,,,1,100,,23653,33,,,1
20100,'H:123:0:Weekday:3:26MAR:12345',548,,23663,33,,,1,188,,23664,33,,,1,100,,23665,33,,,1,70,,23666,33,,,1,631,,23667,33,,,1,200,,23674,33,,,1,69,,23668,33,,,1,29,,23669,33,,,1,70,,23670,33,,,1,30,,23659,33,,,1,70,,23661,33,,,1,30,,23660,33,,,1,70,,23662,33,,,1,30,,23671,33,,,1,69,,23672,33,,,1,50,,23673,33,,,1
20100,'H:123:0:Weekday:4:26MAR:12345',548,,23679,33,,,1,188,,23680,33,,,1,100,,23681,33,,,1,70,,23682,33,,,1,631,,23683,33,,,1,200,,23690,33,,,1,69,,23684,33,,,1,29,,23685,33,,,1,70,,23686,33,,,1,30,,23675,33,,,1,70,,23677,33,,,1,30,,23676,33,,,1,70,,23678,33,,,1,30,,23687,33,,,1,69,,23688,33,,,1,50,,23689,33,,,1
20100,'H:173:5:Saturday:3:26MAR:6',713,,23703,33,,,1,100,,23693,33,,,1,101,,23702,33,,,1,101,,23694,33,,,1,40,,23695,33,,,1,80,,23700,33,,,1,80,,23701,33,,,1,40,,23692,33,,,1,80,,23704,33,,,1,80,,23696,33,,,1,40,,23691,33,,,1,80,,23705,33,,,1,80,,23697,33,,,1,40,,23699,33,,,1,80,,23708,33,,,1,80,,23709,33,,,1,40,,23710,33,,,1,80,,23707,33,,,1,79,,23711,33,,,1,99,,23698,33,,,1,100,,23706,33,,,1
20100,'KP:323:0:Weekday:3:26MAR:12345',630,,23729,33,,,1,76,,23726,33,,,1,100,,23725,33,,,1,130,,23728,33,,,1,70,,23727,33,,,1,30,,23719,33,,,1,70,,23713,33,,,1,30,,23720,33,,,1,70,,23718,33,,,1,30,,23723,33,,,1,70,,23724,33,,,1,30,,23721,33,,,1,70,,23712,33,,,1,30,,23714,33,,,1,70,,23716,33,,,1,101,,23715,33,,,1,30,,23717,33,,,1,70,,23722,33,,,1
20100,'KP:323:0:Weekday:4:26MAR:12345',630,,23747,33,,,1,76,,23744,33,,,1,100,,23743,33,,,1,130,,23746,33,,,1,70,,23745,33,,,1,30,,23737,33,,,1,70,,23731,33,,,1,30,,23738,33,,,1,70,,23736,33,,,1,30,,23741,33,,,1,70,,23742,33,,,1,30,,23739,33,,,1,70,,23730,33,,,1,30,,23732,33,,,1,70,,23734,33,,,1,101,,23733,33,,,1,30,,23735,33,,,1,70,,23740,33,,,1
20200,'H:113:6:Sunday:3:26MAR:1234567',744,,23869,43,,,1,100,,23856,43,,,1,101,,23855,43,,,1,90,,23857,43,,,1,80,,23858,43,,,1,40,,23859,43,,,1,80,,23862,43,,,1,81,,23860,43,,,1,40,,23863,43,,,1,80,,23861,43,,,1,79,,23865,43,,,1,40,,23864,43,,,1,80,,23866,43,,,1,80,,23870,43,,,1,40,,23871,43,,,1,80,,23872,43,,,1,80,,23873,43,,,1,40,,23874,43,,,1,90,,23867,43,,,1,100,,23868,43,,,1
20200,'H:123:0:Weekday:3:26MAR:12345',454,,23890,4,,,1,75,,23875,43,,,1,81,,23878,43,,,1,40,,23882,43,,,1,71,,23883,43,,,1,130,,23884,43,,,1,70,,23885,43,,,1,530,,23886,43,,,1,171,,23887,43,,,1,31,,23888,43,,,1,70,,23889,43,,,1,127,,23881,43,,,1,70,,23879,43,,,1,30,,23876,43,,,1,70,,23877,43,,,1,30,,23880,43,,,1,70,,23891,43,,,1,30,,23892,43,,,1,74,,23893,43,,,1
20200,'H:123:0:Weekday:4:26MAR:12345',454,,23909,4,,,1,75,,23894,43,,,1,81,,23897,43,,,1,40,,23901,43,,,1,71,,23902,43,,,1,130,,23903,43,,,1,70,,23904,43,,,1,530,,23905,43,,,1,171,,23906,43,,,1,31,,23907,43,,,1,70,,23908,43,,,1,127,,23900,43,,,1,70,,23898,43,,,1,30,,23895,43,,,1,70,,23896,43,,,1,30,,23899,43,,,1,70,,23910,43,,,1,30,,23911,43,,,1,74,,23912,43,,,1
20200,'H:173:5:Saturday:3:26MAR:6',613,,23930,43,,,1,30,,23914,43,,,1,100,,23915,43,,,1,101,,23926,43,,,1,100,,23920,43,,,1,91,,23913,43,,,1,80,,23916,43,,,1,40,,23924,43,,,1,80,,23918,43,,,1,80,,23917,43,,,1,40,,23919,43,,,1,80,,23927,43,,,1,80,,23921,43,,,1,40,,23922,43,,,1,80,,23923,43,,,1,80,,23931,43,,,1,40,,23932,43,,,1,80,,23933,43,,,1,80,,23934,43,,,1,40,,23935,43,,,1,89,,23928,43,,,1,100,,23925,43,,,1,99,,23929,43,,,1
20200,'KP:323:0:Weekday:3:26MAR:12345',751,,23949,43,,,1,70,,23950,43,,,1,130,,23951,43,,,1,70,,23947,43,,,1,30,,23936,43,,,1,70,,23938,43,,,1,30,,23942,43,,,1,70,,23946,43,,,1,30,,23941,43,,,1,70,,23948,43,,,1,30,,23945,43,,,1,70,,23937,43,,,1,101,,23944,43,,,1,30,,23940,43,,,1,200,,23939,43,,,1,69,,23943,43,,,1
20200,'KP:323:0:Weekday:4:26MAR:12345',751,,23965,43,,,1,70,,23966,43,,,1,130,,23967,43,,,1,70,,23963,43,,,1,30,,23952,43,,,1,70,,23954,43,,,1,30,,23958,43,,,1,70,,23962,43,,,1,30,,23957,43,,,1,70,,23964,43,,,1,30,,23961,43,,,1,70,,23953,43,,,1,101,,23960,43,,,1,30,,23956,43,,,1,200,,23955,43,,,1,69,,23959,43,,,1
