27000,'H:121:0:Weekday:1:26SEP:12345',458,,32145,16,,,1,151,,32146,16,,,1,100,,32148,16,,,1,1499,,32147,16,,,1
27000,'H:121:0:Weekday:2:26SEP:12345',458,,32149,16,,,1,151,,32150,16,,,1,100,,32152,16,,,1,1499,,32151,16,,,1
27000,'KP:321:0:Weekday:1:26SEP:12345',1800,,32153,1,,,1
27000,'KP:321:0:Weekday:2:26SEP:12345',1800,,32154,1,,,1
27100,'H:111:6:Sunday:1:26SEP:1234567',718,,32161,15,,,1,100,,32162,15,,,1,100,,32172,15,,,1,101,,32163,15,,,1,100,,32164,15,,,1,100,,32165,15,,,1,100,,32166,15,,,1,100,,32167,15,,,1,100,,32174,15,,,1,100,,32168,15,,,1,100,,32169,15,,,1,100,,32170,15,,,1,100,,32171,15,,,1,99,,32173,15,,,1
27100,'H:111:6:Sunday:2:26SEP:1234567',718,,32175,15,,,1,100,,32176,15,,,1,100,,32186,15,,,1,101,,32177,15,,,1,100,,32178,15,,,1,100,,32179,15,,,1,100,,32180,15,,,1,100,,32181,15,,,1,100,,32188,15,,,1,100,,32182,15,,,1,100,,32183,15,,,1,100,,32184,15,,,1,100,,32185,15,,,1,99,,32187,15,,,1
27100,'H:121:0:Weekday:1:26SEP:12345',630,,32198,1,,,1,100,,32189,1,,,1,104,,32190,15,,,1,101,,32191,15,,,1,99,,32199,15,,,1,200,,32192,15,,,1,201,,32193,15,,,1,200,,32194,15,,,1,199,,32195,15,,,1,199,,32196,15,,,1,100,,32197,15,,,1
27100,'H:121:0:Weekday:2:26SEP:12345',630,,32209,1,,,1,100,,32200,1,,,1,104,,32201,15,,,1,101,,32202,15,,,1,99,,32210,15,,,1,200,,32203,15,,,1,201,,32204,15,,,1,200,,32205,15,,,1,199,,32206,15,,,1,199,,32207,15,,,1,100,,32208,15,,,1
27100,'H:171:5:Saturday:1:26SEP:6',718,,32220,15,,,1,100,,32212,15,,,1,101,,32221,15,,,1,100,,32213,15,,,1,100,,32219,15,,,1,100,,32211,15,,,1,100,,32218,15,,,1,100,,32214,15,,,1,100,,32222,15,,,1,100,,32215,15,,,1,100,,32217,15,,,1,100,,32216,15,,,1,99,,32223,15,,,1,100,,32224,15,,,1,100,,32225,15,,,1
27100,'H:171:5:Saturday:2:26SEP:6',718,,32235,15,,,1,100,,32227,15,,,1,101,,32236,15,,,1,100,,32228,15,,,1,100,,32234,15,,,1,100,,32226,15,,,1,100,,32233,15,,,1,100,,32229,15,,,1,100,,32237,15,,,1,100,,32230,15,,,1,100,,32232,15,,,1,100,,32231,15,,,1,99,,32238,15,,,1,100,,32239,15,,,1,100,,32240,15,,,1
27100,'KP:321:0:Weekday:1:26SEP:12345',525,,32246,1,,,1,279,,32241,15,,,1,330,,32242,15,,,1,200,,32243,15,,,1,201,,32245,15,,,1,200,,32244,15,,,1,198,,32247,15,,,1
27100,'KP:321:0:Weekday:2:26SEP:12345',525,,32253,1,,,1,279,,32248,15,,,1,330,,32249,15,,,1,200,,32250,15,,,1,201,,32252,15,,,1,200,,32251,15,,,1,198,,32254,15,,,1
