10601,'H:113:6:Sunday:3:26MAR:1234567',657,,21857,6,,,1,100,,21843,6,,,1,99,,21844,6,,,1,100,,21845,6,,,1,100,,21846,6,,,1,100,,21847,6,,,1,99,,21848,6,,,1,100,,21849,6,,,1,100,,21851,6,,,1,100,,21852,6,,,1,100,,21853,6,,,1,101,,21850,6,,,1,100,,21854,6,,,1,100,,21855,6,,,1,100,,21856,6,,,1
10601,'H:123:0:Weekday:3:26MAR:12345',513,,21858,6,,,1,100,,21859,6,,,1,100,,21860,6,,,1,101,,21861,6,,,1,100,,21862,6,,,1,99,,21863,6,,,1,100,,21865,6,,,1,100,,21866,6,,,1,101,,21867,6,,,1,100,,21864,6,,,1,100,,21869,6,,,1,200,,21870,6,,,1,100,,21868,6,,,1,100,,21871,6,,,1,99,,21872,6,,,1,100,,21873,6,,,1,100,,21874,6,,,1
10601,'H:123:0:Weekday:4:26MAR:12345',513,,21875,6,,,1,100,,21876,6,,,1,100,,21877,6,,,1,101,,21878,6,,,1,100,,21879,6,,,1,99,,21880,6,,,1,100,,21882,6,,,1,100,,21883,6,,,1,101,,21884,6,,,1,100,,21881,6,,,1,100,,21886,6,,,1,200,,21887,6,,,1,100,,21885,6,,,1,100,,21888,6,,,1,99,,21889,6,,,1,100,,21890,6,,,1,100,,21891,6,,,1
10601,'H:173:5:Saturday:3:26MAR:6',557,,21906,6,,,1,100,,21905,6,,,1,100,,21892,6,,,1,99,,21893,6,,,1,100,,21894,6,,,1,99,,21895,6,,,1,100,,21897,6,,,1,100,,21898,6,,,1,100,,21899,6,,,1,100,,21896,6,,,1,100,,21900,6,,,1,100,,21901,6,,,1,100,,21902,6,,,1,100,,21903,6,,,1,100,,21904,6,,,1,101,,21907,6,,,1,101,,21908,6,,,1
10601,'KP:323:0:Weekday:3:26MAR:12345',1614,,21909,6,,,1
10601,'KP:323:0:Weekday:4:26MAR:12345',1614,,21910,6,,,1
12000,'H:113:6:Sunday:3:26MAR:1234567',727,,22891,6,,,1,100,,22892,6,,,1,99,,22893,6,,,1,99,,22890,6,,,1,100,,22894,6,,,1,98,,22895,6,,,1,100,,22896,6,,,1,100,,22897,6,,,1,100,,22898,6,,,1,100,,22899,6,,,1,100,,22900,6,,,1,100,,22901,6,,,1,102,,22889,6,,,1,101,,22902,6,,,1
12000,'H:123:0:Weekday:3:26MAR:12345',422,,22920,6,,,1,83,,22921,6,,,1,27,,22907,6,,,1,68,,22922,6,,,1,28,,22905,6,,,1,29,,22923,6,,,1,69,,22903,6,,,1,31,,22924,6,,,1,70,,22904,6,,,1,31,,22929,6,,,1,73,,22906,6,,,1,70,,22930,6,,,1,30,,22910,6,,,1,70,,22931,6,,,1,30,,22908,6,,,1,70,,22932,6,,,1,28,,22911,6,,,1,29,,22933,6,,,1,70,,22909,6,,,1,30,,22934,6,,,1,69,,22913,6,,,1,27,,22925,6,,,1,69,,22914,6,,,1,30,,22926,6,,,1,69,,22912,6,,,1,31,,22927,6,,,1,72,,22919,6,,,1,30,,22928,6,,,1,74,,22917,6,,,1,100,,22918,6,,,1,101,,22915,6,,,1,103,,22916,6,,,1
12000,'H:123:0:Weekday:4:26MAR:12345',422,,22952,6,,,1,83,,22953,6,,,1,27,,22939,6,,,1,68,,22954,6,,,1,28,,22937,6,,,1,29,,22955,6,,,1,69,,22935,6,,,1,31,,22956,6,,,1,70,,22936,6,,,1,31,,22961,6,,,1,73,,22938,6,,,1,70,,22962,6,,,1,30,,22942,6,,,1,70,,22963,6,,,1,30,,22940,6,,,1,70,,22964,6,,,1,28,,22943,6,,,1,29,,22965,6,,,1,70,,22941,6,,,1,30,,22966,6,,,1,69,,22945,6,,,1,27,,22957,6,,,1,69,,22946,6,,,1,30,,22958,6,,,1,69,,22944,6,,,1,31,,22959,6,,,1,72,,22951,6,,,1,30,,22960,6,,,1,74,,22949,6,,,1,100,,22950,6,,,1,101,,22947,6,,,1,103,,22948,6,,,1
12000,'H:173:5:Saturday:3:26MAR:6',529,,22972,6,,,1,99,,22971,6,,,1,98,,22975,6,,,1,99,,22974,6,,,1,99,,22977,6,,,1,99,,22976,6,,,1,99,,22973,6,,,1,99,,22979,6,,,1,100,,22980,6,,,1,100,,22978,6,,,1,100,,22982,6,,,1,101,,22981,6,,,1,101,,22970,6,,,1,100,,22968,6,,,1,102,,22967,6,,,1,101,,22969,6,,,1,101,,22983,6,,,1
