20100,'H:111:6:Sunday:1:26SEP:1234567',802,,30758,29,,,1,100,,30760,29,,,1,100,,30761,29,,,1,40,,30759,29,,,1,80,,30762,29,,,1,80,,30757,29,,,1,40,,30763,29,,,1,80,,30764,29,,,1,80,,30765,29,,,1,40,,30766,29,,,1,80,,30768,29,,,1,80,,30769,29,,,1,40,,30770,29,,,1,80,,30772,29,,,1,80,,30773,29,,,1,40,,30774,29,,,1,80,,30775,29,,,1,80,,30776,29,,,1,100,,30767,29,,,1,100,,30771,29,,,1
20100,'H:111:6:Sunday:2:26SEP:1234567',802,,30778,29,,,1,100,,30780,29,,,1,100,,30781,29,,,1,40,,30779,29,,,1,80,,30782,29,,,1,80,,30777,29,,,1,40,,30783,29,,,1,80,,30784,29,,,1,80,,30785,29,,,1,40,,30786,29,,,1,80,,30788,29,,,1,80,,30789,29,,,1,40,,30790,29,,,1,80,,30792,29,,,1,80,,30793,29,,,1,40,,30794,29,,,1,80,,30795,29,,,1,80,,30796,29,,,1,100,,30787,29,,,1,100,,30791,29,,,1
20100,'H:121:0:Weekday:1:26SEP:12345',537,,30800,29,,,1,80,,30810,29,,,1,35,,30817,29,,,1,70,,30801,29,,,1,230,,30816,29,,,1,70,,30811,29,,,1,230,,30806,29,,,1,70,,30814,29,,,1,130,,30807,29,,,1,100,,30808,29,,,1,70,,30809,29,,,1,30,,30813,29,,,1,70,,30815,29,,,1,100,,30802,29,,,1,100,,30797,29,,,1,30,,30812,29,,,1,70,,30798,29,,,1,30,,30799,29,,,1,70,,30803,29,,,1,30,,30804,29,,,1,90,,30805,29,,,1
20100,'H:121:0:Weekday:2:26SEP:12345',537,,30821,29,,,1,80,,30831,29,,,1,35,,30838,29,,,1,70,,30822,29,,,1,230,,30837,29,,,1,70,,30832,29,,,1,230,,30827,29,,,1,70,,30835,29,,,1,130,,30828,29,,,1,100,,30829,29,,,1,70,,30830,29,,,1,30,,30834,29,,,1,70,,30836,29,,,1,100,,30823,29,,,1,100,,30818,29,,,1,30,,30833,29,,,1,70,,30819,29,,,1,30,,30820,29,,,1,70,,30824,29,,,1,30,,30825,29,,,1,90,,30826,29,,,1
20100,'H:171:5:Saturday:1:26SEP:6',702,,30851,29,,,1,100,,30841,29,,,1,100,,30850,29,,,1,100,,30842,29,,,1,40,,30843,29,,,1,80,,30848,29,,,1,80,,30849,29,,,1,40,,30840,29,,,1,80,,30852,29,,,1,80,,30844,29,,,1,40,,30839,29,,,1,80,,30853,29,,,1,80,,30845,29,,,1,40,,30847,29,,,1,80,,30856,29,,,1,80,,30857,29,,,1,40,,30858,29,,,1,80,,30855,29,,,1,80,,30859,29,,,1,100,,30846,29,,,1,100,,30854,29,,,1,100,,30860,29,,,1
20100,'H:171:5:Saturday:2:26SEP:6',702,,30873,29,,,1,100,,30863,29,,,1,100,,30872,29,,,1,100,,30864,29,,,1,40,,30865,29,,,1,80,,30870,29,,,1,80,,30871,29,,,1,40,,30862,29,,,1,80,,30874,29,,,1,80,,30866,29,,,1,40,,30861,29,,,1,80,,30875,29,,,1,80,,30867,29,,,1,40,,30869,29,,,1,80,,30878,29,,,1,80,,30879,29,,,1,40,,30880,29,,,1,80,,30877,29,,,1,80,,30881,29,,,1,100,,30868,29,,,1,100,,30876,29,,,1,100,,30882,29,,,1
20100,'KP:321:0:Weekday:1:26SEP:12345',752,,30889,29,,,1,70,,30883,29,,,1,30,,30884,29,,,1,70,,30890,29,,,1,130,,30891,29,,,1,70,,30892,29,,,1,30,,30893,29,,,1,70,,30894,29,,,1,130,,30888,29,,,1,70,,30895,29,,,1,100,,30885,29,,,1,230,,30886,29,,,1,100,,30887,29,,,1
20100,'KP:321:0:Weekday:2:26SEP:12345',752,,30902,29,,,1,70,,30896,29,,,1,30,,30897,29,,,1,70,,30903,29,,,1,130,,30904,29,,,1,70,,30905,29,,,1,30,,30906,29,,,1,70,,30907,29,,,1,130,,30901,29,,,1,70,,30908,29,,,1,100,,30898,29,,,1,230,,30899,29,,,1,100,,30900,29,,,1
20200,'H:111:6:Sunday:1:26SEP:1234567',632,,31078,39,,,1,100,,31071,39,,,1,100,,31058,39,,,1,100,,31057,39,,,1,90,,31059,39,,,1,80,,31060,39,,,1,40,,31061,39,,,1,80,,31064,39,,,1,80,,31062,39,,,1,40,,31065,39,,,1,80,,31063,39,,,1,80,,31067,39,,,1,40,,31066,39,,,1,80,,31068,39,,,1,80,,31072,39,,,1,40,,31073,39,,,1,80,,31074,39,,,1,80,,31075,39,,,1,40,,31076,39,,,1,90,,31069,39,,,1,100,,31070,39,,,1,100,,31077,39,,,1
20200,'H:111:6:Sunday:2:26SEP:1234567',632,,31100,39,,,1,100,,31093,39,,,1,100,,31080,39,,,1,100,,31079,39,,,1,90,,31081,39,,,1,80,,31082,39,,,1,40,,31083,39,,,1,80,,31086,39,,,1,80,,31084,39,,,1,40,,31087,39,,,1,80,,31085,39,,,1,80,,31089,39,,,1,40,,31088,39,,,1,80,,31090,39,,,1,80,,31094,39,,,1,40,,31095,39,,,1,80,,31096,39,,,1,80,,31097,39,,,1,40,,31098,39,,,1,90,,31091,39,,,1,100,,31092,39,,,1,100,,31099,39,,,1
20200,'H:121:0:Weekday:1:26SEP:12345',517,,31117,39,,,1,120,,31104,39,,,1,200,,31105,39,,,1,70,,31106,39,,,1,30,,31114,39,,,1,70,,31118,39,,,1,200,,31116,39,,,1,30,,31115,39,,,1,270,,31113,39,,,1,100,,31107,39,,,1,100,,31108,39,,,1,200,,31102,39,,,1,30,,31101,39,,,1,100,,31103,39,,,1,70,,31110,39,,,1,30,,31111,39,,,1,75,,31112,39,,,1
20200,'H:121:0:Weekday:2:26SEP:12345',517,,31135,39,,,1,120,,31122,39,,,1,200,,31123,39,,,1,70,,31124,39,,,1,30,,31132,39,,,1,70,,31136,39,,,1,200,,31134,39,,,1,30,,31133,39,,,1,270,,31131,39,,,1,100,,31125,39,,,1,100,,31126,39,,,1,200,,31120,39,,,1,30,,31119,39,,,1,100,,31121,39,,,1,70,,31128,39,,,1,30,,31129,39,,,1,75,,31130,39,,,1
20200,'H:171:5:Saturday:1:26SEP:6',532,,31160,39,,,1,70,,31154,39,,,1,30,,31138,39,,,1,100,,31139,39,,,1,100,,31150,39,,,1,100,,31144,39,,,1,90,,31137,39,,,1,80,,31140,39,,,1,40,,31148,39,,,1,80,,31142,39,,,1,80,,31141,39,,,1,40,,31143,39,,,1,80,,31151,39,,,1,80,,31145,39,,,1,40,,31146,39,,,1,80,,31147,39,,,1,80,,31155,39,,,1,40,,31156,39,,,1,80,,31157,39,,,1,80,,31158,39,,,1,40,,31159,39,,,1,90,,31152,39,,,1,100,,31149,39,,,1,100,,31153,39,,,1
20200,'H:171:5:Saturday:2:26SEP:6',532,,31184,39,,,1,70,,31178,39,,,1,30,,31162,39,,,1,100,,31163,39,,,1,100,,31174,39,,,1,100,,31168,39,,,1,90,,31161,39,,,1,80,,31164,39,,,1,40,,31172,39,,,1,80,,31166,39,,,1,80,,31165,39,,,1,40,,31167,39,,,1,80,,31175,39,,,1,80,,31169,39,,,1,40,,31170,39,,,1,80,,31171,39,,,1,80,,31179,39,,,1,40,,31180,39,,,1,80,,31181,39,,,1,80,,31182,39,,,1,40,,31183,39,,,1,90,,31176,39,,,1,100,,31173,39,,,1,100,,31177,39,,,1
20200,'KP:321:0:Weekday:1:26SEP:12345',557,,31186,39,,,1,150,,31188,39,,,1,30,,31196,39,,,1,70,,31201,39,,,1,230,,31197,39,,,1,70,,31198,39,,,1,30,,31200,39,,,1,170,,31193,39,,,1,30,,31199,39,,,1,70,,31195,39,,,1,30,,31189,39,,,1,100,,31194,39,,,1,100,,31190,39,,,1,100,,31191,39,,,1,70,,31192,39,,,1,30,,31187,39,,,1,170,,31185,39,,,1
20200,'KP:321:0:Weekday:2:26SEP:12345',557,,31203,39,,,1,150,,31205,39,,,1,30,,31213,39,,,1,70,,31218,39,,,1,230,,31214,39,,,1,70,,31215,39,,,1,30,,31217,39,,,1,170,,31210,39,,,1,30,,31216,39,,,1,70,,31212,39,,,1,30,,31206,39,,,1,100,,31211,39,,,1,100,,31207,39,,,1,100,,31208,39,,,1,70,,31209,39,,,1,30,,31204,39,,,1,170,,31202,39,,,1
90700,'H:121:0:Weekday:1:26SEP:12345',438,,35401,15,,,1,76,,35402,15,,,1,34,,35403,15,,,1,73,,35404,15,,,1
90700,'H:121:0:Weekday:2:26SEP:12345',438,,35405,15,,,1,76,,35406,15,,,1,34,,35407,15,,,1,73,,35408,15,,,1
