90400,'H:121:0:Weekday:1:26SEP:12345',419,,35285,3,,,1,99,,35286,3,,,1,195,,35288,3,,,1,30,,35289,3,,,1,103,,35287,3,,,1
90400,'H:121:0:Weekday:2:26SEP:12345',419,,35290,3,,,1,99,,35291,3,,,1,195,,35293,3,,,1,30,,35294,3,,,1,103,,35292,3,,,1
90400,'KP:321:0:Weekday:1:26SEP:12345',449,,35295,3,,,1,97,,35299,3,,,1,68,,35296,3,,,1,30,,35298,3,,,1,169,,35297,3,,,1
90400,'KP:321:0:Weekday:2:26SEP:12345',449,,35300,3,,,1,97,,35304,3,,,1,68,,35301,3,,,1,30,,35303,3,,,1,169,,35302,3,,,1
90401,'H:121:0:Weekday:1:26SEP:12345',1629,,35305,5,,,1,180,,35307,5,,,1,49,,35308,5,,,1,77,,35306,5,,,1
90401,'H:121:0:Weekday:2:26SEP:12345',1629,,35309,5,,,1,180,,35311,5,,,1,49,,35312,5,,,1,77,,35310,5,,,1
90401,'KP:321:0:Weekday:1:26SEP:12345',1527,,35314,5,,,1,21,,35313,5,,,1,111,,35317,5,,,1,69,,35316,5,,,1,27,,35315,5,,,1,83,,35318,5,,,1
90401,'KP:321:0:Weekday:2:26SEP:12345',1527,,35320,5,,,1,21,,35319,5,,,1,111,,35323,5,,,1,69,,35322,5,,,1,27,,35321,5,,,1,83,,35324,5,,,1
90700,'H:121:0:Weekday:1:26SEP:12345',423,,35401,9,,,1,36,,35402,9,,,1,73,,35403,9,,,1,73,,35404,9,,,1
90700,'H:121:0:Weekday:2:26SEP:12345',423,,35405,9,,,1,36,,35406,9,,,1,73,,35407,9,,,1,73,,35408,9,,,1
