10900,'H:111:6:Sunday:1:26SEP:1234567',846,,28416,41,4,,1,103,,28420,41,4,,1,102,,28411,41,4,,1,101,,28412,41,4,,1,103,,28423,41,4,,1,101,,28414,41,4,,1,99,,28419,41,4,,1,100,,28413,41,4,,1,99,,28415,41,4,,1,97,,28422,41,4,,1,99,,28418,41,4,,1,96,,28421,41,4,,1,100,,28417,41,4,,1,98,,28424,41,4,,1
10900,'H:111:6:Sunday:2:26SEP:1234567',846,,28430,41,4,,1,103,,28434,41,4,,1,102,,28425,41,4,,1,101,,28426,41,4,,1,103,,28437,41,4,,1,101,,28428,41,4,,1,99,,28433,41,4,,1,100,,28427,41,4,,1,99,,28429,41,4,,1,97,,28436,41,4,,1,99,,28432,41,4,,1,96,,28435,41,4,,1,100,,28431,41,4,,1,98,,28438,41,4,,1
10900,'H:121:0:Weekday:1:26SEP:12345',542,,28452,41,4,,1,109,,28446,41,4,,1,150,,28442,41,4,,1,56,,28448,41,4,,1,143,,28455,41,4,,1,100,,28440,41,4,,1,100,,28454,41,4,,1,103,,28453,41,4,,1,100,,28445,41,4,,1,102,,28451,41,4,,1,101,,28443,41,4,,1,101,,28447,41,4,,1,99,,28450,41,4,,1,97,,28444,41,4,,1,54,,28441,41,4,,1,98,,28439,41,4,,1,100,,28449,41,4,,1
10900,'H:121:0:Weekday:2:26SEP:12345',542,,28469,41,4,,1,109,,28463,41,4,,1,150,,28459,41,4,,1,56,,28465,41,4,,1,143,,28472,41,4,,1,100,,28457,41,4,,1,100,,28471,41,4,,1,103,,28470,41,4,,1,100,,28462,41,4,,1,102,,28468,41,4,,1,101,,28460,41,4,,1,101,,28464,41,4,,1,99,,28467,41,4,,1,97,,28461,41,4,,1,54,,28458,41,4,,1,98,,28456,41,4,,1,100,,28466,41,4,,1
10900,'H:171:5:Saturday:1:26SEP:6',748,,28477,41,4,,1,103,,28480,41,4,,1,101,,28476,41,4,,1,104,,28473,41,4,,1,102,,28485,41,4,,1,101,,28478,41,4,,1,100,,28483,41,4,,1,100,,28474,41,4,,1,97,,28475,41,4,,1,100,,28487,41,4,,1,99,,28479,41,4,,1,96,,28484,41,4,,1,98,,28481,41,4,,1,99,,28482,41,4,,1,100,,28486,41,4,,1
10900,'H:171:5:Saturday:2:26SEP:6',748,,28492,41,4,,1,103,,28495,41,4,,1,101,,28491,41,4,,1,104,,28488,41,4,,1,102,,28500,41,4,,1,101,,28493,41,4,,1,100,,28498,41,4,,1,100,,28489,41,4,,1,97,,28490,41,4,,1,100,,28502,41,4,,1,99,,28494,41,4,,1,96,,28499,41,4,,1,98,,28496,41,4,,1,99,,28497,41,4,,1,100,,28501,41,4,,1
11201,'H:111:6:Sunday:1:26SEP:1234567',724,,28788,37,4,,1,30,,28802,37,4,,1,70,,28789,37,4,,1,30,,28803,37,4,,1,71,,28790,37,4,,1,30,,28804,37,4,,1,71,,28787,37,4,,1,31,,28805,37,4,,1,70,,28791,37,4,,1,30,,28806,37,4,,1,70,,28792,37,4,,1,30,,28808,37,4,,1,71,,28793,37,4,,1,30,,28809,37,4,,1,70,,28794,37,4,,1,30,,28810,37,4,,1,70,,28796,37,4,,1,30,,28807,37,4,,1,70,,28798,37,4,,1,30,,28811,37,4,,1,70,,28799,37,4,,1,29,,28812,37,4,,1,70,,28795,37,4,,1,100,,28800,37,4,,1,99,,28797,37,4,,1,99,,28801,37,4,,1
11201,'H:111:6:Sunday:2:26SEP:1234567',724,,28814,37,4,,1,30,,28828,37,4,,1,70,,28815,37,4,,1,30,,28829,37,4,,1,71,,28816,37,4,,1,30,,28830,37,4,,1,71,,28813,37,4,,1,31,,28831,37,4,,1,70,,28817,37,4,,1,30,,28832,37,4,,1,70,,28818,37,4,,1,30,,28834,37,4,,1,71,,28819,37,4,,1,30,,28835,37,4,,1,70,,28820,37,4,,1,30,,28836,37,4,,1,70,,28822,37,4,,1,30,,28833,37,4,,1,70,,28824,37,4,,1,30,,28837,37,4,,1,70,,28825,37,4,,1,29,,28838,37,4,,1,70,,28821,37,4,,1,100,,28826,37,4,,1,99,,28823,37,4,,1,99,,28827,37,4,,1
11201,'H:121:0:Weekday:1:26SEP:12345',533,,28856,37,4,,1,70,,28860,37,4,,1,31,,28852,37,4,,1,71,,28867,37,4,,1,30,,28841,37,4,,1,20,,28869,37,4,,1,60,,28872,37,4,,1,21,,28844,37,4,,1,21,,28868,37,4,,1,60,,28873,37,4,,1,20,,28840,37,4,,1,70,,28865,37,4,,1,30,,28842,37,4,,1,70,,28857,37,4,,1,30,,28854,37,4,,1,70,,28861,37,4,,1,30,,28853,37,4,,1,71,,28858,37,4,,1,30,,28855,37,4,,1,71,,28859,37,4,,1,30,,28846,37,4,,1,61,,28862,37,4,,1,20,,28874,37,4,,1,20,,28851,37,4,,1,62,,28871,37,4,,1,20,,28875,37,4,,1,20,,28843,37,4,,1,61,,28866,37,4,,1,20,,28876,37,4,,1,20,,28845,37,4,,1,59,,28870,37,4,,1,20,,28877,37,4,,1,19,,28839,37,4,,1,68,,28863,37,4,,1,29,,28848,37,4,,1,69,,28864,37,4,,1,30,,28849,37,4,,1,99,,28847,37,4,,1,100,,28850,37,4,,1
11201,'H:121:0:Weekday:2:26SEP:12345',533,,28895,37,4,,1,70,,28899,37,4,,1,31,,28891,37,4,,1,71,,28906,37,4,,1,30,,28880,37,4,,1,20,,28908,37,4,,1,60,,28911,37,4,,1,21,,28883,37,4,,1,21,,28907,37,4,,1,60,,28912,37,4,,1,20,,28879,37,4,,1,70,,28904,37,4,,1,30,,28881,37,4,,1,70,,28896,37,4,,1,30,,28893,37,4,,1,70,,28900,37,4,,1,30,,28892,37,4,,1,71,,28897,37,4,,1,30,,28894,37,4,,1,71,,28898,37,4,,1,30,,28885,37,4,,1,61,,28901,37,4,,1,20,,28913,37,4,,1,20,,28890,37,4,,1,62,,28910,37,4,,1,20,,28914,37,4,,1,20,,28882,37,4,,1,61,,28905,37,4,,1,20,,28915,37,4,,1,20,,28884,37,4,,1,59,,28909,37,4,,1,20,,28916,37,4,,1,19,,28878,37,4,,1,68,,28902,37,4,,1,29,,28887,37,4,,1,69,,28903,37,4,,1,30,,28888,37,4,,1,99,,28886,37,4,,1,100,,28889,37,4,,1
11201,'H:171:5:Saturday:1:26SEP:6',725,,28919,37,4,,1,30,,28934,37,4,,1,70,,28918,37,4,,1,30,,28938,37,4,,1,71,,28921,37,4,,1,30,,28937,37,4,,1,71,,28917,37,4,,1,30,,28939,37,4,,1,72,,28920,37,4,,1,30,,28933,37,4,,1,70,,28927,37,4,,1,30,,28942,37,4,,1,70,,28928,37,4,,1,30,,28940,37,4,,1,70,,28925,37,4,,1,30,,28941,37,4,,1,70,,28922,37,4,,1,30,,28936,37,4,,1,70,,28923,37,4,,1,30,,28943,37,4,,1,70,,28924,37,4,,1,30,,28935,37,4,,1,70,,28926,37,4,,1,29,,28932,37,4,,1,69,,28929,37,4,,1,100,,28930,37,4,,1,100,,28931,37,4,,1
11201,'H:171:5:Saturday:2:26SEP:6',725,,28946,37,4,,1,30,,28961,37,4,,1,70,,28945,37,4,,1,30,,28965,37,4,,1,71,,28948,37,4,,1,30,,28964,37,4,,1,71,,28944,37,4,,1,30,,28966,37,4,,1,72,,28947,37,4,,1,30,,28960,37,4,,1,70,,28954,37,4,,1,30,,28969,37,4,,1,70,,28955,37,4,,1,30,,28967,37,4,,1,70,,28952,37,4,,1,30,,28968,37,4,,1,70,,28949,37,4,,1,30,,28963,37,4,,1,70,,28950,37,4,,1,30,,28970,37,4,,1,70,,28951,37,4,,1,30,,28962,37,4,,1,70,,28953,37,4,,1,29,,28959,37,4,,1,69,,28956,37,4,,1,100,,28957,37,4,,1,100,,28958,37,4,,1
11901,'H:111:6:Sunday:1:26SEP:1234567',838,,29646,47,4,,1,102,,29643,47,4,,1,101,,29644,47,4,,1,101,,29647,47,4,,1,102,,29645,47,4,,1,100,,29648,47,4,,1,100,,29649,47,4,,1,100,,29650,47,4,,1,100,,29651,47,4,,1,99,,29652,47,4,,1,98,,29653,47,4,,1,99,,29654,47,4,,1,99,,29655,47,4,,1
11901,'H:111:6:Sunday:2:26SEP:1234567',838,,29659,47,4,,1,102,,29656,47,4,,1,101,,29657,47,4,,1,101,,29660,47,4,,1,102,,29658,47,4,,1,100,,29661,47,4,,1,100,,29662,47,4,,1,100,,29663,47,4,,1,100,,29664,47,4,,1,99,,29665,47,4,,1,98,,29666,47,4,,1,99,,29667,47,4,,1,99,,29668,47,4,,1
11901,'H:121:0:Weekday:1:26SEP:12345',620,,29697,47,4,,1,31,,29685,47,4,,1,75,,29669,47,4,,1,75,,29686,47,4,,1,30,,29672,47,4,,1,70,,29687,47,4,,1,29,,29670,47,4,,1,70,,29691,47,4,,1,30,,29671,47,4,,1,29,,29692,47,4,,1,70,,29674,47,4,,1,71,,29693,47,4,,1,31,,29673,47,4,,1,71,,29694,47,4,,1,31,,29675,47,4,,1,72,,29695,47,4,,1,38,,29678,47,4,,1,64,,29696,47,4,,1,30,,29679,47,4,,1,70,,29688,47,4,,1,30,,29677,47,4,,1,70,,29689,47,4,,1,30,,29681,47,4,,1,68,,29690,47,4,,1,30,,29680,47,4,,1,96,,29676,47,4,,1,98,,29684,47,4,,1,97,,29682,47,4,,1,99,,29683,47,4,,1
11901,'H:121:0:Weekday:2:26SEP:12345',620,,29726,47,4,,1,31,,29714,47,4,,1,75,,29698,47,4,,1,75,,29715,47,4,,1,30,,29701,47,4,,1,70,,29716,47,4,,1,29,,29699,47,4,,1,70,,29720,47,4,,1,30,,29700,47,4,,1,29,,29721,47,4,,1,70,,29703,47,4,,1,71,,29722,47,4,,1,31,,29702,47,4,,1,71,,29723,47,4,,1,31,,29704,47,4,,1,72,,29724,47,4,,1,38,,29707,47,4,,1,64,,29725,47,4,,1,30,,29708,47,4,,1,70,,29717,47,4,,1,30,,29706,47,4,,1,70,,29718,47,4,,1,30,,29710,47,4,,1,68,,29719,47,4,,1,30,,29709,47,4,,1,96,,29705,47,4,,1,98,,29713,47,4,,1,97,,29711,47,4,,1,99,,29712,47,4,,1
11901,'H:171:5:Saturday:1:26SEP:6',637,,29730,47,4,,1,100,,29731,47,4,,1,101,,29727,47,4,,1,103,,29729,47,4,,1,104,,29732,47,4,,1,101,,29734,47,4,,1,100,,29728,47,4,,1,100,,29737,47,4,,1,100,,29733,47,4,,1,100,,29738,47,4,,1,100,,29735,47,4,,1,99,,29741,47,4,,1,100,,29742,47,4,,1,97,,29736,47,4,,1,100,,29739,47,4,,1,98,,29740,47,4,,1
11901,'H:171:5:Saturday:2:26SEP:6',637,,29746,47,4,,1,100,,29747,47,4,,1,101,,29743,47,4,,1,103,,29745,47,4,,1,104,,29748,47,4,,1,101,,29750,47,4,,1,100,,29744,47,4,,1,100,,29753,47,4,,1,100,,29749,47,4,,1,100,,29754,47,4,,1,100,,29751,47,4,,1,99,,29757,47,4,,1,100,,29758,47,4,,1,97,,29752,47,4,,1,100,,29755,47,4,,1,98,,29756,47,4,,1
12101,'H:111:6:Sunday:1:26SEP:1234567',732,,30121,34,4,,1,101,,30122,34,4,,1,102,,30123,34,4,,1,100,,30124,34,4,,1,102,,30125,34,4,,1,101,,30126,34,4,,1,100,,30127,34,4,,1,100,,30129,34,4,,1,100,,30130,34,4,,1,99,,30131,34,4,,1,99,,30128,34,4,,1,99,,30132,34,4,,1,100,,30133,34,4,,1,99,,30134,34,4,,1
12101,'H:111:6:Sunday:2:26SEP:1234567',732,,30135,34,4,,1,101,,30136,34,4,,1,102,,30137,34,4,,1,100,,30138,34,4,,1,102,,30139,34,4,,1,101,,30140,34,4,,1,100,,30141,34,4,,1,100,,30143,34,4,,1,100,,30144,34,4,,1,99,,30145,34,4,,1,99,,30142,34,4,,1,99,,30146,34,4,,1,100,,30147,34,4,,1,99,,30148,34,4,,1
12101,'H:121:0:Weekday:1:26SEP:12345',530,,30166,34,4,,1,70,,30149,34,4,,1,28,,30164,34,4,,1,25,,30169,34,4,,1,68,,30173,34,4,,1,26,,30171,34,4,,1,67,,30174,34,4,,1,25,,30163,34,4,,1,69,,30157,34,4,,1,95,,30165,34,4,,1,55,,30167,34,4,,1,90,,30168,34,4,,1,90,,30158,34,4,,1,90,,30159,34,4,,1,92,,30170,34,4,,1,97,,30152,34,4,,1,34,,30161,34,4,,1,72,,30172,34,4,,1,33,,30155,34,4,,1,74,,30153,34,4,,1,29,,30160,34,4,,1,67,,30150,34,4,,1,31,,30151,34,4,,1,67,,30162,34,4,,1,29,,30176,34,4,,1,92,,30154,34,4,,1,99,,30156,34,4,,1,99,,30175,34,4,,1
12101,'H:121:0:Weekday:2:26SEP:12345',530,,30194,34,4,,1,70,,30177,34,4,,1,28,,30192,34,4,,1,25,,30197,34,4,,1,68,,30201,34,4,,1,26,,30199,34,4,,1,67,,30202,34,4,,1,25,,30191,34,4,,1,69,,30185,34,4,,1,95,,30193,34,4,,1,55,,30195,34,4,,1,90,,30196,34,4,,1,90,,30186,34,4,,1,90,,30187,34,4,,1,92,,30198,34,4,,1,97,,30180,34,4,,1,34,,30189,34,4,,1,72,,30200,34,4,,1,33,,30183,34,4,,1,74,,30181,34,4,,1,29,,30188,34,4,,1,67,,30178,34,4,,1,31,,30179,34,4,,1,67,,30190,34,4,,1,29,,30204,34,4,,1,92,,30182,34,4,,1,99,,30184,34,4,,1,99,,30203,34,4,,1
12101,'H:171:5:Saturday:1:26SEP:6',630,,30205,34,4,,1,100,,30206,34,4,,1,104,,30207,34,4,,1,101,,30208,34,4,,1,102,,30209,34,4,,1,101,,30210,34,4,,1,102,,30211,34,4,,1,100,,30212,34,4,,1,100,,30213,34,4,,1,100,,30214,34,4,,1,100,,30215,34,4,,1,100,,30216,34,4,,1,97,,30217,34,4,,1,99,,30218,34,4,,1,98,,30219,34,4,,1
12101,'H:171:5:Saturday:2:26SEP:6',630,,30220,34,4,,1,100,,30221,34,4,,1,104,,30222,34,4,,1,101,,30223,34,4,,1,102,,30224,34,4,,1,101,,30225,34,4,,1,102,,30226,34,4,,1,100,,30227,34,4,,1,100,,30228,34,4,,1,100,,30229,34,4,,1,100,,30230,34,4,,1,100,,30231,34,4,,1,97,,30232,34,4,,1,99,,30233,34,4,,1,98,,30234,34,4,,1
