10900,'H:111:6:Sunday:3:26SEP:1234567',756,,36281,3,,,1,100,,36285,3,,,1,100,,36276,3,,,1,100,,36277,3,,,1,100,,36288,3,,,1,100,,36279,3,,,1,100,,36284,3,,,1,100,,36278,3,,,1,100,,36280,3,,,1,100,,36287,3,,,1,100,,36283,3,,,1,100,,36286,3,,,1,100,,36282,3,,,1,100,,36289,3,,,1
10900,'H:121:0:Weekday:3:26SEP:12345',452,,36303,3,,,1,100,,36297,3,,,1,100,,36293,3,,,1,100,,36299,3,,,1,107,,36306,3,,,1,100,,36291,3,,,1,100,,36305,3,,,1,100,,36304,3,,,1,100,,36296,3,,,1,100,,36302,3,,,1,100,,36294,3,,,1,100,,36298,3,,,1,100,,36301,3,,,1,100,,36295,3,,,1,100,,36292,3,,,1,100,,36290,3,,,1,100,,36300,3,,,1
10900,'H:171:5:Saturday:3:26SEP:6',656,,36311,3,,,1,100,,36314,3,,,1,100,,36310,3,,,1,100,,36307,3,,,1,100,,36319,3,,,1,100,,36312,3,,,1,100,,36317,3,,,1,100,,36308,3,,,1,100,,36309,3,,,1,100,,36321,3,,,1,100,,36313,3,,,1,100,,36318,3,,,1,100,,36315,3,,,1,100,,36316,3,,,1,100,,36320,3,,,1
28000,'H:111:6:Sunday:3:26SEP:1234567',825,,38244,37,,,1,101,,38245,37,,,1,100,,38246,37,,,1,100,,38247,37,,,1,101,,38255,37,,,1,100,,38249,37,,,1,100,,38248,37,,,1,100,,38250,37,,,1,100,,38251,37,,,1,100,,38252,37,,,1,100,,38256,37,,,1,99,,38254,37,,,1,100,,38253,37,,,1
28000,'H:121:0:Weekday:3:26SEP:12345',515,,38272,37,,,1,116,,38274,37,,,1,107,,38257,37,,,1,70,,38273,14,,,1,28,,38258,37,,,1,72,,38259,14,,,1,229,,38260,37,,,1,200,,38261,37,,,1,78,,38262,14,,,1,101,,38263,14,,,1,23,,38264,37,,,1,100,,38265,37,,,1,76,,38266,14,,,1,22,,38267,37,,,1,100,,38268,37,,,1,99,,38269,37,,,1,99,,38270,37,,,1,100,,38271,37,,,1
28000,'H:171:5:Saturday:3:26SEP:6',725,,38287,37,,,1,100,,38275,37,,,1,100,,38283,37,,,1,102,,38276,37,,,1,101,,38285,37,,,1,100,,38286,37,,,1,101,,38277,37,,,1,99,,38278,37,,,1,100,,38280,37,,,1,100,,38279,37,,,1,99,,38281,37,,,1,99,,38282,37,,,1,99,,38284,37,,,1,100,,38288,37,,,1
28000,'KP:321:0:Weekday:3:26SEP:12345',705,,38294,14,,,1,231,,38292,37,,,1,101,,38289,37,,,1,200,,38293,37,,,1,202,,38290,37,,,1,176,,38291,14,,,1
28001,'H:111:6:Sunday:3:26SEP:1234567',744,,38296,14,,,1,100,,38295,14,,,1,100,,38297,14,,,1,101,,38306,14,,,1,100,,38298,14,,,1,100,,38299,14,,,1,100,,38300,14,,,1,100,,38301,14,,,1,100,,38302,14,,,1,100,,38307,14,,,1,100,,38304,14,,,1,100,,38303,14,,,1,100,,38305,14,,,1
28001,'H:121:0:Weekday:3:26SEP:12345',609,,38308,14,,,1,100,,38309,14,,,1,30,,38310,14,0,8 7,1,101,,38324,14,0,8 7,1,170,,38311,14,,,1,200,,38312,14,,,1,202,,38313,14,,,1,25,,38314,14,0,8 7,1,75,,38315,14,,,1,101,,38316,14,,,1,25,,38317,14,0,8 7,1,75,,38318,14,,,1,25,,38319,14,0,8 7,1,74,,38320,14,,,1,24,,38321,14,0,8 7,1,74,,38322,14,,,1,100,,38323,14,,,1
28001,'H:171:5:Saturday:3:26SEP:6',744,,38333,14,,,1,100,,38325,14,,,1,101,,38336,14,,,1,101,,38331,14,,,1,100,,38334,14,,,1,100,,38332,14,,,1,101,,38330,14,,,1,100,,38327,14,,,1,100,,38329,14,,,1,99,,38326,14,,,1,100,,38328,14,,,1,100,,38335,14,,,1,99,,38337,14,,,1
28001,'KP:321:0:Weekday:3:26SEP:12345',810,,38341,14,,,1,100,,38338,14,,,1,200,,38342,14,,,1,202,,38339,14,,,1,226,,38340,14,0,8 7,1
90300,'KP:321:0:Weekday:3:26SEP:12345',455,,39703,3,,,1,74,,39699,3,,,1,27,,39697,3,,,1,65,,39700,3,,,1,32,,39701,3,,,1,74,,39698,3,,,1,80,,39702,3,,,1
90301,'H:121:0:Weekday:3:26SEP:12345',1657,,39704,14,,,1,70,,39705,14,,,1
90301,'KP:321:0:Weekday:3:26SEP:12345',1601,,39711,14,,,1,32,,39708,14,,,1,121,,39706,14,,,1,69,,39712,14,,,1,29,,39710,14,,,1,73,,39709,14,,,1,34,,39707,14,,,1
