10301,'H:111:6:Sunday:1:26SEP:1234567',628,,28073,21,,,1,100,,28074,21,,,1,101,,28075,21,,,1,101,,28076,21,,,1,102,,28077,21,,,1,102,,28078,21,,,1,100,,28080,21,,,1,100,,28081,21,,,1,100,,28082,21,,,1,101,,28079,21,,,1,100,,28083,21,,,1,100,,28084,21,,,1,99,,28085,21,,,1,99,,28086,21,,,1,99,,28087,21,,,1,99,,28088,21,,,1,99,,28089,21,,,1
10301,'H:111:6:Sunday:2:26SEP:1234567',628,,28090,21,,,1,100,,28091,21,,,1,101,,28092,21,,,1,101,,28093,21,,,1,102,,28094,21,,,1,102,,28095,21,,,1,100,,28097,21,,,1,100,,28098,21,,,1,100,,28099,21,,,1,101,,28096,21,,,1,100,,28100,21,,,1,100,,28101,21,,,1,99,,28102,21,,,1,99,,28103,21,,,1,99,,28104,21,,,1,99,,28105,21,,,1,99,,28106,21,,,1
10301,'H:121:0:Weekday:1:26SEP:12345',504,,28139,21,,,1,30,,28108,21,,,1,70,,28107,21,,,1,31,,28109,21,,,1,71,,28136,21,,,1,30,,28110,21,,,1,70,,28135,21,,,1,30,,28111,21,,,1,71,,28134,21,,,1,30,,28112,21,,,1,70,,28113,21,,,1,31,,28114,21,,,1,70,,28115,21,,,1,30,,28116,21,,,1,71,,28117,21,,,1,31,,28118,21,,,1,70,,28119,21,,,1,30,,28120,21,,,1,70,,28121,21,,,1,31,,28122,21,,,1,70,,28123,21,,,1,30,,28125,21,,,1,71,,28141,21,,,1,30,,28126,21,,,1,70,,28138,21,,,1,30,,28127,21,,,1,68,,28137,21,,,1,29,,28124,21,,,1,69,,28128,21,,,1,30,,28129,21,,,1,70,,28140,21,,,1,28,,28130,21,,,1,99,,28131,21,,,1,99,,28132,21,,,1,99,,28133,21,,,1
10301,'H:121:0:Weekday:2:26SEP:12345',504,,28174,21,,,1,30,,28143,21,,,1,70,,28142,21,,,1,31,,28144,21,,,1,71,,28171,21,,,1,30,,28145,21,,,1,70,,28170,21,,,1,30,,28146,21,,,1,71,,28169,21,,,1,30,,28147,21,,,1,70,,28148,21,,,1,31,,28149,21,,,1,70,,28150,21,,,1,30,,28151,21,,,1,71,,28152,21,,,1,31,,28153,21,,,1,70,,28154,21,,,1,30,,28155,21,,,1,70,,28156,21,,,1,31,,28157,21,,,1,70,,28158,21,,,1,30,,28160,21,,,1,71,,28176,21,,,1,30,,28161,21,,,1,70,,28173,21,,,1,30,,28162,21,,,1,68,,28172,21,,,1,29,,28159,21,,,1,69,,28163,21,,,1,30,,28164,21,,,1,70,,28175,21,,,1,28,,28165,21,,,1,99,,28166,21,,,1,99,,28167,21,,,1,99,,28168,21,,,1
10301,'H:171:5:Saturday:1:26SEP:6',629,,28192,21,,,1,100,,28177,21,,,1,100,,28178,21,,,1,103,,28180,21,,,1,100,,28181,21,,,1,102,,28182,21,,,1,100,,28179,21,,,1,101,,28183,21,,,1,101,,28184,21,,,1,100,,28185,21,,,1,100,,28186,21,,,1,100,,28188,21,,,1,99,,28189,21,,,1,98,,28190,21,,,1,99,,28187,21,,,1,100,,28191,21,,,1,99,,28193,21,,,1,99,,28194,21,,,1
10301,'H:171:5:Saturday:2:26SEP:6',629,,28210,21,,,1,100,,28195,21,,,1,100,,28196,21,,,1,103,,28198,21,,,1,100,,28199,21,,,1,102,,28200,21,,,1,100,,28197,21,,,1,101,,28201,21,,,1,101,,28202,21,,,1,100,,28203,21,,,1,100,,28204,21,,,1,100,,28206,21,,,1,99,,28207,21,,,1,98,,28208,21,,,1,99,,28205,21,,,1,100,,28209,21,,,1,99,,28211,21,,,1,99,,28212,21,,,1
11900,'H:111:6:Sunday:1:26SEP:1234567',801,,29536,9,,,1,100,,29527,9,,,1,100,,29529,9,,,1,100,,29531,9,,,1,100,,29537,9,,,1,100,,29532,9,,,1,100,,29533,9,,,1,100,,29530,9,,,1,100,,29535,9,,,1,100,,29528,9,,,1,100,,29538,9,,,1,100,,29534,9,,,1,100,,29539,9,,,1
11900,'H:111:6:Sunday:2:26SEP:1234567',801,,29549,9,,,1,100,,29540,9,,,1,100,,29542,9,,,1,100,,29544,9,,,1,100,,29550,9,,,1,100,,29545,9,,,1,100,,29546,9,,,1,100,,29543,9,,,1,100,,29548,9,,,1,100,,29541,9,,,1,100,,29551,9,,,1,100,,29547,9,,,1,100,,29552,9,,,1
11900,'H:121:0:Weekday:1:26SEP:12345',601,,29563,9,,,1,30,,29569,9,,,1,20,,29558,9,,,1,80,,29570,9,,,1,70,,29555,9,,,1,30,,29571,9,,,1,70,,29554,9,,,1,30,,29575,9,,,1,70,,29566,9,,,1,30,,29576,9,,,1,70,,29567,9,,,1,30,,29577,9,,,1,70,,29564,9,,,1,30,,29578,9,,,1,70,,29565,9,,,1,31,,29579,9,,,1,70,,29568,9,,,1,30,,29580,9,,,1,70,,29562,9,,,1,30,,29574,9,,,1,70,,29556,9,,,1,31,,29572,9,,,1,70,,29559,9,,,1,30,,29573,9,,,1,69,,29561,9,,,1,100,,29560,9,,,1,99,,29553,9,,,1,100,,29557,9,,,1,100,,29581,9,,,1
11900,'H:121:0:Weekday:2:26SEP:12345',601,,29592,9,,,1,30,,29598,9,,,1,20,,29587,9,,,1,80,,29599,9,,,1,70,,29584,9,,,1,30,,29600,9,,,1,70,,29583,9,,,1,30,,29604,9,,,1,70,,29595,9,,,1,30,,29605,9,,,1,70,,29596,9,,,1,30,,29606,9,,,1,70,,29593,9,,,1,30,,29607,9,,,1,70,,29594,9,,,1,31,,29608,9,,,1,70,,29597,9,,,1,30,,29609,9,,,1,70,,29591,9,,,1,30,,29603,9,,,1,70,,29585,9,,,1,31,,29601,9,,,1,70,,29588,9,,,1,30,,29602,9,,,1,69,,29590,9,,,1,100,,29589,9,,,1,99,,29582,9,,,1,100,,29586,9,,,1,100,,29610,9,,,1
11900,'H:171:5:Saturday:1:26SEP:6',601,,29611,9,,,1,100,,29612,9,,,1,100,,29613,9,,,1,100,,29614,9,,,1,100,,29615,9,,,1,100,,29616,9,,,1,100,,29619,9,,,1,100,,29617,9,,,1,100,,29621,9,,,1,100,,29618,9,,,1,100,,29620,9,,,1,100,,29623,9,,,1,100,,29624,9,,,1,100,,29622,9,,,1,100,,29625,9,,,1,100,,29626,9,,,1
11900,'H:171:5:Saturday:2:26SEP:6',601,,29627,9,,,1,100,,29628,9,,,1,100,,29629,9,,,1,100,,29630,9,,,1,100,,29631,9,,,1,100,,29632,9,,,1,100,,29635,9,,,1,100,,29633,9,,,1,100,,29637,9,,,1,100,,29634,9,,,1,100,,29636,9,,,1,100,,29639,9,,,1,100,,29640,9,,,1,100,,29638,9,,,1,100,,29641,9,,,1,100,,29642,9,,,1
