27000,'H:123:0:Weekday:3:26MAR:12345',506,,24609,19,,,1,107,,24610,19,,,1,101,,24611,19,,,1,894,,24608,4,,,1,598,,24612,19,,,1
27000,'H:123:0:Weekday:4:26MAR:12345',506,,24614,19,,,1,107,,24615,19,,,1,101,,24616,19,,,1,894,,24613,4,,,1,598,,24617,19,,,1
27100,'H:113:6:Sunday:3:26MAR:1234567',734,,24626,33,,,1,100,,24627,33,,,1,101,,24637,33,,,1,101,,24628,33,,,1,100,,24629,33,,,1,102,,24630,33,,,1,100,,24631,33,,,1,101,,24632,33,,,1,100,,24639,33,,,1,100,,24633,33,,,1,98,,24634,33,,,1,100,,24635,33,,,1,100,,24636,33,,,1,98,,24638,33,,,1
27100,'H:123:0:Weekday:3:26MAR:12345',546,,24641,19,,,1,204,,24642,19,,,1,72,,24643,33,,,1,27,,24640,19,,,1,388,,24644,33,,,1,101,,24653,33,,,1,103,,24646,33,,,1,101,,24647,33,,,1,107,,24645,33,,,1,98,,24648,33,,,1,98,,24650,33,,,1,88,,24651,33,,,1,100,,24652,33,,,1,100,,24649,33,,,1
27100,'H:123:0:Weekday:4:26MAR:12345',546,,24655,19,,,1,204,,24656,19,,,1,72,,24657,33,,,1,27,,24654,19,,,1,388,,24658,33,,,1,101,,24667,33,,,1,103,,24660,33,,,1,101,,24661,33,,,1,107,,24659,33,,,1,98,,24662,33,,,1,98,,24664,33,,,1,88,,24665,33,,,1,100,,24666,33,,,1,100,,24663,33,,,1
27100,'H:173:5:Saturday:3:26MAR:6',735,,24677,33,,,1,100,,24669,33,,,1,102,,24678,33,,,1,101,,24670,33,,,1,101,,24676,33,,,1,100,,24668,33,,,1,100,,24675,33,,,1,100,,24671,33,,,1,100,,24679,33,,,1,99,,24672,33,,,1,100,,24674,33,,,1,98,,24673,33,,,1,99,,24680,33,,,1,100,,24681,33,,,1,100,,24682,33,,,1
27100,'KP:323:0:Weekday:3:26MAR:12345',648,,24685,19,,,1,290,,24683,33,,,1,100,,24686,33,,,1,99,,24684,33,,,1
27100,'KP:323:0:Weekday:4:26MAR:12345',648,,24689,19,,,1,290,,24687,33,,,1,100,,24690,33,,,1,99,,24688,33,,,1
90801,'H:123:0:Weekday:3:26MAR:12345',1619,,27062,15,,,1,95,,27064,15,,,1,197,,27063,15,,,1
90801,'H:123:0:Weekday:4:26MAR:12345',1619,,27065,15,,,1,95,,27067,15,,,1,197,,27066,15,,,1
90801,'KP:323:0:Weekday:3:26MAR:12345',1756,,27068,15,,,1,80,,27069,15,,,1
90801,'KP:323:0:Weekday:4:26MAR:12345',1756,,27070,15,,,1,80,,27071,15,,,1
