10901,'H:111:6:Sunday:3:26SEP:1234567',819,,36322,27,,,1,101,,36334,27,,,1,102,,36326,27,,,1,100,,36331,27,,,1,101,,36323,27,,,1,100,,36324,27,,,1,100,,36332,27,,,1,101,,36327,27,,,1,100,,36330,27,,,1,100,,36325,27,,,1,98,,36328,27,,,1,100,,36333,27,,,1,100,,36329,27,,,1,99,,36335,27,,,1
10901,'H:121:0:Weekday:3:26SEP:12345',518,,36337,27,,,1,102,,36347,27,,,1,105,,36348,27,,,1,99,,36351,27,,,1,100,,36353,27,,,1,99,,36343,27,,,1,100,,36346,27,,,1,91,,36342,27,,,1,103,,36341,27,,,1,96,,36352,27,,,1,100,,36345,27,,,1,103,,36340,27,,,1,102,,36350,27,,,1,100,,36344,27,,,1,98,,36349,27,,,1,106,,36338,27,,,1,109,,36339,27,,,1,99,,36336,27,,,1
10901,'H:171:5:Saturday:3:26SEP:6',720,,36354,27,,,1,102,,36367,27,,,1,100,,36360,27,,,1,101,,36365,27,,,1,100,,36356,27,,,1,101,,36355,27,,,1,102,,36368,27,,,1,100,,36359,27,,,1,100,,36363,27,,,1,100,,36357,27,,,1,100,,36358,27,,,1,99,,36366,27,,,1,98,,36361,27,,,1,100,,36364,27,,,1,99,,36362,27,,,1
27000,'H:121:0:Weekday:3:26SEP:12345',512,,38143,27,,,1,113,,38144,27,,,1,101,,38146,27,,,1,1497,,38145,27,,,1
27000,'KP:321:0:Weekday:3:26SEP:12345',1820,,38147,12,,,1
27100,'H:111:6:Sunday:3:26SEP:1234567',746,,38151,41,,,1,100,,38152,41,,,1,102,,38162,41,,,1,101,,38153,41,,,1,100,,38154,41,,,1,102,,38155,41,,,1,101,,38156,41,,,1,101,,38157,41,,,1,100,,38164,41,,,1,100,,38158,41,,,1,98,,38159,41,,,1,100,,38160,41,,,1,98,,38161,41,,,1,98,,38163,41,,,1
27100,'H:121:0:Weekday:3:26SEP:12345',659,,38174,27,,,1,142,,38165,27,,,1,104,,38166,41,,,1,101,,38167,41,,,1,101,,38175,41,,,1,199,,38168,41,,,1,204,,38169,41,,,1,200,,38170,41,,,1,193,,38171,41,,,1,198,,38172,41,,,1,100,,38173,41,,,1
27100,'H:171:5:Saturday:3:26SEP:6',747,,38185,41,,,1,100,,38177,41,,,1,104,,38186,41,,,1,101,,38178,41,,,1,101,,38184,41,,,1,100,,38176,41,,,1,100,,38183,41,,,1,100,,38179,41,,,1,100,,38187,41,,,1,99,,38180,41,,,1,99,,38182,41,,,1,98,,38181,41,,,1,99,,38188,41,,,1,100,,38189,41,,,1,100,,38190,41,,,1
27100,'KP:321:0:Weekday:3:26SEP:12345',551,,38196,27,,,1,284,,38191,41,,,1,371,,38192,41,,,1,201,,38193,41,,,1,206,,38195,41,,,1,195,,38194,41,,,1,193,,38197,41,,,1
90801,'H:121:0:Weekday:3:26SEP:12345',1847,,39784,24,,,1
90801,'KP:321:0:Weekday:3:26SEP:12345',1641,,39785,24,,,1,88,,39787,24,,,1,86,,39788,24,,,1,109,,39786,24,,,1
