10600,'H:113:6:Sunday:3:26MAR:1234567',710,,21790,33,,,1,101,,21777,33,,,1,102,,21778,33,,,1,100,,21779,33,,,1,101,,21780,33,,,1,100,,21781,33,,,1,101,,21782,33,,,1,101,,21783,33,,,1,100,,21785,33,,,1,98,,21784,33,,,1,100,,21786,33,,,1,100,,21787,33,,,1,99,,21788,33,,,1,99,,21789,33,,,1,100,,21791,33,,,1
10600,'H:123:0:Weekday:3:26MAR:12345',524,,21792,33,,,1,103,,21793,33,,,1,101,,21794,33,,,1,103,,21795,33,,,1,100,,21796,33,,,1,99,,21797,33,,,1,100,,21798,33,,,1,100,,21799,33,,,1,101,,21800,33,,,1,102,,21801,33,,,1,100,,21802,33,,,1,102,,21803,33,,,1,100,,21804,33,,,1,96,,21805,33,,,1,97,,21806,33,,,1,99,,21807,33,,,1,99,,21808,33,,,1
10600,'H:123:0:Weekday:4:26MAR:12345',524,,21809,33,,,1,103,,21810,33,,,1,101,,21811,33,,,1,103,,21812,33,,,1,100,,21813,33,,,1,99,,21814,33,,,1,100,,21815,33,,,1,100,,21816,33,,,1,101,,21817,33,,,1,102,,21818,33,,,1,100,,21819,33,,,1,102,,21820,33,,,1,100,,21821,33,,,1,96,,21822,33,,,1,97,,21823,33,,,1,99,,21824,33,,,1,99,,21825,33,,,1
10600,'H:173:5:Saturday:3:26MAR:6',609,,21839,33,,,1,100,,21840,33,,,1,102,,21826,33,,,1,101,,21827,33,,,1,102,,21828,33,,,1,101,,21829,33,,,1,100,,21830,33,,,1,101,,21831,33,,,1,100,,21833,33,,,1,100,,21834,33,,,1,99,,21836,33,,,1,100,,21832,33,,,1,100,,21837,33,,,1,99,,21838,33,,,1,99,,21835,33,,,1,98,,21841,33,,,1,100,,21842,33,,,1
12001,'H:113:6:Sunday:3:26MAR:1234567',738,,22997,31,,,1,100,,22987,31,,,1,100,,22985,31,,,1,100,,22988,31,,,1,101,,22996,31,,,1,100,,22986,31,,,1,100,,22991,31,,,1,100,,22989,31,,,1,100,,22992,31,,,1,100,,22990,31,,,1,100,,22994,31,,,1,100,,22995,31,,,1,99,,22993,31,,,1,100,,22984,31,,,1
12001,'H:123:0:Weekday:3:26MAR:12345',542,,23015,31,,,1,70,,23016,31,,,1,31,,22999,31,,,1,71,,23017,31,,,1,33,,23014,31,,,1,71,,23018,31,,,1,29,,23012,31,,,1,69,,23019,31,,,1,29,,23013,31,,,1,69,,23023,31,,,1,29,,23001,31,,,1,70,,23024,31,,,1,31,,23002,31,,,1,70,,23025,31,,,1,30,,23003,31,,,1,71,,23026,31,,,1,30,,23004,31,,,1,70,,23027,31,,,1,31,,23005,31,,,1,70,,23028,31,,,1,31,,23006,31,,,1,71,,23020,31,,,1,30,,22998,31,,,1,70,,23021,31,,,1,31,,23000,31,,,1,68,,23022,31,,,1,28,,23007,31,,,1,100,,23011,31,,,1,98,,23010,31,,,1,100,,23008,31,,,1,98,,23009,31,,,1
12001,'H:123:0:Weekday:4:26MAR:12345',542,,23046,31,,,1,70,,23047,31,,,1,31,,23030,31,,,1,71,,23048,31,,,1,33,,23045,31,,,1,71,,23049,31,,,1,29,,23043,31,,,1,69,,23050,31,,,1,29,,23044,31,,,1,69,,23054,31,,,1,29,,23032,31,,,1,70,,23055,31,,,1,31,,23033,31,,,1,70,,23056,31,,,1,30,,23034,31,,,1,71,,23057,31,,,1,30,,23035,31,,,1,70,,23058,31,,,1,31,,23036,31,,,1,70,,23059,31,,,1,31,,23037,31,,,1,71,,23051,31,,,1,30,,23029,31,,,1,70,,23052,31,,,1,31,,23031,31,,,1,68,,23053,31,,,1,28,,23038,31,,,1,100,,23042,31,,,1,98,,23041,31,,,1,100,,23039,31,,,1,98,,23040,31,,,1
12001,'H:173:5:Saturday:3:26MAR:6',638,,23060,31,,,1,100,,23061,31,,,1,100,,23062,31,,,1,101,,23065,31,,,1,100,,23073,31,,,1,100,,23069,31,,,1,100,,23071,31,,,1,100,,23074,31,,,1,100,,23072,31,,,1,101,,23064,31,,,1,100,,23070,31,,,1,100,,23066,31,,,1,100,,23068,31,,,1,99,,23063,31,,,1,100,,23075,31,,,1,100,,23067,31,,,1
12100,'H:113:6:Sunday:3:26MAR:1234567',709,,23076,15,,,1,101,,23077,15,,,1,102,,23078,15,,,1,100,,23079,15,,,1,101,,23080,15,,,1,100,,23081,15,,,1,101,,23082,15,,,1,100,,23083,15,,,1,100,,23084,15,,,1,99,,23085,15,,,1,100,,23086,15,,,1,100,,23087,15,,,1,99,,23088,15,,,1,100,,23089,15,,,1
12100,'H:123:0:Weekday:3:26MAR:12345',539,,23108,15,,,1,66,,23106,15,,,1,25,,23113,15,,,1,27,,23107,15,,,1,65,,23112,15,,,1,26,,23104,15,,,1,66,,23109,15,,,1,30,,23114,15,,,1,64,,23116,15,,,1,30,,23110,15,,,1,95,,23111,15,,,1,90,,23105,15,,,1,90,,23097,15,,,1,90,,23103,15,,,1,50,,23095,15,,,1,95,,23101,15,,,1,102,,23102,15,,,1,73,,23098,15,,,1,32,,23100,15,,,1,77,,23099,15,,,1,73,,23096,15,,,1,25,,23090,15,,,1,29,,23115,15,,,1,74,,23094,15,,,1,98,,23093,15,,,1,100,,23091,15,,,1,99,,23092,15,,,1
12100,'H:123:0:Weekday:4:26MAR:12345',539,,23135,15,,,1,66,,23133,15,,,1,25,,23140,15,,,1,27,,23134,15,,,1,65,,23139,15,,,1,26,,23131,15,,,1,66,,23136,15,,,1,30,,23141,15,,,1,64,,23143,15,,,1,30,,23137,15,,,1,95,,23138,15,,,1,90,,23132,15,,,1,90,,23124,15,,,1,90,,23130,15,,,1,50,,23122,15,,,1,95,,23128,15,,,1,102,,23129,15,,,1,73,,23125,15,,,1,32,,23127,15,,,1,77,,23126,15,,,1,73,,23123,15,,,1,25,,23117,15,,,1,29,,23142,15,,,1,74,,23121,15,,,1,98,,23120,15,,,1,100,,23118,15,,,1,99,,23119,15,,,1
12100,'H:173:5:Saturday:3:26MAR:6',609,,23145,15,,,1,100,,23146,15,,,1,102,,23147,15,,,1,101,,23144,15,,,1,100,,23148,15,,,1,101,,23149,15,,,1,100,,23150,15,,,1,100,,23151,15,,,1,100,,23152,15,,,1,101,,23153,15,,,1,100,,23154,15,,,1,100,,23155,15,,,1,99,,23156,15,,,1,100,,23157,15,,,1,99,,23158,15,,,1
12100,'KP:323:0:Weekday:3:26MAR:12345',1520,,23159,15,,,1
12100,'KP:323:0:Weekday:4:26MAR:12345',1520,,23160,15,,,1
12101,'H:113:6:Sunday:3:26MAR:1234567',712,,23161,16,,,1,100,,23162,16,,,1,101,,23163,16,,,1,100,,23164,16,,,1,100,,23165,16,,,1,100,,23166,16,,,1,100,,23167,16,,,1,100,,23169,16,,,1,100,,23170,16,,,1,100,,23171,16,,,1,100,,23168,16,,,1,99,,23172,16,,,1,100,,23173,16,,,1,99,,23174,16,,,1
12101,'H:123:0:Weekday:3:26MAR:12345',511,,23192,16,,,1,30,,23175,16,,,1,65,,23190,16,,,1,25,,23195,16,,,1,26,,23199,16,,,1,66,,23197,16,,,1,26,,23200,16,,,1,65,,23189,16,,,1,29,,23183,16,,,1,95,,23191,16,,,1,95,,23193,16,,,1,90,,23194,16,,,1,90,,23184,16,,,1,90,,23185,16,,,1,50,,23196,16,,,1,95,,23178,16,,,1,71,,23187,16,,,1,31,,23198,16,,,1,70,,23181,16,,,1,34,,23179,16,,,1,70,,23186,16,,,1,30,,23176,16,,,1,74,,23177,16,,,1,30,,23188,16,,,1,70,,23202,16,,,1,94,,23180,16,,,1,100,,23182,16,,,1,100,,23201,16,,,1
12101,'H:123:0:Weekday:4:26MAR:12345',511,,23220,16,,,1,30,,23203,16,,,1,65,,23218,16,,,1,25,,23223,16,,,1,26,,23227,16,,,1,66,,23225,16,,,1,26,,23228,16,,,1,65,,23217,16,,,1,29,,23211,16,,,1,95,,23219,16,,,1,95,,23221,16,,,1,90,,23222,16,,,1,90,,23212,16,,,1,90,,23213,16,,,1,50,,23224,16,,,1,95,,23206,16,,,1,71,,23215,16,,,1,31,,23226,16,,,1,70,,23209,16,,,1,34,,23207,16,,,1,70,,23214,16,,,1,30,,23204,16,,,1,74,,23205,16,,,1,30,,23216,16,,,1,70,,23230,16,,,1,94,,23208,16,,,1,100,,23210,16,,,1,100,,23229,16,,,1
12101,'H:173:5:Saturday:3:26MAR:6',611,,23231,16,,,1,100,,23232,16,,,1,102,,23233,16,,,1,100,,23234,16,,,1,100,,23235,16,,,1,100,,23236,16,,,1,100,,23237,16,,,1,100,,23238,16,,,1,100,,23239,16,,,1,100,,23240,16,,,1,100,,23241,16,,,1,100,,23242,16,,,1,100,,23243,16,,,1,100,,23244,16,,,1,99,,23245,16,,,1
