70200,'H:111:6:Sunday:1:26SEP:1234567',701,,33523,1,,,1,20,,33524,1,,,1,20,,33527,1,,,1,60,,33528,1,,,1,20,,33525,1,,,1,20,,33526,1,,,1,60,,33529,1,,,1,20,,33530,1,,,1,20,,33531,1,,,1,60,,33532,1,,,1,20,,33533,1,,,1,20,,33534,1,,,1,60,,33535,1,,,1,20,,33536,1,,,1,20,,33537,1,,,1,60,,33538,1,,,1,20,,33539,1,,,1,20,,33540,1,,,1,60,,33541,1,,,1,20,,33542,1,,,1,20,,33543,1,,,1,60,,33544,1,,,1,15,,33509,1,,,1,15,,33517,1,,,1,15,,33510,1,,,1,55,,33515,1,,,1,15,,33511,1,,,1,15,,33505,1,,,1,15,,33522,1,,,1,55,,33520,1,,,1,15,,33518,1,,,1,15,,33508,1,,,1,15,,33545,1,,,1,55,,33546,1,,,1,15,,33547,1,,,1,15,,33548,1,,,1,15,,33549,1,,,1,55,,33503,1,,,1,20,,33504,1,,,1,20,,33507,1,,,1,60,,33506,1,,,1,20,,33514,1,,,1,20,,33512,1,,,1,60,,33513,1,,,1,20,,33519,1,,,1,20,,33521,1,,,1,60,,33516,1,,,1,20,,33550,1,,,1
70200,'H:111:6:Sunday:2:26SEP:1234567',701,,33571,1,,,1,20,,33572,1,,,1,20,,33575,1,,,1,60,,33576,1,,,1,20,,33573,1,,,1,20,,33574,1,,,1,60,,33577,1,,,1,20,,33578,1,,,1,20,,33579,1,,,1,60,,33580,1,,,1,20,,33581,1,,,1,20,,33582,1,,,1,60,,33583,1,,,1,20,,33584,1,,,1,20,,33585,1,,,1,60,,33586,1,,,1,20,,33587,1,,,1,20,,33588,1,,,1,60,,33589,1,,,1,20,,33590,1,,,1,20,,33591,1,,,1,60,,33592,1,,,1,15,,33557,1,,,1,15,,33565,1,,,1,15,,33558,1,,,1,55,,33563,1,,,1,15,,33559,1,,,1,15,,33553,1,,,1,15,,33570,1,,,1,55,,33568,1,,,1,15,,33566,1,,,1,15,,33556,1,,,1,15,,33593,1,,,1,55,,33594,1,,,1,15,,33595,1,,,1,15,,33596,1,,,1,15,,33597,1,,,1,55,,33551,1,,,1,20,,33552,1,,,1,20,,33555,1,,,1,60,,33554,1,,,1,20,,33562,1,,,1,20,,33560,1,,,1,60,,33561,1,,,1,20,,33567,1,,,1,20,,33569,1,,,1,60,,33564,1,,,1,20,,33598,1,,,1
70200,'H:121:0:Weekday:1:26SEP:12345',406,,33657,1,,,1,15,,33658,1,,,1,15,,33659,1,,,1,15,,33660,1,,,1,55,,33661,1,,,1,15,,33662,1,,,1,14,,33663,1,,,1,15,,33664,1,,,1,9,,33665,1,,,1,50,,33666,1,,,1,10,,33667,1,,,1,10,,33668,1,,,1,10,,33669,1,,,1,10,,33670,1,,,1,10,,33671,1,,,1,50,,33672,1,,,1,10,,33673,1,,,1,10,,33674,1,,,1,10,,33675,1,,,1,10,,33676,1,,,1,10,,33677,1,,,1,50,,33678,1,,,1,10,,33679,1,,,1,10,,33680,1,,,1,10,,33681,1,,,1,10,,33682,1,,,1,10,,33683,1,,,1,50,,33684,1,,,1,10,,33685,1,,,1,10,,33686,1,,,1,10,,33687,1,,,1,10,,33688,1,,,1,10,,33689,1,,,1,50,,33690,1,,,1,10,,33691,1,,,1,10,,33692,1,,,1,10,,33693,1,,,1,10,,33694,1,,,1,10,,33695,1,,,1,50,,33610,1,,,1,10,,33605,1,,,1,10,,33636,1,,,1,10,,33654,1,,,1,10,,33622,1,,,1,10,,33604,1,,,1,50,,33637,1,,,1,10,,33655,1,,,1,10,,33634,1,,,1,10,,33652,1,,,1,10,,33611,1,,,1,9,,33645,1,,,1,50,,33614,1,,,1,10,,33621,1,,,1,9,,33600,1,,,1,10,,33628,1,,,1,10,,33647,1,,,1,10,,33623,1,,,1,50,,33643,1,,,1,10,,33629,1,,,1,10,,33648,1,,,1,10,,33608,1,,,1,10,,33624,1,,,1,10,,33599,1,,,1,50,,33641,1,,,1,10,,33616,1,,,1,10,,33631,1,,,1,10,,33650,1,,,1,10,,33627,1,,,1,10,,33612,1,,,1,50,,33613,1,,,1,10,,33646,1,,,1,10,,33602,1,,,1,10,,33635,1,,,1,11,,33653,1,,,1,10,,33633,1,,,1,50,,33651,1,,,1,10,,33619,1,,,1,10,,33640,1,,,1,10,,33639,1,,,1,10,,33625,1,,,1,10,,33601,1,,,1,50,,33603,1,,,1,11,,33617,1,,,1,10,,33606,1,,,1,10,,33626,1,,,1,10,,33607,1,,,1,57,,33615,1,,,1,15,,33642,1,,,1,15,,33618,1,,,1,15,,33644,1,,,1,55,,33620,1,,,1,15,,33638,1,,,1,15,,33656,1,,,1,15,,33630,1,,,1,60,,33649,1,,,1,20,,33609,1,,,1,20,,33632,1,,,1,60,,33696,1,,,1,30,,33697,1,,,1,70,,33698,1,,,1
70200,'H:121:0:Weekday:2:26SEP:12345',406,,33757,1,,,1,15,,33758,1,,,1,15,,33759,1,,,1,15,,33760,1,,,1,55,,33761,1,,,1,15,,33762,1,,,1,14,,33763,1,,,1,15,,33764,1,,,1,9,,33765,1,,,1,50,,33766,1,,,1,10,,33767,1,,,1,10,,33768,1,,,1,10,,33769,1,,,1,10,,33770,1,,,1,10,,33771,1,,,1,50,,33772,1,,,1,10,,33773,1,,,1,10,,33774,1,,,1,10,,33775,1,,,1,10,,33776,1,,,1,10,,33777,1,,,1,50,,33778,1,,,1,10,,33779,1,,,1,10,,33780,1,,,1,10,,33781,1,,,1,10,,33782,1,,,1,10,,33783,1,,,1,50,,33784,1,,,1,10,,33785,1,,,1,10,,33786,1,,,1,10,,33787,1,,,1,10,,33788,1,,,1,10,,33789,1,,,1,50,,33790,1,,,1,10,,33791,1,,,1,10,,33792,1,,,1,10,,33793,1,,,1,10,,33794,1,,,1,10,,33795,1,,,1,50,,33710,1,,,1,10,,33705,1,,,1,10,,33736,1,,,1,10,,33754,1,,,1,10,,33722,1,,,1,10,,33704,1,,,1,50,,33737,1,,,1,10,,33755,1,,,1,10,,33734,1,,,1,10,,33752,1,,,1,10,,33711,1,,,1,9,,33745,1,,,1,50,,33714,1,,,1,10,,33721,1,,,1,9,,33700,1,,,1,10,,33728,1,,,1,10,,33747,1,,,1,10,,33723,1,,,1,50,,33743,1,,,1,10,,33729,1,,,1,10,,33748,1,,,1,10,,33708,1,,,1,10,,33724,1,,,1,10,,33699,1,,,1,50,,33741,1,,,1,10,,33716,1,,,1,10,,33731,1,,,1,10,,33750,1,,,1,10,,33727,1,,,1,10,,33712,1,,,1,50,,33713,1,,,1,10,,33746,1,,,1,10,,33702,1,,,1,10,,33735,1,,,1,11,,33753,1,,,1,10,,33733,1,,,1,50,,33751,1,,,1,10,,33719,1,,,1,10,,33740,1,,,1,10,,33739,1,,,1,10,,33725,1,,,1,10,,33701,1,,,1,50,,33703,1,,,1,11,,33717,1,,,1,10,,33706,1,,,1,10,,33726,1,,,1,10,,33707,1,,,1,57,,33715,1,,,1,15,,33742,1,,,1,15,,33718,1,,,1,15,,33744,1,,,1,55,,33720,1,,,1,15,,33738,1,,,1,15,,33756,1,,,1,15,,33730,1,,,1,60,,33749,1,,,1,20,,33709,1,,,1,20,,33732,1,,,1,60,,33796,1,,,1,30,,33797,1,,,1,70,,33798,1,,,1
70200,'H:171:5:Saturday:1:26SEP:6',601,,33820,1,,,1,20,,33821,1,,,1,20,,33822,1,,,1,60,,33823,1,,,1,20,,33824,1,,,1,20,,33825,1,,,1,60,,33826,1,,,1,20,,33827,1,,,1,20,,33828,1,,,1,60,,33829,1,,,1,20,,33830,1,,,1,20,,33831,1,,,1,60,,33832,1,,,1,20,,33833,1,,,1,20,,33834,1,,,1,60,,33835,1,,,1,20,,33836,1,,,1,20,,33837,1,,,1,60,,33838,1,,,1,19,,33839,1,,,1,20,,33840,1,,,1,60,,33841,1,,,1,15,,33842,1,,,1,15,,33843,1,,,1,15,,33844,1,,,1,55,,33845,1,,,1,15,,33846,1,,,1,15,,33847,1,,,1,15,,33800,1,,,1,55,,33810,1,,,1,15,,33799,1,,,1,15,,33801,1,,,1,15,,33819,1,,,1,55,,33816,1,,,1,16,,33807,1,,,1,15,,33815,1,,,1,15,,33806,1,,,1,55,,33804,1,,,1,15,,33812,1,,,1,15,,33848,1,,,1,15,,33849,1,,,1,55,,33850,1,,,1,15,,33851,1,,,1,15,,33852,1,,,1,15,,33853,1,,,1,55,,33814,1,,,1,20,,33805,1,,,1,20,,33808,1,,,1,60,,33817,1,,,1,20,,33811,1,,,1,20,,33802,1,,,1,60,,33809,1,,,1,20,,33818,1,,,1,20,,33813,1,,,1,60,,33803,1,,,1
70200,'H:171:5:Saturday:2:26SEP:6',601,,33875,1,,,1,20,,33876,1,,,1,20,,33877,1,,,1,60,,33878,1,,,1,20,,33879,1,,,1,20,,33880,1,,,1,60,,33881,1,,,1,20,,33882,1,,,1,20,,33883,1,,,1,60,,33884,1,,,1,20,,33885,1,,,1,20,,33886,1,,,1,60,,33887,1,,,1,20,,33888,1,,,1,20,,33889,1,,,1,60,,33890,1,,,1,20,,33891,1,,,1,20,,33892,1,,,1,60,,33893,1,,,1,19,,33894,1,,,1,20,,33895,1,,,1,60,,33896,1,,,1,15,,33897,1,,,1,15,,33898,1,,,1,15,,33899,1,,,1,55,,33900,1,,,1,15,,33901,1,,,1,15,,33902,1,,,1,15,,33855,1,,,1,55,,33865,1,,,1,15,,33854,1,,,1,15,,33856,1,,,1,15,,33874,1,,,1,55,,33871,1,,,1,16,,33862,1,,,1,15,,33870,1,,,1,15,,33861,1,,,1,55,,33859,1,,,1,15,,33867,1,,,1,15,,33903,1,,,1,15,,33904,1,,,1,55,,33905,1,,,1,15,,33906,1,,,1,15,,33907,1,,,1,15,,33908,1,,,1,55,,33869,1,,,1,20,,33860,1,,,1,20,,33863,1,,,1,60,,33872,1,,,1,20,,33866,1,,,1,20,,33857,1,,,1,60,,33864,1,,,1,20,,33873,1,,,1,20,,33868,1,,,1,60,,33858,1,,,1
70201,'H:111:6:Sunday:1:26SEP:1234567',721,,33909,18,4,,1,20,,33910,18,4,,1,60,,33911,18,4,,1,20,,33912,18,4,,1,21,,33913,18,4,,1,60,,33914,18,4,,1,20,,33915,18,4,,1,20,,33916,18,4,,1,60,,33917,18,4,,1,20,,33918,18,4,,1,20,,33921,18,4,,1,60,,33922,18,4,,1,20,,33919,18,4,,1,20,,33920,18,4,,1,60,,33923,18,4,,1,21,,33924,18,4,,1,20,,33925,18,4,,1,60,,33926,18,4,,1,20,,33927,18,4,,1,20,,33928,18,4,,1,60,,33929,18,4,,1,15,,33957,18,4,,1,15,,33930,18,4,,1,15,,33931,18,4,,1,55,,33932,18,4,,1,15,,33933,18,4,,1,15,,33934,18,4,,1,15,,33935,18,4,,1,55,,33936,18,4,,1,15,,33937,18,4,,1,15,,33938,18,4,,1,15,,33939,18,4,,1,55,,33940,18,4,,1,15,,33951,18,4,,1,15,,33950,18,4,,1,15,,33952,18,4,,1,55,,33953,18,4,,1,20,,33954,18,4,,1,20,,33941,18,4,,1,60,,33942,18,4,,1,20,,33943,18,4,,1,20,,33944,18,4,,1,60,,33945,18,4,,1,20,,33946,18,4,,1,19,,33947,18,4,,1,60,,33948,18,4,,1,20,,33949,18,4,,1,20,,33955,18,4,,1,60,,33956,18,4,,1
70201,'H:111:6:Sunday:2:26SEP:1234567',721,,33958,18,4,,1,20,,33959,18,4,,1,60,,33960,18,4,,1,20,,33961,18,4,,1,21,,33962,18,4,,1,60,,33963,18,4,,1,20,,33964,18,4,,1,20,,33965,18,4,,1,60,,33966,18,4,,1,20,,33967,18,4,,1,20,,33970,18,4,,1,60,,33971,18,4,,1,20,,33968,18,4,,1,20,,33969,18,4,,1,60,,33972,18,4,,1,21,,33973,18,4,,1,20,,33974,18,4,,1,60,,33975,18,4,,1,20,,33976,18,4,,1,20,,33977,18,4,,1,60,,33978,18,4,,1,15,,34006,18,4,,1,15,,33979,18,4,,1,15,,33980,18,4,,1,55,,33981,18,4,,1,15,,33982,18,4,,1,15,,33983,18,4,,1,15,,33984,18,4,,1,55,,33985,18,4,,1,15,,33986,18,4,,1,15,,33987,18,4,,1,15,,33988,18,4,,1,55,,33989,18,4,,1,15,,34000,18,4,,1,15,,33999,18,4,,1,15,,34001,18,4,,1,55,,34002,18,4,,1,20,,34003,18,4,,1,20,,33990,18,4,,1,60,,33991,18,4,,1,20,,33992,18,4,,1,20,,33993,18,4,,1,60,,33994,18,4,,1,20,,33995,18,4,,1,19,,33996,18,4,,1,60,,33997,18,4,,1,20,,33998,18,4,,1,20,,34004,18,4,,1,60,,34005,18,4,,1
70201,'H:121:0:Weekday:1:26SEP:12345',442,,34007,18,4,,1,15,,34008,18,4,,1,55,,34009,18,4,,1,15,,34010,18,4,,1,16,,34011,18,4,,1,16,,34012,18,4,,1,55,,34013,18,4,,1,10,,34014,18,4,,1,7,,34015,18,4,,1,10,,34016,18,4,,1,11,,34017,18,4,,1,51,,34018,18,4,,1,10,,34019,18,4,,1,10,,34020,18,4,,1,10,,34021,18,4,,1,12,,34022,18,4,,1,10,,34023,18,4,,1,50,,34024,18,4,,1,10,,34025,18,4,,1,10,,34026,18,4,,1,10,,34027,18,4,,1,10,,34028,18,4,,1,10,,34029,18,4,,1,49,,34030,18,4,,1,9,,34031,18,4,,1,10,,34032,18,4,,1,10,,34033,18,4,,1,10,,34034,18,4,,1,10,,34035,18,4,,1,50,,34036,18,4,,1,9,,34037,18,4,,1,10,,34038,18,4,,1,10,,34039,18,4,,1,10,,34040,18,4,,1,10,,34041,18,4,,1,50,,34042,18,4,,1,10,,34043,18,4,,1,10,,34044,18,4,,1,10,,34045,18,4,,1,11,,34046,18,4,,1,10,,34047,18,4,,1,50,,34048,18,4,,1,10,,34049,18,4,,1,10,,34050,18,4,,1,10,,34051,18,4,,1,11,,34052,18,4,,1,10,,34053,18,4,,1,50,,34054,18,4,,1,10,,34055,18,4,,1,10,,34056,18,4,,1,10,,34057,18,4,,1,10,,34058,18,4,,1,10,,34059,18,4,,1,50,,34060,18,4,,1,10,,34061,18,4,,1,10,,34062,18,4,,1,10,,34063,18,4,,1,10,,34064,18,4,,1,10,,34065,18,4,,1,50,,34066,18,4,,1,10,,34067,18,4,,1,10,,34068,18,4,,1,10,,34069,18,4,,1,10,,34070,18,4,,1,10,,34071,18,4,,1,50,,34072,18,4,,1,10,,34073,18,4,,1,11,,34074,18,4,,1,10,,34075,18,4,,1,10,,34076,18,4,,1,10,,34077,18,4,,1,50,,34078,18,4,,1,10,,34079,18,4,,1,10,,34080,18,4,,1,10,,34081,18,4,,1,10,,34082,18,4,,1,9,,34083,18,4,,1,49,,34084,18,4,,1,10,,34085,18,4,,1,10,,34086,18,4,,1,10,,34087,18,4,,1,10,,34088,18,4,,1,10,,34089,18,4,,1,50,,34090,18,4,,1,9,,34091,18,4,,1,15,,34092,18,4,,1,17,,34093,18,4,,1,15,,34094,18,4,,1,55,,34095,18,4,,1,15,,34096,18,4,,1,15,,34097,18,4,,1,15,,34098,18,4,,1,54,,34099,18,4,,1,20,,34100,18,4,,1,20,,34101,18,4,,1,60,,34102,18,4,,1,19,,34103,18,4,,1,70,,34104,18,4,,1,30,,34106,18,4,,1,70,,34105,18,4,,1
70201,'H:121:0:Weekday:2:26SEP:12345',442,,34107,18,4,,1,15,,34108,18,4,,1,55,,34109,18,4,,1,15,,34110,18,4,,1,16,,34111,18,4,,1,16,,34112,18,4,,1,55,,34113,18,4,,1,10,,34114,18,4,,1,7,,34115,18,4,,1,10,,34116,18,4,,1,11,,34117,18,4,,1,51,,34118,18,4,,1,10,,34119,18,4,,1,10,,34120,18,4,,1,10,,34121,18,4,,1,12,,34122,18,4,,1,10,,34123,18,4,,1,50,,34124,18,4,,1,10,,34125,18,4,,1,10,,34126,18,4,,1,10,,34127,18,4,,1,10,,34128,18,4,,1,10,,34129,18,4,,1,49,,34130,18,4,,1,9,,34131,18,4,,1,10,,34132,18,4,,1,10,,34133,18,4,,1,10,,34134,18,4,,1,10,,34135,18,4,,1,50,,34136,18,4,,1,9,,34137,18,4,,1,10,,34138,18,4,,1,10,,34139,18,4,,1,10,,34140,18,4,,1,10,,34141,18,4,,1,50,,34142,18,4,,1,10,,34143,18,4,,1,10,,34144,18,4,,1,10,,34145,18,4,,1,11,,34146,18,4,,1,10,,34147,18,4,,1,50,,34148,18,4,,1,10,,34149,18,4,,1,10,,34150,18,4,,1,10,,34151,18,4,,1,11,,34152,18,4,,1,10,,34153,18,4,,1,50,,34154,18,4,,1,10,,34155,18,4,,1,10,,34156,18,4,,1,10,,34157,18,4,,1,10,,34158,18,4,,1,10,,34159,18,4,,1,50,,34160,18,4,,1,10,,34161,18,4,,1,10,,34162,18,4,,1,10,,34163,18,4,,1,10,,34164,18,4,,1,10,,34165,18,4,,1,50,,34166,18,4,,1,10,,34167,18,4,,1,10,,34168,18,4,,1,10,,34169,18,4,,1,10,,34170,18,4,,1,10,,34171,18,4,,1,50,,34172,18,4,,1,10,,34173,18,4,,1,11,,34174,18,4,,1,10,,34175,18,4,,1,10,,34176,18,4,,1,10,,34177,18,4,,1,50,,34178,18,4,,1,10,,34179,18,4,,1,10,,34180,18,4,,1,10,,34181,18,4,,1,10,,34182,18,4,,1,9,,34183,18,4,,1,49,,34184,18,4,,1,10,,34185,18,4,,1,10,,34186,18,4,,1,10,,34187,18,4,,1,10,,34188,18,4,,1,10,,34189,18,4,,1,50,,34190,18,4,,1,9,,34191,18,4,,1,15,,34192,18,4,,1,17,,34193,18,4,,1,15,,34194,18,4,,1,55,,34195,18,4,,1,15,,34196,18,4,,1,15,,34197,18,4,,1,15,,34198,18,4,,1,54,,34199,18,4,,1,20,,34200,18,4,,1,20,,34201,18,4,,1,60,,34202,18,4,,1,19,,34203,18,4,,1,70,,34204,18,4,,1,30,,34206,18,4,,1,70,,34205,18,4,,1
70201,'H:171:5:Saturday:1:26SEP:6',640,,34207,18,4,,1,60,,34208,18,4,,1,21,,34209,18,4,,1,20,,34210,18,4,,1,60,,34212,18,4,,1,20,,34213,18,4,,1,21,,34214,18,4,,1,60,,34211,18,4,,1,20,,34215,18,4,,1,20,,34216,18,4,,1,60,,34217,18,4,,1,20,,34218,18,4,,1,20,,34219,18,4,,1,60,,34220,18,4,,1,21,,34221,18,4,,1,20,,34222,18,4,,1,60,,34223,18,4,,1,20,,34224,18,4,,1,20,,34225,18,4,,1,60,,34226,18,4,,1,20,,34227,18,4,,1,15,,34228,18,4,,1,15,,34229,18,4,,1,55,,34230,18,4,,1,15,,34232,18,4,,1,15,,34233,18,4,,1,15,,34234,18,4,,1,55,,34231,18,4,,1,15,,34235,18,4,,1,15,,34236,18,4,,1,15,,34237,18,4,,1,55,,34238,18,4,,1,15,,34239,18,4,,1,15,,34240,18,4,,1,15,,34241,18,4,,1,55,,34242,18,4,,1,15,,34243,18,4,,1,15,,34244,18,4,,1,15,,34256,18,4,,1,55,,34257,18,4,,1,15,,34258,18,4,,1,14,,34259,18,4,,1,15,,34260,18,4,,1,55,,34261,18,4,,1,15,,34245,18,4,,1,20,,34246,18,4,,1,60,,34247,18,4,,1,20,,34248,18,4,,1,20,,34249,18,4,,1,60,,34250,18,4,,1,20,,34251,18,4,,1,20,,34252,18,4,,1,60,,34253,18,4,,1,20,,34254,18,4,,1,18,,34255,18,4,,1
70201,'H:171:5:Saturday:2:26SEP:6',640,,34262,18,4,,1,60,,34263,18,4,,1,21,,34264,18,4,,1,20,,34265,18,4,,1,60,,34267,18,4,,1,20,,34268,18,4,,1,21,,34269,18,4,,1,60,,34266,18,4,,1,20,,34270,18,4,,1,20,,34271,18,4,,1,60,,34272,18,4,,1,20,,34273,18,4,,1,20,,34274,18,4,,1,60,,34275,18,4,,1,21,,34276,18,4,,1,20,,34277,18,4,,1,60,,34278,18,4,,1,20,,34279,18,4,,1,20,,34280,18,4,,1,60,,34281,18,4,,1,20,,34282,18,4,,1,15,,34283,18,4,,1,15,,34284,18,4,,1,55,,34285,18,4,,1,15,,34287,18,4,,1,15,,34288,18,4,,1,15,,34289,18,4,,1,55,,34286,18,4,,1,15,,34290,18,4,,1,15,,34291,18,4,,1,15,,34292,18,4,,1,55,,34293,18,4,,1,15,,34294,18,4,,1,15,,34295,18,4,,1,15,,34296,18,4,,1,55,,34297,18,4,,1,15,,34298,18,4,,1,15,,34299,18,4,,1,15,,34311,18,4,,1,55,,34312,18,4,,1,15,,34313,18,4,,1,14,,34314,18,4,,1,15,,34315,18,4,,1,55,,34316,18,4,,1,15,,34300,18,4,,1,20,,34301,18,4,,1,60,,34302,18,4,,1,20,,34303,18,4,,1,20,,34304,18,4,,1,60,,34305,18,4,,1,20,,34306,18,4,,1,20,,34307,18,4,,1,60,,34308,18,4,,1,20,,34309,18,4,,1,18,,34310,18,4,,1
