28001,'H:111:6:Sunday:1:26SEP:1234567',737,,32450,3,,,1,100,,32449,3,,,1,100,,32451,3,,,1,100,,32460,3,,,1,100,,32452,3,,,1,100,,32453,3,,,1,100,,32454,3,,,1,100,,32455,3,,,1,100,,32456,3,,,1,100,,32461,3,,,1,100,,32458,3,,,1,100,,32457,3,,,1,100,,32459,3,,,1
28001,'H:111:6:Sunday:2:26SEP:1234567',737,,32463,3,,,1,100,,32462,3,,,1,100,,32464,3,,,1,100,,32473,3,,,1,100,,32465,3,,,1,100,,32466,3,,,1,100,,32467,3,,,1,100,,32468,3,,,1,100,,32469,3,,,1,100,,32474,3,,,1,100,,32471,3,,,1,100,,32470,3,,,1,100,,32472,3,,,1
28001,'H:121:0:Weekday:1:26SEP:12345',602,,32475,3,,,1,100,,32476,3,,,1,30,,32477,3,0,8 7,1,100,,32491,3,0,8 7,1,170,,32478,3,,,1,200,,32479,3,,,1,200,,32480,3,,,1,25,,32481,3,0,8 7,1,75,,32482,3,,,1,101,,32483,3,,,1,25,,32484,3,0,8 7,1,75,,32485,3,,,1,25,,32486,3,0,8 7,1,74,,32487,3,,,1,25,,32488,3,0,8 7,1,75,,32489,3,,,1,100,,32490,3,,,1
28001,'H:121:0:Weekday:2:26SEP:12345',602,,32492,3,,,1,100,,32493,3,,,1,30,,32494,3,0,8 7,1,100,,32508,3,0,8 7,1,170,,32495,3,,,1,200,,32496,3,,,1,200,,32497,3,,,1,25,,32498,3,0,8 7,1,75,,32499,3,,,1,101,,32500,3,,,1,25,,32501,3,0,8 7,1,75,,32502,3,,,1,25,,32503,3,0,8 7,1,74,,32504,3,,,1,25,,32505,3,0,8 7,1,75,,32506,3,,,1,100,,32507,3,,,1
28001,'H:171:5:Saturday:1:26SEP:6',737,,32517,3,,,1,100,,32509,3,,,1,100,,32520,3,,,1,100,,32515,3,,,1,100,,32518,3,,,1,100,,32516,3,,,1,100,,32514,3,,,1,100,,32511,3,,,1,100,,32513,3,,,1,100,,32510,3,,,1,100,,32512,3,,,1,100,,32519,3,,,1,100,,32521,3,,,1
28001,'H:171:5:Saturday:2:26SEP:6',737,,32530,3,,,1,100,,32522,3,,,1,100,,32533,3,,,1,100,,32528,3,,,1,100,,32531,3,,,1,100,,32529,3,,,1,100,,32527,3,,,1,100,,32524,3,,,1,100,,32526,3,,,1,100,,32523,3,,,1,100,,32525,3,,,1,100,,32532,3,,,1,100,,32534,3,,,1
28001,'KP:321:0:Weekday:1:26SEP:12345',802,,32538,3,,,1,100,,32535,3,,,1,200,,32539,3,,,1,200,,32536,3,,,1,226,,32537,3,0,8 7,1
28001,'KP:321:0:Weekday:2:26SEP:12345',802,,32543,3,,,1,100,,32540,3,,,1,200,,32544,3,,,1,200,,32541,3,,,1,226,,32542,3,0,8 7,1
90301,'H:121:0:Weekday:1:26SEP:12345',1641,,35267,3,,,1,70,,35268,3,,,1
90301,'H:121:0:Weekday:2:26SEP:12345',1641,,35269,3,,,1,70,,35270,3,,,1
90301,'KP:321:0:Weekday:1:26SEP:12345',1546,,35276,3,,,1,71,,35273,3,,,1,122,,35271,3,,,1,69,,35277,3,,,1,32,,35275,3,,,1,73,,35274,3,,,1,35,,35272,3,,,1
90301,'KP:321:0:Weekday:2:26SEP:12345',1546,,35283,3,,,1,71,,35280,3,,,1,122,,35278,3,,,1,69,,35284,3,,,1,32,,35282,3,,,1,73,,35281,3,,,1,35,,35279,3,,,1
