13000,'H:111:6:Sunday:1:26SEP:1234567',700,,30235,17,,,1,100,,30237,17,,,1,101,,30236,17,,,1,100,,30238,17,,,1,100,,30241,17,,,1,100,,30239,17,,,1,101,,30240,17,,,1,100,,30243,17,,,1,99,,30242,17,,,1,100,,30244,17,,,1,100,,30245,17,,,1,100,,30246,17,,,1,99,,30247,17,,,1,100,,30248,17,,,1,100,,30249,17,,,1
13000,'H:111:6:Sunday:2:26SEP:1234567',700,,30250,17,,,1,100,,30252,17,,,1,101,,30251,17,,,1,100,,30253,17,,,1,100,,30256,17,,,1,100,,30254,17,,,1,101,,30255,17,,,1,100,,30258,17,,,1,99,,30257,17,,,1,100,,30259,17,,,1,100,,30260,17,,,1,100,,30261,17,,,1,99,,30262,17,,,1,100,,30263,17,,,1,100,,30264,17,,,1
13000,'H:121:0:Weekday:1:26SEP:12345',530,,30284,17,,,1,70,,30287,17,,,1,30,,30273,17,,,1,70,,30288,17,,,1,31,,30265,17,,,1,70,,30275,17,,,1,30,,30266,17,,,1,70,,30289,17,,,1,30,,30274,17,,,1,70,,30291,17,,,1,30,,30283,17,,,1,70,,30292,17,,,1,30,,30280,17,,,1,70,,30293,17,,,1,30,,30281,17,,,1,70,,30294,17,,,1,30,,30282,17,,,1,70,,30295,17,,,1,30,,30279,17,,,1,71,,30296,17,,,1,30,,30267,17,,,1,70,,30285,17,,,1,30,,30277,17,,,1,70,,30276,17,,,1,30,,30268,17,,,1,70,,30278,17,,,1,29,,30269,17,,,1,70,,30290,17,,,1,30,,30270,17,,,1,99,,30271,17,,,1,100,,30272,17,,,1,100,,30286,17,,,1
13000,'H:121:0:Weekday:2:26SEP:12345',530,,30316,17,,,1,70,,30319,17,,,1,30,,30305,17,,,1,70,,30320,17,,,1,31,,30297,17,,,1,70,,30307,17,,,1,30,,30298,17,,,1,70,,30321,17,,,1,30,,30306,17,,,1,70,,30323,17,,,1,30,,30315,17,,,1,70,,30324,17,,,1,30,,30312,17,,,1,70,,30325,17,,,1,30,,30313,17,,,1,70,,30326,17,,,1,30,,30314,17,,,1,70,,30327,17,,,1,30,,30311,17,,,1,71,,30328,17,,,1,30,,30299,17,,,1,70,,30317,17,,,1,30,,30309,17,,,1,70,,30308,17,,,1,30,,30300,17,,,1,70,,30310,17,,,1,29,,30301,17,,,1,70,,30322,17,,,1,30,,30302,17,,,1,99,,30303,17,,,1,100,,30304,17,,,1,100,,30318,17,,,1
13000,'H:171:5:Saturday:1:26SEP:6',600,,30344,17,,,1,100,,30329,17,,,1,100,,30330,17,,,1,100,,30331,17,,,1,101,,30332,17,,,1,100,,30333,17,,,1,101,,30334,17,,,1,100,,30335,17,,,1,100,,30336,17,,,1,100,,30337,17,,,1,100,,30338,17,,,1,100,,30339,17,,,1,99,,30340,17,,,1,100,,30341,17,,,1,100,,30342,17,,,1,99,,30343,17,,,1,100,,30345,17,,,1
13000,'H:171:5:Saturday:2:26SEP:6',600,,30361,17,,,1,100,,30346,17,,,1,100,,30347,17,,,1,100,,30348,17,,,1,101,,30349,17,,,1,100,,30350,17,,,1,101,,30351,17,,,1,100,,30352,17,,,1,100,,30353,17,,,1,100,,30354,17,,,1,100,,30355,17,,,1,100,,30356,17,,,1,99,,30357,17,,,1,100,,30358,17,,,1,100,,30359,17,,,1,99,,30360,17,,,1,100,,30362,17,,,1
90900,'H:111:6:Sunday:1:26SEP:1234567',642,,35437,2,,,1,80,,35438,2,,,1,100,,35439,2,,,1,84,,35440,2,,,1,45,,35441,2,,,1,84,,35442,2,,,1,84,,35443,2,,,1,85,,35444,2,,,1,100,,35445,2,,,1,50,,35446,2,,,1,90,,35447,2,,,1,80,,35448,2,,,1,90,,35449,2,,,1,40,,35450,2,,,1,91,,35452,2,,,1,81,,35453,2,,,1,85,,35454,2,,,1,91,,35451,2,,,1,35,,35455,2,,,1,85,,35456,2,,,1,35,,35457,2,,,1
90900,'H:111:6:Sunday:2:26SEP:1234567',642,,35458,2,,,1,80,,35459,2,,,1,100,,35460,2,,,1,84,,35461,2,,,1,45,,35462,2,,,1,84,,35463,2,,,1,84,,35464,2,,,1,85,,35465,2,,,1,100,,35466,2,,,1,50,,35467,2,,,1,90,,35468,2,,,1,80,,35469,2,,,1,90,,35470,2,,,1,40,,35471,2,,,1,91,,35473,2,,,1,81,,35474,2,,,1,85,,35475,2,,,1,91,,35472,2,,,1,35,,35476,2,,,1,85,,35477,2,,,1,35,,35478,2,,,1
90900,'H:121:0:Weekday:1:26SEP:12345',543,,35479,2,,,1,99,,35480,2,,,1,80,,35481,2,,,1,99,,35482,2,,,1,129,,35483,2,,,1,84,,35484,2,,,1,86,,35485,2,,,1,84,,35486,2,,,1,100,,35487,2,,,1,50,,35488,2,,,1,89,,35489,2,,,1,79,,35490,2,,,1,89,,35491,2,,,1,40,,35492,2,,,1,90,,35493,2,,,1,82,,35494,2,,,1,86,,35495,2,,,1,92,,35496,2,,,1,35,,35497,2,,,1,121,,35498,2,,,1
90900,'H:121:0:Weekday:2:26SEP:12345',543,,35499,2,,,1,99,,35500,2,,,1,80,,35501,2,,,1,99,,35502,2,,,1,129,,35503,2,,,1,84,,35504,2,,,1,86,,35505,2,,,1,84,,35506,2,,,1,100,,35507,2,,,1,50,,35508,2,,,1,89,,35509,2,,,1,79,,35510,2,,,1,89,,35511,2,,,1,40,,35512,2,,,1,90,,35513,2,,,1,82,,35514,2,,,1,86,,35515,2,,,1,92,,35516,2,,,1,35,,35517,2,,,1,121,,35518,2,,,1
90900,'H:171:5:Saturday:1:26SEP:6',543,,35519,2,,,1,100,,35520,2,,,1,80,,35522,2,,,1,98,,35523,2,,,1,85,,35524,2,,,1,43,,35521,2,,,1,84,,35525,2,,,1,84,,35526,2,,,1,85,,35527,2,,,1,100,,35528,2,,,1,50,,35529,2,,,1,91,,35530,2,,,1,80,,35531,2,,,1,91,,35532,2,,,1,40,,35533,2,,,1,90,,35534,2,,,1,81,,35535,2,,,1,85,,35536,2,,,1,91,,35537,2,,,1,35,,35538,2,,,1,87,,35539,2,,,1,35,,35540,2,,,1,85,,35541,2,,,1
90900,'H:171:5:Saturday:2:26SEP:6',543,,35542,2,,,1,100,,35543,2,,,1,80,,35545,2,,,1,98,,35546,2,,,1,85,,35547,2,,,1,43,,35544,2,,,1,84,,35548,2,,,1,84,,35549,2,,,1,85,,35550,2,,,1,100,,35551,2,,,1,50,,35552,2,,,1,91,,35553,2,,,1,80,,35554,2,,,1,91,,35555,2,,,1,40,,35556,2,,,1,90,,35557,2,,,1,81,,35558,2,,,1,85,,35559,2,,,1,91,,35560,2,,,1,35,,35561,2,,,1,87,,35562,2,,,1,35,,35563,2,,,1,85,,35564,2,,,1
90900,'KP:321:0:Weekday:1:26SEP:12345',906,,35565,2,,,1
90900,'KP:321:0:Weekday:2:26SEP:12345',906,,35566,2,,,1
