10200,'H:111:6:Sunday:1:26SEP:1234567',732,,27569,25,,,1,70,,27584,25,,,1,31,,27570,25,,,1,70,,27585,25,,,1,31,,27571,25,,,1,70,,27586,25,,,1,30,,27572,25,,,1,70,,27587,25,,,1,31,,27573,25,,,1,70,,27588,25,,,1,30,,27574,25,,,1,71,,27589,25,,,1,30,,27575,25,,,1,70,,27590,25,,,1,30,,27576,25,,,1,70,,27591,25,,,1,30,,27577,25,,,1,70,,27592,25,,,1,30,,27579,25,,,1,69,,27593,25,,,1,30,,27580,25,,,1,70,,27594,25,,,1,29,,27581,25,,,1,70,,27595,25,,,1,29,,27578,25,,,1,100,,27582,25,,,1,100,,27583,25,,,1,100,,27596,25,,,1
10200,'H:111:6:Sunday:2:26SEP:1234567',732,,27597,25,,,1,70,,27612,25,,,1,31,,27598,25,,,1,70,,27613,25,,,1,31,,27599,25,,,1,70,,27614,25,,,1,30,,27600,25,,,1,70,,27615,25,,,1,31,,27601,25,,,1,70,,27616,25,,,1,30,,27602,25,,,1,71,,27617,25,,,1,30,,27603,25,,,1,70,,27618,25,,,1,30,,27604,25,,,1,70,,27619,25,,,1,30,,27605,25,,,1,70,,27620,25,,,1,30,,27607,25,,,1,69,,27621,25,,,1,30,,27608,25,,,1,70,,27622,25,,,1,29,,27609,25,,,1,70,,27623,25,,,1,29,,27606,25,,,1,100,,27610,25,,,1,100,,27611,25,,,1,100,,27624,25,,,1
10200,'H:121:0:Weekday:1:26SEP:12345',538,,27635,25,,,1,70,,27632,25,,,1,27,,27626,25,,,1,100,,27625,25,,,1,207,,27627,25,,,1,70,,27641,25,,,1,100,,27638,25,,,1,101,,27642,25,,,1,206,,27628,25,,,1,25,,27639,25,,,1,70,,27640,25,,,1,101,,27636,25,,,1,100,,27637,25,,,1,29,,27634,25,,,1,168,,27629,25,,,1,127,,27633,25,,,1,99,,27630,25,,,1,100,,27631,25,,,1
10200,'H:121:0:Weekday:2:26SEP:12345',538,,27653,25,,,1,70,,27650,25,,,1,27,,27644,25,,,1,100,,27643,25,,,1,207,,27645,25,,,1,70,,27659,25,,,1,100,,27656,25,,,1,101,,27660,25,,,1,206,,27646,25,,,1,25,,27657,25,,,1,70,,27658,25,,,1,101,,27654,25,,,1,100,,27655,25,,,1,29,,27652,25,,,1,168,,27647,25,,,1,127,,27651,25,,,1,99,,27648,25,,,1,100,,27649,25,,,1
10200,'H:171:5:Saturday:1:26SEP:6',633,,27665,25,,,1,70,,27666,25,,,1,30,,27667,25,,,1,70,,27668,25,,,1,31,,27669,25,,,1,69,,27670,25,,,1,32,,27671,25,,,1,71,,27672,25,,,1,30,,27673,25,,,1,72,,27674,25,,,1,30,,27675,25,,,1,70,,27676,25,,,1,30,,27677,25,,,1,69,,27678,25,,,1,30,,27680,25,,,1,70,,27681,25,,,1,30,,27683,25,,,1,69,,27679,25,,,1,31,,27684,25,,,1,70,,27685,25,,,1,30,,27682,25,,,1,69,,27686,25,,,1,30,,27687,25,,,1,70,,27688,25,,,1,29,,27689,25,,,1,70,,27690,25,,,1,30,,27662,25,,,1,99,,27664,25,,,1,99,,27663,25,,,1,100,,27661,25,,,1
10200,'H:171:5:Saturday:2:26SEP:6',633,,27695,25,,,1,70,,27696,25,,,1,30,,27697,25,,,1,70,,27698,25,,,1,31,,27699,25,,,1,69,,27700,25,,,1,32,,27701,25,,,1,71,,27702,25,,,1,30,,27703,25,,,1,72,,27704,25,,,1,30,,27705,25,,,1,70,,27706,25,,,1,30,,27707,25,,,1,69,,27708,25,,,1,30,,27710,25,,,1,70,,27711,25,,,1,30,,27713,25,,,1,69,,27709,25,,,1,31,,27714,25,,,1,70,,27715,25,,,1,30,,27712,25,,,1,69,,27716,25,,,1,30,,27717,25,,,1,70,,27718,25,,,1,29,,27719,25,,,1,70,,27720,25,,,1,30,,27692,25,,,1,99,,27694,25,,,1,99,,27693,25,,,1,100,,27691,25,,,1
10200,'KP:321:0:Weekday:1:26SEP:12345',705,,27727,25,,,1,100,,27728,25,,,1,37,,27732,25,,,1,70,,27729,25,,,1,130,,27734,25,,,1,100,,27721,25,,,1,101,,27722,25,,,1,70,,27733,25,,,1,30,,27723,25,,,1,201,,27724,25,,,1,101,,27731,25,,,1,169,,27730,25,,,1,29,,27726,25,,,1,97,,27725,25,,,1
10200,'KP:321:0:Weekday:2:26SEP:12345',705,,27741,25,,,1,100,,27742,25,,,1,37,,27746,25,,,1,70,,27743,25,,,1,130,,27748,25,,,1,100,,27735,25,,,1,101,,27736,25,,,1,70,,27747,25,,,1,30,,27737,25,,,1,201,,27738,25,,,1,101,,27745,25,,,1,169,,27744,25,,,1,29,,27740,25,,,1,97,,27739,25,,,1
13000,'H:111:6:Sunday:1:26SEP:1234567',722,,30235,49,,,1,101,,30237,49,,,1,102,,30236,49,,,1,102,,30238,49,,,1,101,,30241,49,,,1,100,,30239,49,,,1,102,,30240,49,,,1,100,,30243,49,,,1,99,,30242,49,,,1,100,,30244,49,,,1,100,,30245,49,,,1,98,,30246,49,,,1,98,,30247,49,,,1,98,,30248,49,,,1,100,,30249,49,,,1
13000,'H:111:6:Sunday:2:26SEP:1234567',722,,30250,49,,,1,101,,30252,49,,,1,102,,30251,49,,,1,102,,30253,49,,,1,101,,30256,49,,,1,100,,30254,49,,,1,102,,30255,49,,,1,100,,30258,49,,,1,99,,30257,49,,,1,100,,30259,49,,,1,100,,30260,49,,,1,98,,30261,49,,,1,98,,30262,49,,,1,98,,30263,49,,,1,100,,30264,49,,,1
13000,'H:121:0:Weekday:1:26SEP:12345',552,,30284,49,,,1,73,,30287,49,,,1,31,,30273,49,,,1,71,,30288,49,,,1,31,,30265,49,,,1,74,,30275,49,,,1,69,,30266,49,,,1,29,,30289,49,,,1,29,,30274,49,,,1,71,,30291,49,,,1,70,,30283,49,,,1,31,,30292,49,,,1,70,,30280,49,,,1,30,,30293,49,,,1,70,,30281,49,,,1,30,,30294,49,,,1,71,,30282,49,,,1,30,,30295,49,,,1,72,,30279,49,,,1,30,,30296,49,,,1,71,,30267,49,,,1,31,,30285,49,,,1,70,,30277,49,,,1,30,,30276,49,,,1,69,,30268,49,,,1,27,,30278,49,,,1,69,,30269,49,,,1,28,,30290,49,,,1,29,,30270,49,,,1,98,,30271,49,,,1,99,,30272,49,,,1,98,,30286,49,,,1
13000,'H:121:0:Weekday:2:26SEP:12345',552,,30316,49,,,1,73,,30319,49,,,1,31,,30305,49,,,1,71,,30320,49,,,1,31,,30297,49,,,1,74,,30307,49,,,1,69,,30298,49,,,1,29,,30321,49,,,1,29,,30306,49,,,1,71,,30323,49,,,1,70,,30315,49,,,1,31,,30324,49,,,1,70,,30312,49,,,1,30,,30325,49,,,1,70,,30313,49,,,1,30,,30326,49,,,1,71,,30314,49,,,1,30,,30327,49,,,1,72,,30311,49,,,1,30,,30328,49,,,1,71,,30299,49,,,1,31,,30317,49,,,1,70,,30309,49,,,1,30,,30308,49,,,1,69,,30300,49,,,1,27,,30310,49,,,1,69,,30301,49,,,1,28,,30322,49,,,1,29,,30302,49,,,1,98,,30303,49,,,1,99,,30304,49,,,1,98,,30318,49,,,1
13000,'H:171:5:Saturday:1:26SEP:6',621,,30344,49,,,1,101,,30329,49,,,1,103,,30330,49,,,1,101,,30331,49,,,1,101,,30332,49,,,1,103,,30333,49,,,1,102,,30334,49,,,1,100,,30335,49,,,1,100,,30336,49,,,1,100,,30337,49,,,1,99,,30338,49,,,1,99,,30339,49,,,1,99,,30340,49,,,1,98,,30341,49,,,1,99,,30342,49,,,1,97,,30343,49,,,1,99,,30345,49,,,1
13000,'H:171:5:Saturday:2:26SEP:6',621,,30361,49,,,1,101,,30346,49,,,1,103,,30347,49,,,1,101,,30348,49,,,1,101,,30349,49,,,1,103,,30350,49,,,1,102,,30351,49,,,1,100,,30352,49,,,1,100,,30353,49,,,1,100,,30354,49,,,1,99,,30355,49,,,1,99,,30356,49,,,1,99,,30357,49,,,1,98,,30358,49,,,1,99,,30359,49,,,1,97,,30360,49,,,1,99,,30362,49,,,1
16600,'H:111:6:Sunday:1:26SEP:1234567',724,,30491,57,,,1,102,,30492,57,,,1,102,,30493,57,,,1,101,,30494,57,,,1,100,,30495,57,,,1,101,,30496,57,,,1,101,,30497,57,,,1,100,,30498,57,,,1,100,,30499,57,,,1,100,,30500,57,,,1,99,,30501,57,,,1,99,,30502,57,,,1,99,,30503,57,,,1,99,,30504,57,,,1,99,,30505,57,,,1,99,,30506,57,,,1
16600,'H:111:6:Sunday:2:26SEP:1234567',724,,30507,57,,,1,102,,30508,57,,,1,102,,30509,57,,,1,101,,30510,57,,,1,100,,30511,57,,,1,101,,30512,57,,,1,101,,30513,57,,,1,100,,30514,57,,,1,100,,30515,57,,,1,100,,30516,57,,,1,99,,30517,57,,,1,99,,30518,57,,,1,99,,30519,57,,,1,99,,30520,57,,,1,99,,30521,57,,,1,99,,30522,57,,,1
16600,'H:121:0:Weekday:1:26SEP:12345',533,,30535,57,,,1,101,,30533,57,,,1,205,,30528,57,,,1,70,,30523,57,,,1,31,,30539,57,,,1,100,,30540,57,,,1,201,,30526,57,,,1,70,,30536,57,,,1,30,,30541,57,,,1,101,,30530,57,,,1,101,,30529,57,,,1,200,,30527,57,,,1,70,,30537,57,,,1,28,,30538,57,,,1,98,,30532,57,,,1,99,,30524,57,,,1,99,,30525,57,,,1,98,,30531,57,,,1,98,,30534,57,,,1
16600,'H:121:0:Weekday:2:26SEP:12345',533,,30554,57,,,1,101,,30552,57,,,1,205,,30547,57,,,1,70,,30542,57,,,1,31,,30558,57,,,1,100,,30559,57,,,1,201,,30545,57,,,1,70,,30555,57,,,1,30,,30560,57,,,1,101,,30549,57,,,1,101,,30548,57,,,1,200,,30546,57,,,1,70,,30556,57,,,1,28,,30557,57,,,1,98,,30551,57,,,1,99,,30543,57,,,1,99,,30544,57,,,1,98,,30550,57,,,1,98,,30553,57,,,1
16600,'H:171:5:Saturday:1:26SEP:6',626,,30561,57,,,1,101,,30562,57,,,1,101,,30564,57,,,1,102,,30565,57,,,1,103,,30566,57,,,1,100,,30563,57,,,1,100,,30567,57,,,1,100,,30569,57,,,1,100,,30570,57,,,1,100,,30574,57,,,1,100,,30572,57,,,1,100,,30575,57,,,1,99,,30573,57,,,1,98,,30571,57,,,1,99,,30576,57,,,1,99,,30568,57,,,1,98,,30577,57,,,1
16600,'H:171:5:Saturday:2:26SEP:6',626,,30578,57,,,1,101,,30579,57,,,1,101,,30581,57,,,1,102,,30582,57,,,1,103,,30583,57,,,1,100,,30580,57,,,1,100,,30584,57,,,1,100,,30586,57,,,1,100,,30587,57,,,1,100,,30591,57,,,1,100,,30589,57,,,1,100,,30592,57,,,1,99,,30590,57,,,1,98,,30588,57,,,1,99,,30593,57,,,1,99,,30585,57,,,1,98,,30594,57,,,1
16600,'KP:321:0:Weekday:1:26SEP:12345',604,,30603,57,,,1,103,,30602,57,,,1,32,,30605,57,,,1,69,,30599,57,,,1,202,,30598,57,,,1,100,,30597,57,,,1,31,,30609,57,,,1,70,,30596,57,,,1,201,,30608,57,,,1,101,,30606,57,,,1,100,,30607,57,,,1,30,,30604,57,,,1,70,,30601,57,,,1,198,,30595,57,,,1,98,,30600,57,,,1
16600,'KP:321:0:Weekday:2:26SEP:12345',604,,30618,57,,,1,103,,30617,57,,,1,32,,30620,57,,,1,69,,30614,57,,,1,202,,30613,57,,,1,100,,30612,57,,,1,31,,30624,57,,,1,70,,30611,57,,,1,201,,30623,57,,,1,101,,30621,57,,,1,100,,30622,57,,,1,30,,30619,57,,,1,70,,30616,57,,,1,198,,30610,57,,,1,98,,30615,57,,,1
90900,'H:111:6:Sunday:1:26SEP:1234567',658,,35437,21,,,1,80,,35438,21,,,1,100,,35439,21,,,1,85,,35440,21,,,1,85,,35441,21,,,1,45,,35442,21,,,1,85,,35443,21,,,1,85,,35444,21,,,1,100,,35445,21,,,1,90,,35446,21,,,1,90,,35447,21,,,1,40,,35448,21,,,1,90,,35449,21,,,1,80,,35450,21,,,1,90,,35452,21,,,1,40,,35453,21,,,1,85,,35454,21,,,1,90,,35451,21,,,1,35,,35455,21,,,1,85,,35456,21,,,1,75,,35457,21,,,1
90900,'H:111:6:Sunday:2:26SEP:1234567',658,,35458,21,,,1,80,,35459,21,,,1,100,,35460,21,,,1,85,,35461,21,,,1,85,,35462,21,,,1,45,,35463,21,,,1,85,,35464,21,,,1,85,,35465,21,,,1,100,,35466,21,,,1,90,,35467,21,,,1,90,,35468,21,,,1,40,,35469,21,,,1,90,,35470,21,,,1,80,,35471,21,,,1,90,,35473,21,,,1,40,,35474,21,,,1,85,,35475,21,,,1,90,,35472,21,,,1,35,,35476,21,,,1,85,,35477,21,,,1,75,,35478,21,,,1
90900,'H:121:0:Weekday:1:26SEP:12345',558,,35479,21,,,1,100,,35480,21,,,1,80,,35481,21,,,1,100,,35482,21,,,1,170,,35483,21,,,1,45,,35484,21,,,1,85,,35485,21,,,1,85,,35486,21,,,1,100,,35487,21,,,1,90,,35488,21,,,1,90,,35489,21,,,1,40,,35490,21,,,1,90,,35491,21,,,1,80,,35492,21,,,1,90,,35493,21,,,1,40,,35494,21,,,1,85,,35495,21,,,1,90,,35496,21,,,1,35,,35497,21,,,1,160,,35498,21,,,1
90900,'H:121:0:Weekday:2:26SEP:12345',558,,35499,21,,,1,100,,35500,21,,,1,80,,35501,21,,,1,100,,35502,21,,,1,170,,35503,21,,,1,45,,35504,21,,,1,85,,35505,21,,,1,85,,35506,21,,,1,100,,35507,21,,,1,90,,35508,21,,,1,90,,35509,21,,,1,40,,35510,21,,,1,90,,35511,21,,,1,80,,35512,21,,,1,90,,35513,21,,,1,40,,35514,21,,,1,85,,35515,21,,,1,90,,35516,21,,,1,35,,35517,21,,,1,160,,35518,21,,,1
90900,'H:171:5:Saturday:1:26SEP:6',558,,35519,21,,,1,100,,35520,21,,,1,80,,35522,21,,,1,100,,35523,21,,,1,86,,35524,21,,,1,84,,35521,21,,,1,45,,35525,21,,,1,85,,35526,21,,,1,85,,35527,21,,,1,100,,35528,21,,,1,90,,35529,21,,,1,90,,35530,21,,,1,40,,35531,21,,,1,90,,35532,21,,,1,80,,35533,21,,,1,90,,35534,21,,,1,40,,35535,21,,,1,85,,35536,21,,,1,90,,35537,21,,,1,35,,35538,21,,,1,85,,35539,21,,,1,75,,35540,21,,,1,45,,35541,21,,,1
90900,'H:171:5:Saturday:2:26SEP:6',558,,35542,21,,,1,100,,35543,21,,,1,80,,35545,21,,,1,100,,35546,21,,,1,86,,35547,21,,,1,84,,35544,21,,,1,45,,35548,21,,,1,85,,35549,21,,,1,85,,35550,21,,,1,100,,35551,21,,,1,90,,35552,21,,,1,90,,35553,21,,,1,40,,35554,21,,,1,90,,35555,21,,,1,80,,35556,21,,,1,90,,35557,21,,,1,40,,35558,21,,,1,85,,35559,21,,,1,90,,35560,21,,,1,35,,35561,21,,,1,85,,35562,21,,,1,75,,35563,21,,,1,45,,35564,21,,,1
90900,'KP:321:0:Weekday:1:26SEP:12345',924,,35565,21,,,1
90900,'KP:321:0:Weekday:2:26SEP:12345',924,,35566,21,,,1
