27001,'H:123:0:Weekday:3:26MAR:12345',548,,24620,18,,,1,161,,24618,18,0,5,1,1003,,24619,18,0,5,1
27001,'H:123:0:Weekday:4:26MAR:12345',548,,24623,18,,,1,161,,24621,18,0,5,1,1003,,24622,18,0,5,1
27001,'KP:323:0:Weekday:3:26MAR:12345',608,,24624,18,0,5,1
27001,'KP:323:0:Weekday:4:26MAR:12345',608,,24625,18,0,5,1
27101,'H:113:6:Sunday:3:26MAR:1234567',729,,24704,18,,,1,110,,24694,18,,,1,100,,24691,18,,,1,101,,24692,18,,,1,100,,24693,18,,,1,100,,24695,18,,,1,100,,24702,18,,,1,100,,24696,18,,,1,100,,24697,18,,,1,100,,24699,18,,,1,100,,24698,18,,,1,99,,24700,18,,,1,100,,24703,18,,,1,100,,24701,18,,,1
27101,'H:123:0:Weekday:3:26MAR:12345',640,,24705,18,,,1,400,,24706,18,,,1,100,,24717,18,,,1,102,,24707,18,,,1,100,,24709,18,,,1,101,,24708,18,,,1,101,,24710,18,,,1,100,,24715,18,,,1,98,,24711,18,,,1,99,,24712,18,,,1,99,,24713,18,,,1,98,,24716,18,,,1,100,,24714,18,,,1
27101,'H:123:0:Weekday:4:26MAR:12345',640,,24718,18,,,1,400,,24719,18,,,1,100,,24730,18,,,1,102,,24720,18,,,1,100,,24722,18,,,1,101,,24721,18,,,1,101,,24723,18,,,1,100,,24728,18,,,1,98,,24724,18,,,1,99,,24725,18,,,1,99,,24726,18,,,1,98,,24729,18,,,1,100,,24727,18,,,1
27101,'H:173:5:Saturday:3:26MAR:6',728,,24731,18,,,1,111,,24737,18,,,1,101,,24734,18,,,1,101,,24738,18,,,1,101,,24735,18,,,1,100,,24740,18,,,1,100,,24736,18,,,1,100,,24741,18,,,1,99,,24733,18,,,1,100,,24739,18,,,1,100,,24732,18,,,1,99,,24742,18,,,1,100,,24743,18,,,1,99,,24744,18,,,1,100,,24745,18,,,1
27101,'KP:323:0:Weekday:3:26MAR:12345',741,,24746,18,,,1,100,,24748,18,,,1,99,,24747,18,,,1
27101,'KP:323:0:Weekday:4:26MAR:12345',741,,24749,18,,,1,100,,24751,18,,,1,99,,24750,18,,,1
90800,'H:123:0:Weekday:3:26MAR:12345',441,,27052,12,,,1
90800,'H:123:0:Weekday:4:26MAR:12345',441,,27053,12,,,1
90800,'KP:323:0:Weekday:3:26MAR:12345',511,,27055,12,,,1,95,,27054,12,,,1,36,,27057,12,,,1,111,,27056,12,,,1
90800,'KP:323:0:Weekday:4:26MAR:12345',511,,27059,12,,,1,95,,27058,12,,,1,36,,27061,12,,,1,111,,27060,12,,,1
