10901,'H:111:6:Sunday:1:26SEP:1234567',751,,28503,3,,,1,100,,28515,3,,,1,100,,28507,3,,,1,100,,28512,3,,,1,100,,28504,3,,,1,100,,28505,3,,,1,100,,28513,3,,,1,100,,28508,3,,,1,100,,28511,3,,,1,100,,28506,3,,,1,100,,28509,3,,,1,100,,28514,3,,,1,100,,28510,3,,,1,100,,28516,3,,,1
10901,'H:111:6:Sunday:2:26SEP:1234567',751,,28517,3,,,1,100,,28529,3,,,1,100,,28521,3,,,1,100,,28526,3,,,1,100,,28518,3,,,1,100,,28519,3,,,1,100,,28527,3,,,1,100,,28522,3,,,1,100,,28525,3,,,1,100,,28520,3,,,1,100,,28523,3,,,1,100,,28528,3,,,1,100,,28524,3,,,1,100,,28530,3,,,1
10901,'H:121:0:Weekday:1:26SEP:12345',451,,28532,3,,,1,100,,28542,3,,,1,100,,28543,3,,,1,100,,28546,3,,,1,100,,28548,3,,,1,100,,28538,3,,,1,100,,28541,3,,,1,90,,28537,3,,,1,100,,28536,3,,,1,95,,28547,3,,,1,100,,28540,3,,,1,100,,28535,3,,,1,100,,28545,3,,,1,105,,28539,3,,,1,100,,28544,3,,,1,110,,28533,3,,,1,150,,28534,3,,,1,100,,28531,3,,,1
10901,'H:121:0:Weekday:2:26SEP:12345',451,,28550,3,,,1,100,,28560,3,,,1,100,,28561,3,,,1,100,,28564,3,,,1,100,,28566,3,,,1,100,,28556,3,,,1,100,,28559,3,,,1,90,,28555,3,,,1,100,,28554,3,,,1,95,,28565,3,,,1,100,,28558,3,,,1,100,,28553,3,,,1,100,,28563,3,,,1,105,,28557,3,,,1,100,,28562,3,,,1,110,,28551,3,,,1,150,,28552,3,,,1,100,,28549,3,,,1
10901,'H:171:5:Saturday:1:26SEP:6',651,,28567,3,,,1,100,,28580,3,,,1,100,,28573,3,,,1,100,,28578,3,,,1,100,,28569,3,,,1,100,,28568,3,,,1,100,,28581,3,,,1,100,,28572,3,,,1,100,,28576,3,,,1,100,,28570,3,,,1,100,,28571,3,,,1,100,,28579,3,,,1,100,,28574,3,,,1,100,,28577,3,,,1,100,,28575,3,,,1
10901,'H:171:5:Saturday:2:26SEP:6',651,,28582,3,,,1,100,,28595,3,,,1,100,,28588,3,,,1,100,,28593,3,,,1,100,,28584,3,,,1,100,,28583,3,,,1,100,,28596,3,,,1,100,,28587,3,,,1,100,,28591,3,,,1,100,,28585,3,,,1,100,,28586,3,,,1,100,,28594,3,,,1,100,,28589,3,,,1,100,,28592,3,,,1,100,,28590,3,,,1
20101,'H:111:6:Sunday:1:26SEP:1234567',711,,30923,4,,,1,100,,30909,4,,,1,100,,30911,4,,,1,89,,30912,4,,,1,40,,30914,4,,,1,80,,30915,4,,,1,80,,30913,4,,,1,39,,30910,4,,,1,80,,30917,4,,,1,40,,30918,4,,,1,80,,30919,4,,,1,80,,30920,4,,,1,40,,30916,4,,,1,80,,30924,4,,,1,80,,30925,4,,,1,40,,30926,4,,,1,80,,30927,4,,,1,80,,30928,4,,,1,90,,30921,4,,,1,100,,30922,4,,,1
20101,'H:111:6:Sunday:2:26SEP:1234567',711,,30943,4,,,1,100,,30929,4,,,1,100,,30931,4,,,1,89,,30932,4,,,1,40,,30934,4,,,1,80,,30935,4,,,1,80,,30933,4,,,1,39,,30930,4,,,1,80,,30937,4,,,1,40,,30938,4,,,1,80,,30939,4,,,1,80,,30940,4,,,1,40,,30936,4,,,1,80,,30944,4,,,1,80,,30945,4,,,1,40,,30946,4,,,1,80,,30947,4,,,1,80,,30948,4,,,1,90,,30941,4,,,1,100,,30942,4,,,1
20101,'H:121:0:Weekday:1:26SEP:12345',534,,30952,4,,,1,219,,30966,4,,,1,70,,30962,4,,,1,430,,30963,4,,,1,98,,30960,4,,,1,68,,30965,4,,,1,129,,30961,4,,,1,100,,30955,4,,,1,71,,30956,4,,,1,31,,30964,4,,,1,70,,30954,4,,,1,32,,30953,4,,,1,71,,30949,4,,,1,30,,30951,4,,,1,71,,30950,4,,,1,30,,30958,4,,,1,70,,30959,4,,,1,30,,30957,4,,,1
20101,'H:121:0:Weekday:2:26SEP:12345',534,,30970,4,,,1,219,,30984,4,,,1,70,,30980,4,,,1,430,,30981,4,,,1,98,,30978,4,,,1,68,,30983,4,,,1,129,,30979,4,,,1,100,,30973,4,,,1,71,,30974,4,,,1,31,,30982,4,,,1,70,,30972,4,,,1,32,,30971,4,,,1,71,,30967,4,,,1,30,,30969,4,,,1,71,,30968,4,,,1,30,,30976,4,,,1,70,,30977,4,,,1,30,,30975,4,,,1
20101,'H:171:5:Saturday:1:26SEP:6',711,,30991,4,,,1,99,,30985,4,,,1,99,,30986,4,,,1,50,,30997,4,,,1,80,,30990,4,,,1,80,,30987,4,,,1,39,,30988,4,,,1,80,,30999,4,,,1,80,,30993,4,,,1,40,,30989,4,,,1,80,,30992,4,,,1,80,,30998,4,,,1,40,,30995,4,,,1,80,,31001,4,,,1,80,,31002,4,,,1,40,,31003,4,,,1,80,,31004,4,,,1,80,,31005,4,,,1,90,,30996,4,,,1,101,,30994,4,,,1,100,,31000,4,,,1
20101,'H:171:5:Saturday:2:26SEP:6',711,,31012,4,,,1,99,,31006,4,,,1,99,,31007,4,,,1,50,,31018,4,,,1,80,,31011,4,,,1,80,,31008,4,,,1,39,,31009,4,,,1,80,,31020,4,,,1,80,,31014,4,,,1,40,,31010,4,,,1,80,,31013,4,,,1,80,,31019,4,,,1,40,,31016,4,,,1,80,,31022,4,,,1,80,,31023,4,,,1,40,,31024,4,,,1,80,,31025,4,,,1,80,,31026,4,,,1,90,,31017,4,,,1,101,,31015,4,,,1,100,,31021,4,,,1
20101,'KP:321:0:Weekday:1:26SEP:12345',614,,31027,4,,,1,39,,31028,4,,,1,70,,31035,4,,,1,131,,31036,4,,,1,70,,31037,4,,,1,30,,31038,4,,,1,70,,31039,4,,,1,30,,31033,4,,,1,70,,31041,4,,,1,30,,31040,4,,,1,70,,31029,4,,,1,99,,31032,4,,,1,126,,31031,4,,,1,69,,31034,4,,,1,100,,31030,4,,,1
20101,'KP:321:0:Weekday:2:26SEP:12345',614,,31042,4,,,1,39,,31043,4,,,1,70,,31050,4,,,1,131,,31051,4,,,1,70,,31052,4,,,1,30,,31053,4,,,1,70,,31054,4,,,1,30,,31048,4,,,1,70,,31056,4,,,1,30,,31055,4,,,1,70,,31044,4,,,1,99,,31047,4,,,1,126,,31046,4,,,1,69,,31049,4,,,1,100,,31045,4,,,1
20201,'H:111:6:Sunday:1:26SEP:1234567',621,,31238,4,,,1,120,,31219,4,,,1,100,,31220,4,,,1,99,,31222,4,,,1,80,,31223,4,,,1,80,,31221,4,,,1,40,,31225,4,,,1,79,,31224,4,,,1,40,,31226,4,,,1,80,,31227,4,,,1,80,,31228,4,,,1,40,,31230,4,,,1,80,,31229,4,,,1,80,,31231,4,,,1,40,,31233,4,,,1,80,,31234,4,,,1,80,,31235,4,,,1,40,,31236,4,,,1,80,,31237,4,,,1,100,,31232,4,,,1,102,,31239,4,,,1
20201,'H:111:6:Sunday:2:26SEP:1234567',621,,31259,4,,,1,120,,31240,4,,,1,100,,31241,4,,,1,99,,31243,4,,,1,80,,31244,4,,,1,80,,31242,4,,,1,40,,31246,4,,,1,79,,31245,4,,,1,40,,31247,4,,,1,80,,31248,4,,,1,80,,31249,4,,,1,40,,31251,4,,,1,80,,31250,4,,,1,80,,31252,4,,,1,40,,31254,4,,,1,80,,31255,4,,,1,80,,31256,4,,,1,40,,31257,4,,,1,80,,31258,4,,,1,100,,31253,4,,,1,102,,31260,4,,,1
20201,'H:121:0:Weekday:1:26SEP:12345',436,,31278,4,,,1,198,,31269,4,,,1,74,,31275,4,,,1,30,,31280,4,,,1,201,,31276,4,,,1,70,,31277,4,,,1,30,,31274,4,,,1,70,,31279,4,,,1,228,,31273,4,,,1,97,,31266,4,,,1,169,,31265,4,,,1,100,,31267,4,,,1,102,,31268,4,,,1,103,,31264,4,,,1,30,,31262,4,,,1,70,,31261,4,,,1,31,,31270,4,,,1,70,,31271,4,,,1,30,,31272,4,,,1,91,,31263,4,,,1
20201,'H:121:0:Weekday:2:26SEP:12345',436,,31298,4,,,1,198,,31289,4,,,1,74,,31295,4,,,1,30,,31300,4,,,1,201,,31296,4,,,1,70,,31297,4,,,1,30,,31294,4,,,1,70,,31299,4,,,1,228,,31293,4,,,1,97,,31286,4,,,1,169,,31285,4,,,1,100,,31287,4,,,1,102,,31288,4,,,1,103,,31284,4,,,1,30,,31282,4,,,1,70,,31281,4,,,1,31,,31290,4,,,1,70,,31291,4,,,1,30,,31292,4,,,1,91,,31283,4,,,1
20201,'H:171:5:Saturday:1:26SEP:6',551,,31322,4,,,1,70,,31315,4,,,1,120,,31306,4,,,1,98,,31308,4,,,1,100,,31314,4,,,1,80,,31303,4,,,1,40,,31302,4,,,1,79,,31311,4,,,1,80,,31312,4,,,1,40,,31304,4,,,1,80,,31301,4,,,1,80,,31305,4,,,1,40,,31307,4,,,1,80,,31309,4,,,1,80,,31310,4,,,1,40,,31317,4,,,1,80,,31318,4,,,1,80,,31319,4,,,1,40,,31320,4,,,1,80,,31321,4,,,1,100,,31313,4,,,1,101,,31316,4,,,1,101,,31323,4,,,1
20201,'H:171:5:Saturday:2:26SEP:6',551,,31345,4,,,1,70,,31338,4,,,1,120,,31329,4,,,1,98,,31331,4,,,1,100,,31337,4,,,1,80,,31326,4,,,1,40,,31325,4,,,1,79,,31334,4,,,1,80,,31335,4,,,1,40,,31327,4,,,1,80,,31324,4,,,1,80,,31328,4,,,1,40,,31330,4,,,1,80,,31332,4,,,1,80,,31333,4,,,1,40,,31340,4,,,1,80,,31341,4,,,1,80,,31342,4,,,1,40,,31343,4,,,1,80,,31344,4,,,1,100,,31336,4,,,1,101,,31339,4,,,1,101,,31346,4,,,1
20201,'KP:321:0:Weekday:1:26SEP:12345',515,,31347,4,,,1,39,,31355,4,,,1,254,,31356,4,,,1,30,,31357,4,,,1,71,,31360,4,,,1,230,,31358,4,,,1,70,,31359,4,,,1,30,,31361,4,,,1,69,,31348,4,,,1,97,,31353,4,,,1,98,,31354,4,,,1,30,,31349,4,,,1,100,,31350,4,,,1,102,,31351,4,,,1,102,,31352,4,,,1
20201,'KP:321:0:Weekday:2:26SEP:12345',515,,31362,4,,,1,39,,31370,4,,,1,254,,31371,4,,,1,30,,31372,4,,,1,71,,31375,4,,,1,230,,31373,4,,,1,70,,31374,4,,,1,30,,31376,4,,,1,69,,31363,4,,,1,97,,31368,4,,,1,98,,31369,4,,,1,30,,31364,4,,,1,100,,31365,4,,,1,102,,31366,4,,,1,102,,31367,4,,,1
