20900,'H:111:6:Sunday:1:26SEP:1234567',816,,31385,24,,,1,101,,31379,24,,,1,100,,31377,24,,,1,101,,31389,24,,,1,102,,31381,24,,,1,102,,31387,24,,,1,100,,31378,24,,,1,102,,31380,24,,,1,101,,31388,24,,,1,100,,31383,24,,,1,99,,31384,24,,,1,97,,31382,24,,,1,100,,31386,24,,,1
20900,'H:111:6:Sunday:2:26SEP:1234567',816,,31398,24,,,1,101,,31392,24,,,1,100,,31390,24,,,1,101,,31402,24,,,1,102,,31394,24,,,1,102,,31400,24,,,1,100,,31391,24,,,1,102,,31393,24,,,1,101,,31401,24,,,1,100,,31396,24,,,1,99,,31397,24,,,1,97,,31395,24,,,1,100,,31399,24,,,1
20900,'H:121:0:Weekday:1:26SEP:12345',621,,31415,24,,,1,101,,31416,24,,,1,100,,31418,24,,,1,100,,31417,24,,,1,100,,31414,24,,,1,101,,31410,24,,,1,103,,31408,24,,,1,98,,31412,24,,,1,100,,31406,24,,,1,100,,31411,24,,,1,100,,31413,24,,,1,100,,31405,24,,,1,100,,31407,24,,,1,99,,31409,24,,,1,100,,31403,24,,,1,98,,31404,24,,,1,97,,31419,24,,,1
20900,'H:121:0:Weekday:2:26SEP:12345',621,,31432,24,,,1,101,,31433,24,,,1,100,,31435,24,,,1,100,,31434,24,,,1,100,,31431,24,,,1,101,,31427,24,,,1,103,,31425,24,,,1,98,,31429,24,,,1,100,,31423,24,,,1,100,,31428,24,,,1,100,,31430,24,,,1,100,,31422,24,,,1,100,,31424,24,,,1,99,,31426,24,,,1,100,,31420,24,,,1,98,,31421,24,,,1,97,,31436,24,,,1
20900,'H:171:5:Saturday:1:26SEP:6',717,,31446,24,,,1,100,,31439,24,,,1,102,,31437,24,,,1,102,,31449,24,,,1,100,,31442,24,,,1,103,,31448,24,,,1,100,,31440,24,,,1,101,,31438,24,,,1,101,,31451,24,,,1,101,,31443,24,,,1,99,,31447,24,,,1,98,,31441,24,,,1,98,,31444,24,,,1,99,,31450,24,,,1,99,,31445,24,,,1
20900,'H:171:5:Saturday:2:26SEP:6',717,,31461,24,,,1,100,,31454,24,,,1,102,,31452,24,,,1,102,,31464,24,,,1,100,,31457,24,,,1,103,,31463,24,,,1,100,,31455,24,,,1,101,,31453,24,,,1,101,,31466,24,,,1,101,,31458,24,,,1,99,,31462,24,,,1,98,,31456,24,,,1,98,,31459,24,,,1,99,,31465,24,,,1,99,,31460,24,,,1
22200,'H:111:6:Sunday:1:26SEP:1234567',733,,31765,12,,,1,90,,31764,12,,,1,90,,31756,12,,,1,90,,31751,12,,,1,50,,31754,12,,,1,90,,31760,12,,,1,91,,31752,12,,,1,90,,31757,12,,,1,90,,31759,12,,,1,90,,31753,12,,,1,50,,31755,12,,,1,90,,31761,12,,,1,90,,31762,12,,,1,90,,31758,12,,,1,89,,31763,12,,,1
22200,'H:111:6:Sunday:2:26SEP:1234567',733,,31780,12,,,1,90,,31779,12,,,1,90,,31771,12,,,1,90,,31766,12,,,1,50,,31769,12,,,1,90,,31775,12,,,1,91,,31767,12,,,1,90,,31772,12,,,1,90,,31774,12,,,1,90,,31768,12,,,1,50,,31770,12,,,1,90,,31776,12,,,1,90,,31777,12,,,1,90,,31773,12,,,1,89,,31778,12,,,1
22200,'H:121:0:Weekday:1:26SEP:12345',624,,31783,12,,,1,80,,31781,12,,,1,55,,31784,12,,,1,95,,31782,12,,,1,90,,31785,12,,,1,90,,31787,12,,,1,91,,31788,12,,,1,90,,31789,12,,,1,90,,31786,12,,,1,50,,31791,12,,,1,90,,31792,12,,,1,91,,31793,12,,,1,90,,31790,12,,,1,89,,31794,12,,,1,89,,31796,12,,,1,50,,31797,12,,,1,90,,31795,12,,,1
22200,'H:121:0:Weekday:2:26SEP:12345',624,,31800,12,,,1,80,,31798,12,,,1,55,,31801,12,,,1,95,,31799,12,,,1,90,,31802,12,,,1,90,,31804,12,,,1,91,,31805,12,,,1,90,,31806,12,,,1,90,,31803,12,,,1,50,,31808,12,,,1,90,,31809,12,,,1,91,,31810,12,,,1,90,,31807,12,,,1,89,,31811,12,,,1,89,,31813,12,,,1,50,,31814,12,,,1,90,,31812,12,,,1
22200,'H:171:5:Saturday:1:26SEP:6',553,,31829,12,,,1,90,,31815,12,,,1,90,,31816,12,,,1,90,,31826,12,,,1,90,,31830,12,,,1,91,,31831,12,,,1,50,,31822,12,,,1,90,,31817,12,,,1,91,,31818,12,,,1,90,,31825,12,,,1,90,,31824,12,,,1,90,,31827,12,,,1,50,,31821,12,,,1,90,,31823,12,,,1,89,,31828,12,,,1,89,,31819,12,,,1,90,,31820,12,,,1,45,,31832,12,,,1
22200,'H:171:5:Saturday:2:26SEP:6',553,,31847,12,,,1,90,,31833,12,,,1,90,,31834,12,,,1,90,,31844,12,,,1,90,,31848,12,,,1,91,,31849,12,,,1,50,,31840,12,,,1,90,,31835,12,,,1,91,,31836,12,,,1,90,,31843,12,,,1,90,,31842,12,,,1,90,,31845,12,,,1,50,,31839,12,,,1,90,,31841,12,,,1,89,,31846,12,,,1,89,,31837,12,,,1,90,,31838,12,,,1,45,,31850,12,,,1
