27001,'H:121:0:Weekday:1:26SEP:12345',540,,32157,17,,,1,61,,32156,17,0,5,1,100,,32155,17,0,5,1
27001,'H:121:0:Weekday:2:26SEP:12345',540,,32160,17,,,1,61,,32159,17,0,5,1,100,,32158,17,0,5,1
27101,'H:111:6:Sunday:1:26SEP:1234567',721,,32268,17,,,1,110,,32258,17,,,1,100,,32255,17,,,1,100,,32256,17,,,1,100,,32257,17,,,1,100,,32259,17,,,1,100,,32266,17,,,1,100,,32260,17,,,1,100,,32261,17,,,1,100,,32263,17,,,1,100,,32262,17,,,1,100,,32264,17,,,1,100,,32267,17,,,1,100,,32265,17,,,1
27101,'H:111:6:Sunday:2:26SEP:1234567',721,,32282,17,,,1,110,,32272,17,,,1,100,,32269,17,,,1,100,,32270,17,,,1,100,,32271,17,,,1,100,,32273,17,,,1,100,,32280,17,,,1,100,,32274,17,,,1,100,,32275,17,,,1,100,,32277,17,,,1,100,,32276,17,,,1,100,,32278,17,,,1,100,,32281,17,,,1,100,,32279,17,,,1
27101,'H:121:0:Weekday:1:26SEP:12345',631,,32283,17,,,1,100,,32284,17,,,1,100,,32293,17,,,1,200,,32285,17,,,1,201,,32286,17,,,1,201,,32287,17,,,1,200,,32288,17,,,1,199,,32289,17,,,1,100,,32290,17,,,1,99,,32291,17,,,1,100,,32292,17,,,1
27101,'H:121:0:Weekday:2:26SEP:12345',631,,32294,17,,,1,100,,32295,17,,,1,100,,32304,17,,,1,200,,32296,17,,,1,201,,32297,17,,,1,201,,32298,17,,,1,200,,32299,17,,,1,199,,32300,17,,,1,100,,32301,17,,,1,99,,32302,17,,,1,100,,32303,17,,,1
27101,'H:171:5:Saturday:1:26SEP:6',721,,32305,17,,,1,110,,32311,17,,,1,100,,32308,17,,,1,101,,32312,17,,,1,100,,32309,17,,,1,100,,32314,17,,,1,100,,32310,17,,,1,100,,32315,17,,,1,100,,32307,17,,,1,100,,32313,17,,,1,100,,32306,17,,,1,99,,32316,17,,,1,100,,32317,17,,,1,100,,32318,17,,,1,100,,32319,17,,,1
27101,'H:171:5:Saturday:2:26SEP:6',721,,32320,17,,,1,110,,32326,17,,,1,100,,32323,17,,,1,101,,32327,17,,,1,100,,32324,17,,,1,100,,32329,17,,,1,100,,32325,17,,,1,100,,32330,17,,,1,100,,32322,17,,,1,100,,32328,17,,,1,100,,32321,17,,,1,99,,32331,17,,,1,100,,32332,17,,,1,100,,32333,17,,,1,100,,32334,17,,,1
27101,'KP:321:0:Weekday:1:26SEP:12345',931,,32335,17,,,1,200,,32336,17,,,1,201,,32339,17,,,1,201,,32337,17,,,1,171,,32338,17,0,5,1,29,,32340,17,,,1
27101,'KP:321:0:Weekday:2:26SEP:12345',931,,32341,17,,,1,200,,32342,17,,,1,201,,32345,17,,,1,201,,32343,17,,,1,171,,32344,17,0,5,1,29,,32346,17,,,1
90800,'H:121:0:Weekday:1:26SEP:12345',434,,35418,11,,,1,125,,35417,11,,,1
90800,'H:121:0:Weekday:2:26SEP:12345',434,,35420,11,,,1,125,,35419,11,,,1
90800,'KP:321:0:Weekday:1:26SEP:12345',504,,35423,11,,,1,130,,35422,11,,,1,110,,35421,11,,,1
90800,'KP:321:0:Weekday:2:26SEP:12345',504,,35426,11,,,1,130,,35425,11,,,1,110,,35424,11,,,1
