10201,'H:111:6:Sunday:3:26SEP:1234567',649,,35946,2,,,1,70,,35961,2,,,1,30,,35945,2,,,1,70,,35960,2,,,1,30,,35948,2,,,1,69,,35962,2,,,1,30,,35949,2,,,1,69,,35964,2,,,1,30,,35947,2,,,1,69,,35965,2,,,1,30,,35950,2,,,1,70,,35966,2,,,1,30,,35951,2,,,1,70,,35963,2,,,1,30,,35952,2,,,1,70,,35967,2,,,1,30,,35953,2,,,1,68,,35968,2,,,1,30,,35954,2,,,1,70,,35969,2,,,1,30,,35955,2,,,1,71,,35970,2,,,1,31,,35956,2,,,1,71,,35971,2,,,1,30,,35957,2,,,1,101,,35958,2,,,1,100,,35959,2,,,1,100,,35972,2,,,1
10201,'H:121:0:Weekday:3:26SEP:12345',449,,35982,2,,,1,98,,35973,2,,,1,98,,35975,2,,,1,100,,35974,2,,,1,99,,35976,2,,,1,70,,35987,2,,,1,100,,35988,2,,,1,99,,35989,2,,,1,199,,35977,2,,,1,30,,35986,2,,,1,69,,35985,2,,,1,99,,35983,2,,,1,108,,35984,2,,,1,200,,35980,2,,,1,228,,35978,2,,,1,101,,35981,2,,,1,100,,35979,2,,,1
10201,'H:171:5:Saturday:3:26SEP:6',549,,35990,2,,,1,70,,35991,2,,,1,29,,35992,2,,,1,70,,35993,2,,,1,30,,35995,2,,,1,69,,35996,2,,,1,29,,35997,2,,,1,70,,35994,2,,,1,29,,36000,2,,,1,69,,36001,2,,,1,30,,36002,2,,,1,70,,35998,2,,,1,30,,35999,2,,,1,70,,36003,2,,,1,30,,36004,2,,,1,69,,36005,2,,,1,30,,36006,2,,,1,70,,36007,2,,,1,30,,36008,2,,,1,70,,36009,2,,,1,30,,36010,2,,,1,70,,36011,2,,,1,30,,36012,2,,,1,71,,36013,2,,,1,30,,36014,2,,,1,71,,36015,2,,,1,30,,36016,2,,,1,100,,36017,2,,,1,101,,36018,2,,,1,100,,36019,2,,,1,101,,36020,2,,,1
10201,'KP:321:0:Weekday:3:26SEP:12345',519,,36022,2,,,1,97,,36029,2,,,1,99,,36030,2,,,1,99,,36031,2,,,1,130,,36035,2,,,1,100,,36023,2,,,1,99,,36024,2,,,1,69,,36036,2,,,1,30,,36025,2,,,1,198,,36028,2,,,1,100,,36033,2,,,1,101,,36034,2,,,1,70,,36032,2,,,1,38,,36027,2,,,1,95,,36021,2,,,1,100,,36026,2,,,1
13001,'H:111:6:Sunday:3:26SEP:1234567',649,,37266,4,,,1,99,,37252,4,,,1,98,,37253,4,,,1,98,,37254,4,,,1,99,,37255,4,,,1,104,,37256,4,,,1,99,,37257,4,,,1,98,,37258,4,,,1,99,,37259,4,,,1,100,,37260,4,,,1,102,,37261,4,,,1,100,,37263,4,,,1,98,,37262,4,,,1,97,,37264,4,,,1,101,,37265,4,,,1
13001,'H:121:0:Weekday:3:26SEP:12345',434,,37289,4,,,1,68,,37291,4,,,1,29,,37274,4,,,1,27,,37292,4,,,1,69,,37275,4,,,1,28,,37268,4,,,1,70,,37276,4,,,1,29,,37270,4,,,1,71,,37277,4,,,1,30,,37293,4,,,1,71,,37267,4,,,1,30,,37294,4,,,1,69,,37285,4,,,1,29,,37295,4,,,1,70,,37283,4,,,1,30,,37296,4,,,1,69,,37281,4,,,1,30,,37297,4,,,1,69,,37282,4,,,1,30,,37298,4,,,1,68,,37284,4,,,1,29,,37279,4,,,1,68,,37288,4,,,1,31,,37280,4,,,1,71,,37287,4,,,1,30,,37269,4,,,1,71,,37278,4,,,1,30,,37271,4,,,1,73,,37286,4,,,1,103,,37272,4,,,1,107,,37273,4,,,1,97,,37290,4,,,1
13001,'H:171:5:Saturday:3:26SEP:6',549,,37315,4,,,1,100,,37299,4,,,1,99,,37300,4,,,1,95,,37301,4,,,1,99,,37302,4,,,1,98,,37303,4,,,1,103,,37304,4,,,1,100,,37305,4,,,1,100,,37306,4,,,1,100,,37307,4,,,1,100,,37308,4,,,1,100,,37309,4,,,1,101,,37310,4,,,1,98,,37311,4,,,1,96,,37312,4,,,1,101,,37313,4,,,1,101,,37314,4,,,1
16601,'H:111:6:Sunday:3:26SEP:1234567',654,,37383,2,,,1,99,,37384,2,,,1,99,,37385,2,,,1,98,,37386,2,,,1,100,,37387,2,,,1,100,,37388,2,,,1,100,,37389,2,,,1,100,,37390,2,,,1,100,,37391,2,,,1,100,,37392,2,,,1,100,,37394,2,,,1,100,,37396,2,,,1,100,,37393,2,,,1,102,,37397,2,,,1,100,,37395,2,,,1
16601,'H:121:0:Weekday:3:26SEP:12345',600,,37406,2,,,1,30,,37403,2,,,1,29,,37417,2,,,1,98,,37410,2,,,1,199,,37407,2,,,1,70,,37413,2,,,1,100,,37414,2,,,1,100,,37411,2,,,1,198,,37401,2,,,1,30,,37415,2,,,1,70,,37412,2,,,1,100,,37404,2,,,1,100,,37400,2,,,1,32,,37408,2,,,1,70,,37416,2,,,1,101,,37399,2,,,1,30,,37398,2,,,1,102,,37402,2,,,1,141,,37405,2,,,1,101,,37409,2,,,1
16601,'H:171:5:Saturday:3:26SEP:6',553,,37420,2,,,1,100,,37418,2,,,1,99,,37419,2,,,1,98,,37422,2,,,1,100,,37425,2,,,1,99,,37421,2,,,1,98,,37426,2,,,1,100,,37424,2,,,1,100,,37423,2,,,1,100,,37428,2,,,1,100,,37429,2,,,1,101,,37430,2,,,1,101,,37427,2,,,1,100,,37431,2,,,1,101,,37432,2,,,1,101,,37433,2,,,1,101,,37434,2,,,1
16601,'KP:321:0:Weekday:3:26SEP:12345',501,,37439,2,,,1,29,,37444,2,,,1,198,,37437,2,,,1,98,,37436,2,,,1,30,,37447,2,,,1,70,,37435,2,,,1,130,,37448,2,,,1,100,,37440,2,,,1,100,,37441,2,,,1,69,,37445,2,,,1,30,,37442,2,,,1,199,,37443,2,,,1,100,,37446,2,,,1,202,,37438,2,,,1
90901,'H:111:6:Sunday:3:26SEP:1234567',706,,39854,4,,,1,40,,39855,4,,,1,90,,39856,4,,,1,85,,39858,4,,,1,95,,39860,4,,,1,90,,39861,4,,,1,45,,39857,4,,,1,85,,39862,4,,,1,90,,39859,4,,,1,85,,39863,4,,,1,100,,39864,4,,,1,40,,39865,4,,,1,90,,39866,4,,,1,80,,39867,4,,,1,90,,39868,4,,,1,45,,39869,4,,,1,85,,39870,4,,,1,85,,39871,4,,,1,75,,39872,4,,,1,50,,39873,4,,,1
90901,'H:121:0:Weekday:3:26SEP:12345',526,,39874,4,,,1,85,,39875,4,,,1,95,,39876,4,,,1,40,,39877,4,,,1,175,,39878,4,,,1,95,,39879,4,,,1,90,,39880,4,,,1,45,,39881,4,,,1,85,,39882,4,,,1,90,,39883,4,,,1,85,,39884,4,,,1,100,,39885,4,,,1,40,,39886,4,,,1,90,,39887,4,,,1,80,,39888,4,,,1,90,,39889,4,,,1,45,,39890,4,,,1,85,,39891,4,,,1,85,,39892,4,,,1,75,,39893,4,,,1,120,,39894,4,,,1
90901,'H:171:5:Saturday:3:26SEP:6',526,,39895,4,,,1,85,,39896,4,,,1,95,,39897,4,,,1,40,,39898,4,,,1,90,,39899,4,,,1,85,,39901,4,,,1,95,,39902,4,,,1,90,,39903,4,,,1,46,,39900,4,,,1,85,,39904,4,,,1,90,,39905,4,,,1,85,,39906,4,,,1,100,,39907,4,,,1,39,,39908,4,,,1,90,,39909,4,,,1,80,,39910,4,,,1,90,,39911,4,,,1,45,,39912,4,,,1,85,,39913,4,,,1,85,,39914,4,,,1,75,,39915,4,,,1,50,,39916,4,,,1,70,,39917,4,,,1
90901,'KP:321:0:Weekday:3:26SEP:12345',836,,39918,4,,,1
