10901,'H:111:6:Sunday:3:26SEP:1234567',750,,36322,1,,,1,100,,36334,1,,,1,100,,36326,1,,,1,100,,36331,1,,,1,100,,36323,1,,,1,100,,36324,1,,,1,100,,36332,1,,,1,100,,36327,1,,,1,100,,36330,1,,,1,100,,36325,1,,,1,100,,36328,1,,,1,100,,36333,1,,,1,100,,36329,1,,,1,100,,36335,1,,,1
10901,'H:121:0:Weekday:3:26SEP:12345',450,,36337,1,,,1,100,,36347,1,,,1,100,,36348,1,,,1,100,,36351,1,,,1,100,,36353,1,,,1,100,,36343,1,,,1,100,,36346,1,,,1,90,,36342,1,,,1,100,,36341,1,,,1,95,,36352,1,,,1,100,,36345,1,,,1,100,,36340,1,,,1,100,,36350,1,,,1,105,,36344,1,,,1,100,,36349,1,,,1,110,,36338,1,,,1,150,,36339,1,,,1,100,,36336,1,,,1
10901,'H:171:5:Saturday:3:26SEP:6',650,,36354,1,,,1,100,,36367,1,,,1,100,,36360,1,,,1,100,,36365,1,,,1,100,,36356,1,,,1,100,,36355,1,,,1,100,,36368,1,,,1,100,,36359,1,,,1,100,,36363,1,,,1,100,,36357,1,,,1,100,,36358,1,,,1,100,,36366,1,,,1,100,,36361,1,,,1,100,,36364,1,,,1,100,,36362,1,,,1
11200,'H:111:6:Sunday:3:26SEP:1234567',655,,36373,1,,,1,70,,36388,1,,,1,29,,36374,1,,,1,70,,36389,1,,,1,29,,36375,1,,,1,69,,36390,1,,,1,30,,36376,1,,,1,70,,36391,1,,,1,30,,36379,1,,,1,69,,36392,1,,,1,30,,36380,1,,,1,70,,36393,1,,,1,30,,36382,1,,,1,70,,36394,1,,,1,30,,36378,1,,,1,70,,36395,1,,,1,30,,36377,1,,,1,70,,36396,1,,,1,30,,36383,1,,,1,70,,36397,1,,,1,30,,36381,1,,,1,70,,36398,1,,,1,31,,36384,1,,,1,100,,36385,1,,,1,101,,36386,1,,,1,100,,36387,1,,,1
11200,'H:121:0:Weekday:3:26SEP:12345',502,,36416,1,,,1,30,,36417,1,,,1,69,,36400,1,,,1,29,,36436,1,,,1,70,,36402,1,,,1,20,,36426,1,,,1,20,,36431,1,,,1,19,,36401,1,,,1,59,,36428,1,,,1,20,,36432,1,,,1,20,,36399,1,,,1,71,,36425,1,,,1,30,,36403,1,,,1,70,,36418,1,,,1,30,,36404,1,,,1,70,,36420,1,,,1,30,,36405,1,,,1,69,,36422,1,,,1,29,,36406,1,,,1,70,,36421,1,,,1,30,,36407,1,,,1,60,,36424,1,,,1,20,,36433,1,,,1,19,,36408,1,,,1,60,,36429,1,,,1,20,,36434,1,,,1,20,,36411,1,,,1,59,,36427,1,,,1,20,,36435,1,,,1,20,,36412,1,,,1,70,,36430,1,,,1,30,,36409,1,,,1,72,,36419,1,,,1,30,,36410,1,,,1,72,,36423,1,,,1,71,,36413,1,,,1,101,,36414,1,,,1,100,,36415,1,,,1
11200,'H:171:5:Saturday:3:26SEP:6',654,,36440,1,,,1,70,,36460,1,,,1,30,,36442,1,,,1,70,,36459,1,,,1,29,,36439,1,,,1,69,,36457,1,,,1,30,,36437,1,,,1,70,,36463,1,,,1,30,,36441,1,,,1,69,,36461,1,,,1,30,,36443,1,,,1,70,,36456,1,,,1,29,,36444,1,,,1,70,,36452,1,,,1,30,,36446,1,,,1,70,,36455,1,,,1,30,,36448,1,,,1,70,,36462,1,,,1,30,,36445,1,,,1,70,,36458,1,,,1,30,,36449,1,,,1,71,,36453,1,,,1,30,,36447,1,,,1,70,,36454,1,,,1,30,,36450,1,,,1,101,,36451,1,,,1,101,,36438,1,,,1
11900,'H:111:6:Sunday:3:26SEP:1234567',755,,36843,1,,,1,100,,36834,1,,,1,100,,36836,1,,,1,100,,36838,1,,,1,100,,36844,1,,,1,100,,36839,1,,,1,100,,36840,1,,,1,100,,36837,1,,,1,100,,36842,1,,,1,100,,36835,1,,,1,100,,36845,1,,,1,100,,36841,1,,,1,100,,36846,1,,,1
11900,'H:121:0:Weekday:3:26SEP:12345',555,,36857,1,,,1,70,,36863,1,,,1,20,,36852,1,,,1,80,,36864,1,,,1,30,,36849,1,,,1,70,,36865,1,,,1,30,,36848,1,,,1,70,,36869,1,,,1,30,,36860,1,,,1,70,,36870,1,,,1,30,,36861,1,,,1,70,,36871,1,,,1,30,,36858,1,,,1,70,,36872,1,,,1,30,,36859,1,,,1,70,,36873,1,,,1,30,,36862,1,,,1,70,,36874,1,,,1,30,,36856,1,,,1,70,,36868,1,,,1,30,,36850,1,,,1,70,,36866,1,,,1,30,,36853,1,,,1,70,,36867,1,,,1,30,,36855,1,,,1,100,,36854,1,,,1,100,,36847,1,,,1,100,,36851,1,,,1,100,,36875,1,,,1
11900,'H:171:5:Saturday:3:26SEP:6',555,,36876,1,,,1,100,,36877,1,,,1,100,,36878,1,,,1,100,,36879,1,,,1,100,,36880,1,,,1,100,,36881,1,,,1,100,,36884,1,,,1,100,,36882,1,,,1,100,,36886,1,,,1,100,,36883,1,,,1,100,,36885,1,,,1,100,,36888,1,,,1,100,,36889,1,,,1,100,,36887,1,,,1,100,,36890,1,,,1,100,,36891,1,,,1
12100,'H:111:6:Sunday:3:26SEP:1234567',655,,37074,1,,,1,100,,37075,1,,,1,100,,37076,1,,,1,100,,37077,1,,,1,100,,37078,1,,,1,100,,37079,1,,,1,100,,37080,1,,,1,100,,37081,1,,,1,100,,37082,1,,,1,100,,37083,1,,,1,100,,37084,1,,,1,100,,37085,1,,,1,100,,37086,1,,,1,100,,37087,1,,,1
12100,'H:121:0:Weekday:3:26SEP:12345',525,,37106,1,,,1,25,,37104,1,,,1,65,,37111,1,,,1,25,,37105,1,,,1,65,,37110,1,,,1,25,,37102,1,,,1,25,,37107,1,,,1,70,,37112,1,,,1,25,,37114,1,,,1,70,,37108,1,,,1,95,,37109,1,,,1,90,,37103,1,,,1,50,,37095,1,,,1,90,,37101,1,,,1,90,,37093,1,,,1,95,,37099,1,,,1,70,,37115,1,,,1,30,,37100,1,,,1,70,,37096,1,,,1,30,,37098,1,,,1,75,,37097,1,,,1,35,,37094,1,,,1,70,,37088,1,,,1,30,,37113,1,,,1,75,,37092,1,,,1,100,,37091,1,,,1,100,,37089,1,,,1,100,,37090,1,,,1
12100,'H:171:5:Saturday:3:26SEP:6',555,,37117,1,,,1,100,,37118,1,,,1,100,,37119,1,,,1,100,,37116,1,,,1,100,,37120,1,,,1,100,,37121,1,,,1,100,,37122,1,,,1,100,,37123,1,,,1,100,,37124,1,,,1,100,,37125,1,,,1,100,,37126,1,,,1,100,,37127,1,,,1,100,,37128,1,,,1,100,,37129,1,,,1,100,,37130,1,,,1
16600,'H:111:6:Sunday:3:26SEP:1234567',653,,37316,27,,,1,98,,37317,27,,,1,99,,37318,27,,,1,98,,37319,27,,,1,98,,37320,27,,,1,98,,37321,27,,,1,99,,37322,27,,,1,99,,37323,27,,,1,100,,37324,27,,,1,101,,37325,27,,,1,101,,37326,27,,,1,102,,37327,27,,,1,101,,37328,27,,,1,101,,37329,27,,,1,101,,37330,27,,,1,101,,37331,27,,,1
16600,'H:121:0:Weekday:3:26SEP:12345',500,,37344,27,,,1,57,,37342,27,,,1,198,,37337,27,,,1,70,,37332,27,,,1,30,,37348,27,,,1,99,,37349,27,,,1,199,,37335,27,,,1,68,,37345,27,,,1,30,,37350,27,,,1,100,,37339,27,,,1,99,,37338,27,,,1,197,,37336,27,,,1,70,,37346,27,,,1,32,,37347,27,,,1,102,,37341,27,,,1,104,,37333,27,,,1,100,,37334,27,,,1,102,,37340,27,,,1,102,,37343,27,,,1
16600,'H:171:5:Saturday:3:26SEP:6',553,,37351,27,,,1,99,,37352,27,,,1,98,,37354,27,,,1,99,,37355,27,,,1,96,,37356,27,,,1,100,,37353,27,,,1,98,,37357,27,,,1,98,,37359,27,,,1,99,,37360,27,,,1,99,,37364,27,,,1,101,,37362,27,,,1,101,,37365,27,,,1,102,,37363,27,,,1,101,,37361,27,,,1,104,,37366,27,,,1,101,,37358,27,,,1,101,,37367,27,,,1
16600,'KP:321:0:Weekday:3:26SEP:12345',530,,37376,27,,,1,97,,37375,27,,,1,29,,37378,27,,,1,70,,37372,27,,,1,198,,37371,27,,,1,100,,37370,27,,,1,30,,37382,27,,,1,70,,37369,27,,,1,197,,37381,27,,,1,99,,37379,27,,,1,99,,37380,27,,,1,30,,37377,27,,,1,69,,37374,27,,,1,202,,37368,27,,,1,104,,37373,27,,,1
16601,'H:111:6:Sunday:3:26SEP:1234567',723,,37383,35,,,1,101,,37384,35,,,1,101,,37385,35,,,1,102,,37386,35,,,1,101,,37387,35,,,1,101,,37388,35,,,1,101,,37389,35,,,1,100,,37390,35,,,1,100,,37391,35,,,1,100,,37392,35,,,1,100,,37394,35,,,1,99,,37396,35,,,1,99,,37393,35,,,1,99,,37397,35,,,1,99,,37395,35,,,1
16601,'H:121:0:Weekday:3:26SEP:12345',633,,37406,35,,,1,70,,37403,35,,,1,31,,37417,35,,,1,101,,37410,35,,,1,200,,37407,35,,,1,71,,37413,35,,,1,100,,37414,35,,,1,102,,37411,35,,,1,201,,37401,35,,,1,30,,37415,35,,,1,71,,37412,35,,,1,101,,37404,35,,,1,99,,37400,35,,,1,29,,37408,35,,,1,69,,37416,35,,,1,98,,37399,35,,,1,30,,37398,35,,,1,99,,37402,35,,,1,98,,37405,35,,,1,99,,37409,35,,,1
16601,'H:171:5:Saturday:3:26SEP:6',623,,37420,35,,,1,101,,37418,35,,,1,102,,37419,35,,,1,101,,37422,35,,,1,101,,37425,35,,,1,101,,37421,35,,,1,101,,37426,35,,,1,100,,37424,35,,,1,102,,37423,35,,,1,101,,37428,35,,,1,100,,37429,35,,,1,99,,37430,35,,,1,99,,37427,35,,,1,99,,37431,35,,,1,98,,37432,35,,,1,99,,37433,35,,,1,98,,37434,35,,,1
16601,'KP:321:0:Weekday:3:26SEP:12345',531,,37439,35,,,1,71,,37444,35,,,1,202,,37437,35,,,1,101,,37436,35,,,1,30,,37447,35,,,1,70,,37435,35,,,1,131,,37448,35,,,1,100,,37440,35,,,1,102,,37441,35,,,1,70,,37445,35,,,1,30,,37442,35,,,1,203,,37443,35,,,1,102,,37446,35,,,1,193,,37438,35,,,1
