10900,'H:113:6:Sunday:3:26MAR:1234567',805,,21916,11,,,1,100,,21920,11,,,1,100,,21911,11,,,1,100,,21912,11,,,1,100,,21923,11,,,1,100,,21914,11,,,1,100,,21919,11,,,1,100,,21913,11,,,1,100,,21915,11,,,1,100,,21922,11,,,1,100,,21918,11,,,1,100,,21921,11,,,1,100,,21917,11,,,1,100,,21924,11,,,1
10900,'H:123:0:Weekday:3:26MAR:12345',502,,21938,11,,,1,100,,21932,11,,,1,102,,21928,11,,,1,100,,21934,11,,,1,105,,21941,11,,,1,100,,21926,11,,,1,100,,21940,11,,,1,100,,21939,11,,,1,100,,21931,11,,,1,100,,21937,11,,,1,101,,21929,11,,,1,100,,21933,11,,,1,100,,21936,11,,,1,99,,21930,11,,,1,100,,21927,11,,,1,99,,21925,11,,,1,100,,21935,11,,,1
10900,'H:123:0:Weekday:4:26MAR:12345',502,,21955,11,,,1,100,,21949,11,,,1,102,,21945,11,,,1,100,,21951,11,,,1,105,,21958,11,,,1,100,,21943,11,,,1,100,,21957,11,,,1,100,,21956,11,,,1,100,,21948,11,,,1,100,,21954,11,,,1,101,,21946,11,,,1,100,,21950,11,,,1,100,,21953,11,,,1,99,,21947,11,,,1,100,,21944,11,,,1,99,,21942,11,,,1,100,,21952,11,,,1
10900,'H:173:5:Saturday:3:26MAR:6',705,,21963,11,,,1,100,,21966,11,,,1,101,,21962,11,,,1,100,,21959,11,,,1,100,,21971,11,,,1,101,,21964,11,,,1,100,,21969,11,,,1,100,,21960,11,,,1,99,,21961,11,,,1,100,,21973,11,,,1,100,,21965,11,,,1,100,,21970,11,,,1,100,,21967,11,,,1,99,,21968,11,,,1,100,,21972,11,,,1
27001,'H:123:0:Weekday:3:26MAR:12345',534,,24620,6,,,1,120,,24618,6,0,5,1,1002,,24619,6,0,5,1
27001,'H:123:0:Weekday:4:26MAR:12345',534,,24623,6,,,1,120,,24621,6,0,5,1,1002,,24622,6,0,5,1
27001,'KP:323:0:Weekday:3:26MAR:12345',554,,24624,6,0,5,1
27001,'KP:323:0:Weekday:4:26MAR:12345',554,,24625,6,0,5,1
27101,'H:113:6:Sunday:3:26MAR:1234567',715,,24704,6,,,1,110,,24694,6,,,1,100,,24691,6,,,1,100,,24692,6,,,1,100,,24693,6,,,1,100,,24695,6,,,1,100,,24702,6,,,1,100,,24696,6,,,1,100,,24697,6,,,1,100,,24699,6,,,1,100,,24698,6,,,1,100,,24700,6,,,1,100,,24703,6,,,1,100,,24701,6,,,1
27101,'H:123:0:Weekday:3:26MAR:12345',625,,24705,6,,,1,400,,24706,6,,,1,100,,24717,6,,,1,100,,24707,6,,,1,100,,24709,6,,,1,100,,24708,6,,,1,100,,24710,6,,,1,100,,24715,6,,,1,100,,24711,6,,,1,100,,24712,6,,,1,100,,24713,6,,,1,100,,24716,6,,,1,100,,24714,6,,,1
27101,'H:123:0:Weekday:4:26MAR:12345',625,,24718,6,,,1,400,,24719,6,,,1,100,,24730,6,,,1,100,,24720,6,,,1,100,,24722,6,,,1,100,,24721,6,,,1,100,,24723,6,,,1,100,,24728,6,,,1,100,,24724,6,,,1,100,,24725,6,,,1,100,,24726,6,,,1,100,,24729,6,,,1,100,,24727,6,,,1
27101,'H:173:5:Saturday:3:26MAR:6',715,,24731,6,,,1,110,,24737,6,,,1,100,,24734,6,,,1,100,,24738,6,,,1,100,,24735,6,,,1,100,,24740,6,,,1,100,,24736,6,,,1,100,,24741,6,,,1,100,,24733,6,,,1,100,,24739,6,,,1,100,,24732,6,,,1,100,,24742,6,,,1,100,,24743,6,,,1,100,,24744,6,,,1,100,,24745,6,,,1
27101,'KP:323:0:Weekday:3:26MAR:12345',725,,24746,6,,,1,100,,24748,6,,,1,100,,24747,6,,,1
27101,'KP:323:0:Weekday:4:26MAR:12345',725,,24749,6,,,1,100,,24751,6,,,1,100,,24750,6,,,1
