10301,'H:113:6:Sunday:3:26MAR:1234567',616,,21672,2,,,1,100,,21673,2,,,1,100,,21674,2,,,1,100,,21675,2,,,1,100,,21676,2,,,1,100,,21677,2,,,1,100,,21679,2,,,1,100,,21680,2,,,1,100,,21681,2,,,1,100,,21678,2,,,1,100,,21682,2,,,1,100,,21683,2,,,1,100,,21684,2,,,1,100,,21685,2,,,1,100,,21686,2,,,1,100,,21687,2,,,1,100,,21688,2,,,1
10301,'H:123:0:Weekday:3:26MAR:12345',451,,21721,2,,,1,70,,21690,2,,,1,30,,21689,2,,,1,70,,21691,2,,,1,30,,21718,2,,,1,70,,21692,2,,,1,30,,21717,2,,,1,70,,21693,2,,,1,30,,21716,2,,,1,70,,21694,2,,,1,30,,21695,2,,,1,70,,21696,2,,,1,30,,21697,2,,,1,70,,21698,2,,,1,30,,21699,2,,,1,70,,21700,2,,,1,30,,21701,2,,,1,70,,21702,2,,,1,30,,21703,2,,,1,70,,21704,2,,,1,30,,21705,2,,,1,70,,21707,2,,,1,30,,21723,2,,,1,70,,21708,2,,,1,30,,21720,2,,,1,70,,21709,2,,,1,30,,21719,2,,,1,70,,21706,2,,,1,30,,21710,2,,,1,70,,21711,2,,,1,30,,21722,2,,,1,70,,21712,2,,,1,100,,21713,2,,,1,100,,21714,2,,,1,100,,21715,2,,,1
10301,'H:123:0:Weekday:4:26MAR:12345',451,,21756,2,,,1,70,,21725,2,,,1,30,,21724,2,,,1,70,,21726,2,,,1,30,,21753,2,,,1,70,,21727,2,,,1,30,,21752,2,,,1,70,,21728,2,,,1,30,,21751,2,,,1,70,,21729,2,,,1,30,,21730,2,,,1,70,,21731,2,,,1,30,,21732,2,,,1,70,,21733,2,,,1,30,,21734,2,,,1,70,,21735,2,,,1,30,,21736,2,,,1,70,,21737,2,,,1,30,,21738,2,,,1,70,,21739,2,,,1,30,,21740,2,,,1,70,,21742,2,,,1,30,,21758,2,,,1,70,,21743,2,,,1,30,,21755,2,,,1,70,,21744,2,,,1,30,,21754,2,,,1,70,,21741,2,,,1,30,,21745,2,,,1,70,,21746,2,,,1,30,,21757,2,,,1,70,,21747,2,,,1,100,,21748,2,,,1,100,,21749,2,,,1,100,,21750,2,,,1
10301,'H:173:5:Saturday:3:26MAR:6',616,,21774,2,,,1,100,,21759,2,,,1,100,,21760,2,,,1,100,,21762,2,,,1,100,,21763,2,,,1,100,,21764,2,,,1,100,,21761,2,,,1,100,,21765,2,,,1,100,,21766,2,,,1,100,,21767,2,,,1,100,,21768,2,,,1,100,,21770,2,,,1,100,,21771,2,,,1,100,,21772,2,,,1,100,,21769,2,,,1,100,,21773,2,,,1,100,,21775,2,,,1,100,,21776,2,,,1
11201,'H:113:6:Sunday:3:26MAR:1234567',710,,22177,20,,,1,30,,22191,20,,,1,70,,22178,20,,,1,30,,22192,20,,,1,70,,22179,20,,,1,30,,22193,20,,,1,70,,22176,20,,,1,30,,22194,20,,,1,70,,22180,20,,,1,30,,22195,20,,,1,70,,22181,20,,,1,30,,22197,20,,,1,70,,22182,20,,,1,30,,22198,20,,,1,70,,22183,20,,,1,30,,22199,20,,,1,70,,22185,20,,,1,30,,22196,20,,,1,70,,22187,20,,,1,30,,22200,20,,,1,70,,22188,20,,,1,30,,22201,20,,,1,70,,22184,20,,,1,100,,22189,20,,,1,100,,22186,20,,,1,100,,22190,20,,,1
11201,'H:123:0:Weekday:3:26MAR:12345',519,,22219,20,,,1,30,,22223,20,,,1,70,,22215,20,,,1,30,,22230,20,,,1,70,,22204,20,,,1,20,,22232,20,,,1,20,,22235,20,,,1,60,,22207,20,,,1,20,,22231,20,,,1,20,,22236,20,,,1,60,,22203,20,,,1,30,,22228,20,,,1,70,,22205,20,,,1,30,,22220,20,,,1,70,,22217,20,,,1,30,,22224,20,,,1,70,,22216,20,,,1,30,,22221,20,,,1,70,,22218,20,,,1,30,,22222,20,,,1,70,,22209,20,,,1,20,,22225,20,,,1,20,,22237,20,,,1,60,,22214,20,,,1,20,,22234,20,,,1,20,,22238,20,,,1,60,,22206,20,,,1,20,,22229,20,,,1,20,,22239,20,,,1,60,,22208,20,,,1,20,,22233,20,,,1,20,,22240,20,,,1,60,,22202,20,,,1,30,,22226,20,,,1,70,,22211,20,,,1,30,,22227,20,,,1,70,,22212,20,,,1,100,,22210,20,,,1,100,,22213,20,,,1
11201,'H:123:0:Weekday:4:26MAR:12345',519,,22258,20,,,1,30,,22262,20,,,1,70,,22254,20,,,1,30,,22269,20,,,1,70,,22243,20,,,1,20,,22271,20,,,1,20,,22274,20,,,1,60,,22246,20,,,1,20,,22270,20,,,1,20,,22275,20,,,1,60,,22242,20,,,1,30,,22267,20,,,1,70,,22244,20,,,1,30,,22259,20,,,1,70,,22256,20,,,1,30,,22263,20,,,1,70,,22255,20,,,1,30,,22260,20,,,1,70,,22257,20,,,1,30,,22261,20,,,1,70,,22248,20,,,1,20,,22264,20,,,1,20,,22276,20,,,1,60,,22253,20,,,1,20,,22273,20,,,1,20,,22277,20,,,1,60,,22245,20,,,1,20,,22268,20,,,1,20,,22278,20,,,1,60,,22247,20,,,1,20,,22272,20,,,1,20,,22279,20,,,1,60,,22241,20,,,1,30,,22265,20,,,1,70,,22250,20,,,1,30,,22266,20,,,1,70,,22251,20,,,1,100,,22249,20,,,1,100,,22252,20,,,1
11201,'H:173:5:Saturday:3:26MAR:6',710,,22282,20,,,1,30,,22297,20,,,1,70,,22281,20,,,1,30,,22301,20,,,1,70,,22284,20,,,1,30,,22300,20,,,1,70,,22280,20,,,1,30,,22302,20,,,1,70,,22283,20,,,1,30,,22296,20,,,1,70,,22290,20,,,1,30,,22305,20,,,1,70,,22291,20,,,1,30,,22303,20,,,1,70,,22288,20,,,1,30,,22304,20,,,1,70,,22285,20,,,1,30,,22299,20,,,1,70,,22286,20,,,1,30,,22306,20,,,1,70,,22287,20,,,1,30,,22298,20,,,1,70,,22289,20,,,1,30,,22295,20,,,1,70,,22292,20,,,1,100,,22293,20,,,1,100,,22294,20,,,1
16600,'H:113:6:Sunday:3:26MAR:1234567',710,,23438,39,,,1,101,,23439,39,,,1,100,,23440,39,,,1,100,,23441,39,,,1,100,,23442,39,,,1,100,,23443,39,,,1,100,,23444,39,,,1,100,,23445,39,,,1,100,,23446,39,,,1,100,,23447,39,,,1,100,,23448,39,,,1,100,,23449,39,,,1,100,,23450,39,,,1,100,,23451,39,,,1,100,,23452,39,,,1,99,,23453,39,,,1
16600,'H:123:0:Weekday:3:26MAR:12345',518,,23476,39,,,1,30,,23465,39,,,1,70,,23474,39,,,1,30,,23464,39,,,1,71,,23477,39,,,1,30,,23459,39,,,1,70,,23469,39,,,1,30,,23458,39,,,1,100,,23457,39,,,1,100,,23456,39,,,1,100,,23455,39,,,1,70,,23466,39,,,1,200,,23471,39,,,1,100,,23470,39,,,1,100,,23468,39,,,1,30,,23462,39,,,1,70,,23467,39,,,1,130,,23454,39,,,1,70,,23473,39,,,1,30,,23461,39,,,1,70,,23460,39,,,1,100,,23463,39,,,1,99,,23472,39,,,1,100,,23475,39,,,1
16600,'H:123:0:Weekday:4:26MAR:12345',518,,23500,39,,,1,30,,23489,39,,,1,70,,23498,39,,,1,30,,23488,39,,,1,71,,23501,39,,,1,30,,23483,39,,,1,70,,23493,39,,,1,30,,23482,39,,,1,100,,23481,39,,,1,100,,23480,39,,,1,100,,23479,39,,,1,70,,23490,39,,,1,200,,23495,39,,,1,100,,23494,39,,,1,100,,23492,39,,,1,30,,23486,39,,,1,70,,23491,39,,,1,130,,23478,39,,,1,70,,23497,39,,,1,30,,23485,39,,,1,70,,23484,39,,,1,100,,23487,39,,,1,99,,23496,39,,,1,100,,23499,39,,,1
16600,'H:173:5:Saturday:3:26MAR:6',611,,23502,39,,,1,100,,23503,39,,,1,100,,23505,39,,,1,100,,23506,39,,,1,100,,23507,39,,,1,100,,23504,39,,,1,100,,23508,39,,,1,100,,23510,39,,,1,100,,23511,39,,,1,100,,23515,39,,,1,100,,23513,39,,,1,100,,23516,39,,,1,100,,23514,39,,,1,100,,23512,39,,,1,100,,23517,39,,,1,100,,23509,39,,,1,100,,23518,39,,,1
16600,'KP:323:0:Weekday:3:26MAR:12345',919,,23527,39,,,1,100,,23523,39,,,1,100,,23519,39,,,1,130,,23525,39,,,1,70,,23522,39,,,1,30,,23526,39,,,1,100,,23524,39,,,1,100,,23520,39,,,1,200,,23528,39,,,1,70,,23521,39,,,1
16600,'KP:323:0:Weekday:4:26MAR:12345',919,,23537,39,,,1,100,,23533,39,,,1,100,,23529,39,,,1,130,,23535,39,,,1,70,,23532,39,,,1,30,,23536,39,,,1,100,,23534,39,,,1,100,,23530,39,,,1,200,,23538,39,,,1,70,,23531,39,,,1
