28000,'H:111:6:Sunday:1:26SEP:1234567',830,,32347,45,,,1,101,,32348,45,,,1,100,,32349,45,,,1,100,,32350,45,,,1,101,,32358,45,,,1,100,,32352,45,,,1,100,,32351,45,,,1,100,,32353,45,,,1,100,,32354,45,,,1,100,,32355,45,,,1,100,,32359,45,,,1,99,,32357,45,,,1,100,,32356,45,,,1
28000,'H:111:6:Sunday:2:26SEP:1234567',830,,32360,45,,,1,101,,32361,45,,,1,100,,32362,45,,,1,100,,32363,45,,,1,101,,32371,45,,,1,100,,32365,45,,,1,100,,32364,45,,,1,100,,32366,45,,,1,100,,32367,45,,,1,100,,32368,45,,,1,100,,32372,45,,,1,99,,32370,45,,,1,100,,32369,45,,,1
28000,'H:121:0:Weekday:1:26SEP:12345',520,,32388,45,,,1,116,,32390,45,,,1,108,,32373,45,,,1,69,,32389,22,,,1,29,,32374,45,,,1,71,,32375,22,,,1,230,,32376,45,,,1,200,,32377,45,,,1,78,,32378,22,,,1,102,,32379,22,,,1,22,,32380,45,,,1,100,,32381,45,,,1,76,,32382,22,,,1,22,,32383,45,,,1,100,,32384,45,,,1,98,,32385,45,,,1,99,,32386,45,,,1,100,,32387,45,,,1
28000,'H:121:0:Weekday:2:26SEP:12345',520,,32406,45,,,1,116,,32408,45,,,1,108,,32391,45,,,1,69,,32407,22,,,1,29,,32392,45,,,1,71,,32393,22,,,1,230,,32394,45,,,1,200,,32395,45,,,1,78,,32396,22,,,1,102,,32397,22,,,1,22,,32398,45,,,1,100,,32399,45,,,1,76,,32400,22,,,1,22,,32401,45,,,1,100,,32402,45,,,1,98,,32403,45,,,1,99,,32404,45,,,1,100,,32405,45,,,1
28000,'H:171:5:Saturday:1:26SEP:6',730,,32421,45,,,1,101,,32409,45,,,1,100,,32417,45,,,1,102,,32410,45,,,1,101,,32419,45,,,1,100,,32420,45,,,1,101,,32411,45,,,1,99,,32412,45,,,1,100,,32414,45,,,1,100,,32413,45,,,1,99,,32415,45,,,1,98,,32416,45,,,1,99,,32418,45,,,1,100,,32422,45,,,1
28000,'H:171:5:Saturday:2:26SEP:6',730,,32435,45,,,1,101,,32423,45,,,1,100,,32431,45,,,1,102,,32424,45,,,1,101,,32433,45,,,1,100,,32434,45,,,1,101,,32425,45,,,1,99,,32426,45,,,1,100,,32428,45,,,1,100,,32427,45,,,1,99,,32429,45,,,1,98,,32430,45,,,1,99,,32432,45,,,1,100,,32436,45,,,1
28000,'KP:321:0:Weekday:1:26SEP:12345',710,,32442,22,,,1,232,,32440,45,,,1,101,,32437,45,,,1,200,,32441,45,,,1,202,,32438,45,,,1,177,,32439,22,,,1
28000,'KP:321:0:Weekday:2:26SEP:12345',710,,32448,22,,,1,232,,32446,45,,,1,101,,32443,45,,,1,200,,32447,45,,,1,202,,32444,45,,,1,177,,32445,22,,,1
90300,'KP:321:0:Weekday:1:26SEP:12345',500,,35259,11,,,1,34,,35255,11,,,1,67,,35253,11,,,1,25,,35256,11,,,1,32,,35257,11,,,1,74,,35254,11,,,1,80,,35258,11,,,1
90300,'KP:321:0:Weekday:2:26SEP:12345',500,,35266,11,,,1,34,,35262,11,,,1,67,,35260,11,,,1,25,,35263,11,,,1,32,,35264,11,,,1,74,,35261,11,,,1,80,,35265,11,,,1
