27000,'H:121:0:Weekday:1:26SEP:12345',444,,32145,9,,,1,110,,32146,9,,,1,100,,32148,9,,,1,1500,,32147,9,,,1
27000,'H:121:0:Weekday:2:26SEP:12345',444,,32149,9,,,1,110,,32150,9,,,1,100,,32152,9,,,1,1500,,32151,9,,,1
27100,'H:111:6:Sunday:1:26SEP:1234567',705,,32161,9,,,1,100,,32162,9,,,1,100,,32172,9,,,1,100,,32163,9,,,1,100,,32164,9,,,1,100,,32165,9,,,1,100,,32166,9,,,1,100,,32167,9,,,1,100,,32174,9,,,1,100,,32168,9,,,1,100,,32169,9,,,1,100,,32170,9,,,1,100,,32171,9,,,1,100,,32173,9,,,1
27100,'H:111:6:Sunday:2:26SEP:1234567',705,,32175,9,,,1,100,,32176,9,,,1,100,,32186,9,,,1,100,,32177,9,,,1,100,,32178,9,,,1,100,,32179,9,,,1,100,,32180,9,,,1,100,,32181,9,,,1,100,,32188,9,,,1,100,,32182,9,,,1,100,,32183,9,,,1,100,,32184,9,,,1,100,,32185,9,,,1,100,,32187,9,,,1
27100,'H:121:0:Weekday:1:26SEP:12345',820,,32190,9,,,1,100,,32191,9,,,1,100,,32199,9,,,1,200,,32192,9,,,1,200,,32193,9,,,1,200,,32194,9,,,1,199,,32195,9,,,1,200,,32196,9,,,1,100,,32197,9,,,1
27100,'H:121:0:Weekday:2:26SEP:12345',820,,32201,9,,,1,100,,32202,9,,,1,100,,32210,9,,,1,200,,32203,9,,,1,200,,32204,9,,,1,200,,32205,9,,,1,199,,32206,9,,,1,200,,32207,9,,,1,100,,32208,9,,,1
27100,'H:171:5:Saturday:1:26SEP:6',705,,32220,9,,,1,100,,32212,9,,,1,100,,32221,9,,,1,100,,32213,9,,,1,100,,32219,9,,,1,100,,32211,9,,,1,100,,32218,9,,,1,100,,32214,9,,,1,100,,32222,9,,,1,100,,32215,9,,,1,100,,32217,9,,,1,100,,32216,9,,,1,100,,32223,9,,,1,100,,32224,9,,,1,100,,32225,9,,,1
27100,'H:171:5:Saturday:2:26SEP:6',705,,32235,9,,,1,100,,32227,9,,,1,100,,32236,9,,,1,100,,32228,9,,,1,100,,32234,9,,,1,100,,32226,9,,,1,100,,32233,9,,,1,100,,32229,9,,,1,100,,32237,9,,,1,100,,32230,9,,,1,100,,32232,9,,,1,100,,32231,9,,,1,100,,32238,9,,,1,100,,32239,9,,,1,100,,32240,9,,,1
27100,'KP:321:0:Weekday:1:26SEP:12345',750,,32241,9,,,1,370,,32242,9,,,1,200,,32243,9,,,1,200,,32245,9,,,1,200,,32244,9,,,1,199,,32247,9,,,1
27100,'KP:321:0:Weekday:2:26SEP:12345',750,,32248,9,,,1,370,,32249,9,,,1,200,,32250,9,,,1,200,,32252,9,,,1,200,,32251,9,,,1,199,,32254,9,,,1
