10900,'H:113:6:Sunday:3:26MAR:1234567',837,,21916,32,,,1,103,,21920,32,,,1,100,,21911,32,,,1,101,,21912,32,,,1,103,,21923,32,,,1,101,,21914,32,,,1,99,,21919,32,,,1,99,,21913,32,,,1,99,,21915,32,,,1,98,,21922,32,,,1,99,,21918,32,,,1,99,,21921,32,,,1,100,,21917,32,,,1,98,,21924,32,,,1
10900,'H:123:0:Weekday:3:26MAR:12345',533,,21938,32,,,1,107,,21932,32,,,1,108,,21928,32,,,1,96,,21934,32,,,1,104,,21941,32,,,1,99,,21926,32,,,1,100,,21940,32,,,1,101,,21939,32,,,1,100,,21931,32,,,1,103,,21937,32,,,1,101,,21929,32,,,1,100,,21933,32,,,1,99,,21936,32,,,1,98,,21930,32,,,1,96,,21927,32,,,1,98,,21925,32,,,1,100,,21935,32,,,1
10900,'H:123:0:Weekday:4:26MAR:12345',533,,21955,32,,,1,107,,21949,32,,,1,108,,21945,32,,,1,96,,21951,32,,,1,104,,21958,32,,,1,99,,21943,32,,,1,100,,21957,32,,,1,101,,21956,32,,,1,100,,21948,32,,,1,103,,21954,32,,,1,101,,21946,32,,,1,100,,21950,32,,,1,99,,21953,32,,,1,98,,21947,32,,,1,96,,21944,32,,,1,98,,21942,32,,,1,100,,21952,32,,,1
10900,'H:173:5:Saturday:3:26MAR:6',738,,21963,32,,,1,101,,21966,32,,,1,101,,21962,32,,,1,104,,21959,32,,,1,101,,21971,32,,,1,101,,21964,32,,,1,101,,21969,32,,,1,100,,21960,32,,,1,97,,21961,32,,,1,100,,21973,32,,,1,100,,21965,32,,,1,97,,21970,32,,,1,99,,21967,32,,,1,99,,21968,32,,,1,99,,21972,32,,,1
20100,'H:113:6:Sunday:3:26MAR:1234567',813,,23640,32,,,1,101,,23642,32,,,1,100,,23643,32,,,1,40,,23641,32,,,1,80,,23644,32,,,1,80,,23639,32,,,1,40,,23645,32,,,1,80,,23646,32,,,1,80,,23647,32,,,1,40,,23648,32,,,1,80,,23650,32,,,1,80,,23651,32,,,1,40,,23652,32,,,1,80,,23654,32,,,1,80,,23655,32,,,1,40,,23656,32,,,1,80,,23657,32,,,1,80,,23658,32,,,1,100,,23649,32,,,1,100,,23653,32,,,1
20100,'H:123:0:Weekday:3:26MAR:12345',548,,23663,32,,,1,187,,23664,32,,,1,100,,23665,32,,,1,70,,23666,32,,,1,631,,23667,32,,,1,200,,23674,32,,,1,69,,23668,32,,,1,29,,23669,32,,,1,70,,23670,32,,,1,30,,23659,32,,,1,70,,23661,32,,,1,30,,23660,32,,,1,70,,23662,32,,,1,30,,23671,32,,,1,70,,23672,32,,,1,50,,23673,32,,,1
20100,'H:123:0:Weekday:4:26MAR:12345',548,,23679,32,,,1,187,,23680,32,,,1,100,,23681,32,,,1,70,,23682,32,,,1,631,,23683,32,,,1,200,,23690,32,,,1,69,,23684,32,,,1,29,,23685,32,,,1,70,,23686,32,,,1,30,,23675,32,,,1,70,,23677,32,,,1,30,,23676,32,,,1,70,,23678,32,,,1,30,,23687,32,,,1,70,,23688,32,,,1,50,,23689,32,,,1
20100,'H:173:5:Saturday:3:26MAR:6',713,,23703,32,,,1,100,,23693,32,,,1,101,,23702,32,,,1,100,,23694,32,,,1,40,,23695,32,,,1,80,,23700,32,,,1,80,,23701,32,,,1,40,,23692,32,,,1,80,,23704,32,,,1,80,,23696,32,,,1,40,,23691,32,,,1,80,,23705,32,,,1,80,,23697,32,,,1,40,,23699,32,,,1,80,,23708,32,,,1,80,,23709,32,,,1,40,,23710,32,,,1,80,,23707,32,,,1,80,,23711,32,,,1,99,,23698,32,,,1,100,,23706,32,,,1
20100,'KP:323:0:Weekday:3:26MAR:12345',629,,23729,32,,,1,76,,23726,32,,,1,100,,23725,32,,,1,130,,23728,32,,,1,70,,23727,32,,,1,30,,23719,32,,,1,70,,23713,32,,,1,30,,23720,32,,,1,70,,23718,32,,,1,30,,23723,32,,,1,70,,23724,32,,,1,30,,23721,32,,,1,70,,23712,32,,,1,30,,23714,32,,,1,70,,23716,32,,,1,101,,23715,32,,,1,30,,23717,32,,,1,70,,23722,32,,,1
20100,'KP:323:0:Weekday:4:26MAR:12345',629,,23747,32,,,1,76,,23744,32,,,1,100,,23743,32,,,1,130,,23746,32,,,1,70,,23745,32,,,1,30,,23737,32,,,1,70,,23731,32,,,1,30,,23738,32,,,1,70,,23736,32,,,1,30,,23741,32,,,1,70,,23742,32,,,1,30,,23739,32,,,1,70,,23730,32,,,1,30,,23732,32,,,1,70,,23734,32,,,1,101,,23733,32,,,1,30,,23735,32,,,1,70,,23740,32,,,1
20200,'H:113:6:Sunday:3:26MAR:1234567',743,,23869,42,,,1,100,,23856,42,,,1,101,,23855,42,,,1,90,,23857,42,,,1,80,,23858,42,,,1,40,,23859,42,,,1,80,,23862,42,,,1,81,,23860,42,,,1,40,,23863,42,,,1,80,,23861,42,,,1,79,,23865,42,,,1,40,,23864,42,,,1,80,,23866,42,,,1,80,,23870,42,,,1,40,,23871,42,,,1,80,,23872,42,,,1,80,,23873,42,,,1,40,,23874,42,,,1,90,,23867,42,,,1,100,,23868,42,,,1
20200,'H:123:0:Weekday:3:26MAR:12345',454,,23890,3,,,1,74,,23875,42,,,1,81,,23878,42,,,1,40,,23882,42,,,1,71,,23883,42,,,1,130,,23884,42,,,1,70,,23885,42,,,1,530,,23886,42,,,1,171,,23887,42,,,1,31,,23888,42,,,1,70,,23889,42,,,1,127,,23881,42,,,1,70,,23879,42,,,1,30,,23876,42,,,1,70,,23877,42,,,1,30,,23880,42,,,1,70,,23891,42,,,1,30,,23892,42,,,1,74,,23893,42,,,1
20200,'H:123:0:Weekday:4:26MAR:12345',454,,23909,3,,,1,74,,23894,42,,,1,81,,23897,42,,,1,40,,23901,42,,,1,71,,23902,42,,,1,130,,23903,42,,,1,70,,23904,42,,,1,530,,23905,42,,,1,171,,23906,42,,,1,31,,23907,42,,,1,70,,23908,42,,,1,127,,23900,42,,,1,70,,23898,42,,,1,30,,23895,42,,,1,70,,23896,42,,,1,30,,23899,42,,,1,70,,23910,42,,,1,30,,23911,42,,,1,74,,23912,42,,,1
20200,'H:173:5:Saturday:3:26MAR:6',612,,23930,42,,,1,30,,23914,42,,,1,100,,23915,42,,,1,101,,23926,42,,,1,100,,23920,42,,,1,91,,23913,42,,,1,80,,23916,42,,,1,40,,23924,42,,,1,80,,23918,42,,,1,80,,23917,42,,,1,40,,23919,42,,,1,80,,23927,42,,,1,80,,23921,42,,,1,40,,23922,42,,,1,80,,23923,42,,,1,80,,23931,42,,,1,40,,23932,42,,,1,80,,23933,42,,,1,80,,23934,42,,,1,40,,23935,42,,,1,89,,23928,42,,,1,100,,23925,42,,,1,99,,23929,42,,,1
20200,'KP:323:0:Weekday:3:26MAR:12345',750,,23949,42,,,1,70,,23950,42,,,1,130,,23951,42,,,1,70,,23947,42,,,1,30,,23936,42,,,1,70,,23938,42,,,1,30,,23942,42,,,1,70,,23946,42,,,1,30,,23941,42,,,1,70,,23948,42,,,1,30,,23945,42,,,1,70,,23937,42,,,1,101,,23944,42,,,1,30,,23940,42,,,1,200,,23939,42,,,1,69,,23943,42,,,1
20200,'KP:323:0:Weekday:4:26MAR:12345',750,,23965,42,,,1,70,,23966,42,,,1,130,,23967,42,,,1,70,,23963,42,,,1,30,,23952,42,,,1,70,,23954,42,,,1,30,,23958,42,,,1,70,,23962,42,,,1,30,,23957,42,,,1,70,,23964,42,,,1,30,,23961,42,,,1,70,,23953,42,,,1,101,,23960,42,,,1,30,,23956,42,,,1,200,,23955,42,,,1,69,,23959,42,,,1
