27001,'H:123:0:Weekday:3:26MAR:12345',539,,24620,15,,,1,161,,24618,15,0,5,1,1002,,24619,15,0,5,1
27001,'H:123:0:Weekday:4:26MAR:12345',539,,24623,15,,,1,161,,24621,15,0,5,1,1002,,24622,15,0,5,1
27001,'KP:323:0:Weekday:3:26MAR:12345',600,,24624,15,0,5,1
27001,'KP:323:0:Weekday:4:26MAR:12345',600,,24625,15,0,5,1
27101,'H:113:6:Sunday:3:26MAR:1234567',720,,24704,15,,,1,110,,24694,15,,,1,100,,24691,15,,,1,100,,24692,15,,,1,100,,24693,15,,,1,100,,24695,15,,,1,100,,24702,15,,,1,100,,24696,15,,,1,100,,24697,15,,,1,100,,24699,15,,,1,100,,24698,15,,,1,100,,24700,15,,,1,100,,24703,15,,,1,100,,24701,15,,,1
27101,'H:123:0:Weekday:3:26MAR:12345',630,,24705,15,,,1,400,,24706,15,,,1,100,,24717,15,,,1,101,,24707,15,,,1,100,,24709,15,,,1,101,,24708,15,,,1,100,,24710,15,,,1,100,,24715,15,,,1,100,,24711,15,,,1,99,,24712,15,,,1,100,,24713,15,,,1,99,,24716,15,,,1,100,,24714,15,,,1
27101,'H:123:0:Weekday:4:26MAR:12345',630,,24718,15,,,1,400,,24719,15,,,1,100,,24730,15,,,1,101,,24720,15,,,1,100,,24722,15,,,1,101,,24721,15,,,1,100,,24723,15,,,1,100,,24728,15,,,1,100,,24724,15,,,1,99,,24725,15,,,1,100,,24726,15,,,1,99,,24729,15,,,1,100,,24727,15,,,1
27101,'H:173:5:Saturday:3:26MAR:6',720,,24731,15,,,1,110,,24737,15,,,1,100,,24734,15,,,1,101,,24738,15,,,1,100,,24735,15,,,1,100,,24740,15,,,1,100,,24736,15,,,1,100,,24741,15,,,1,100,,24733,15,,,1,100,,24739,15,,,1,100,,24732,15,,,1,99,,24742,15,,,1,100,,24743,15,,,1,100,,24744,15,,,1,100,,24745,15,,,1
27101,'KP:323:0:Weekday:3:26MAR:12345',730,,24746,15,,,1,100,,24748,15,,,1,100,,24747,15,,,1
27101,'KP:323:0:Weekday:4:26MAR:12345',730,,24749,15,,,1,100,,24751,15,,,1,100,,24750,15,,,1
90800,'H:123:0:Weekday:3:26MAR:12345',434,,27052,9,,,1
90800,'H:123:0:Weekday:4:26MAR:12345',434,,27053,9,,,1
90800,'KP:323:0:Weekday:3:26MAR:12345',504,,27055,9,,,1,55,,27054,9,,,1,75,,27057,9,,,1,110,,27056,9,,,1
90800,'KP:323:0:Weekday:4:26MAR:12345',504,,27059,9,,,1,55,,27058,9,,,1,75,,27061,9,,,1,110,,27060,9,,,1
