10901,'H:111:6:Sunday:3:26SEP:1234567',838,,36322,42,,,1,102,,36334,42,,,1,104,,36326,42,,,1,101,,36331,42,,,1,102,,36323,42,,,1,101,,36324,42,,,1,99,,36332,42,,,1,99,,36327,42,,,1,100,,36330,42,,,1,100,,36325,42,,,1,97,,36328,42,,,1,98,,36333,42,,,1,100,,36329,42,,,1,99,,36335,42,,,1
10901,'H:121:0:Weekday:3:26SEP:12345',538,,36337,42,,,1,103,,36347,42,,,1,108,,36348,42,,,1,96,,36351,42,,,1,100,,36353,42,,,1,99,,36343,42,,,1,100,,36346,42,,,1,95,,36342,42,,,1,104,,36341,42,,,1,98,,36352,42,,,1,100,,36345,42,,,1,102,,36340,42,,,1,102,,36350,42,,,1,98,,36344,42,,,1,95,,36349,42,,,1,106,,36338,42,,,1,108,,36339,42,,,1,97,,36336,42,,,1
10901,'H:171:5:Saturday:3:26SEP:6',740,,36354,42,,,1,102,,36367,42,,,1,101,,36360,42,,,1,105,,36365,42,,,1,100,,36356,42,,,1,102,,36355,42,,,1,101,,36368,42,,,1,100,,36359,42,,,1,100,,36363,42,,,1,98,,36357,42,,,1,100,,36358,42,,,1,98,,36366,42,,,1,97,,36361,42,,,1,99,,36364,42,,,1,99,,36362,42,,,1
28000,'H:111:6:Sunday:3:26SEP:1234567',825,,38244,38,,,1,102,,38245,38,,,1,100,,38246,38,,,1,100,,38247,38,,,1,101,,38255,38,,,1,100,,38249,38,,,1,100,,38248,38,,,1,100,,38250,38,,,1,100,,38251,38,,,1,100,,38252,38,,,1,100,,38256,38,,,1,99,,38254,38,,,1,99,,38253,38,,,1
28000,'H:121:0:Weekday:3:26SEP:12345',516,,38272,38,,,1,116,,38274,38,,,1,107,,38257,38,,,1,70,,38273,15,,,1,28,,38258,38,,,1,72,,38259,15,,,1,229,,38260,38,,,1,200,,38261,38,,,1,78,,38262,15,,,1,101,,38263,15,,,1,23,,38264,38,,,1,100,,38265,38,,,1,76,,38266,15,,,1,22,,38267,38,,,1,100,,38268,38,,,1,99,,38269,38,,,1,99,,38270,38,,,1,100,,38271,38,,,1
28000,'H:171:5:Saturday:3:26SEP:6',726,,38287,38,,,1,100,,38275,38,,,1,100,,38283,38,,,1,102,,38276,38,,,1,101,,38285,38,,,1,100,,38286,38,,,1,101,,38277,38,,,1,99,,38278,38,,,1,100,,38280,38,,,1,100,,38279,38,,,1,99,,38281,38,,,1,99,,38282,38,,,1,99,,38284,38,,,1,100,,38288,38,,,1
28000,'KP:321:0:Weekday:3:26SEP:12345',706,,38294,15,,,1,231,,38292,38,,,1,101,,38289,38,,,1,200,,38293,38,,,1,202,,38290,38,,,1,176,,38291,15,,,1
28001,'H:111:6:Sunday:3:26SEP:1234567',744,,38296,15,,,1,100,,38295,15,,,1,100,,38297,15,,,1,101,,38306,15,,,1,100,,38298,15,,,1,100,,38299,15,,,1,100,,38300,15,,,1,100,,38301,15,,,1,101,,38302,15,,,1,100,,38307,15,,,1,100,,38304,15,,,1,99,,38303,15,,,1,100,,38305,15,,,1
28001,'H:121:0:Weekday:3:26SEP:12345',609,,38308,15,,,1,100,,38309,15,,,1,30,,38310,15,0,8 7,1,101,,38324,15,0,8 7,1,170,,38311,15,,,1,200,,38312,15,,,1,203,,38313,15,,,1,25,,38314,15,0,8 7,1,75,,38315,15,,,1,101,,38316,15,,,1,25,,38317,15,0,8 7,1,75,,38318,15,,,1,24,,38319,15,0,8 7,1,74,,38320,15,,,1,24,,38321,15,0,8 7,1,74,,38322,15,,,1,100,,38323,15,,,1
28001,'H:171:5:Saturday:3:26SEP:6',744,,38333,15,,,1,100,,38325,15,,,1,101,,38336,15,,,1,101,,38331,15,,,1,100,,38334,15,,,1,100,,38332,15,,,1,102,,38330,15,,,1,100,,38327,15,,,1,100,,38329,15,,,1,98,,38326,15,,,1,100,,38328,15,,,1,100,,38335,15,,,1,99,,38337,15,,,1
28001,'KP:321:0:Weekday:3:26SEP:12345',810,,38341,15,,,1,100,,38338,15,,,1,200,,38342,15,,,1,203,,38339,15,,,1,226,,38340,15,0,8 7,1
90300,'KP:321:0:Weekday:3:26SEP:12345',455,,39703,4,,,1,74,,39699,4,,,1,27,,39697,4,,,1,65,,39700,4,,,1,32,,39701,4,,,1,75,,39698,4,,,1,80,,39702,4,,,1
90301,'H:121:0:Weekday:3:26SEP:12345',1658,,39704,15,4,,1,70,,39705,15,4,,1
90301,'KP:321:0:Weekday:3:26SEP:12345',1602,,39711,15,4,,1,32,,39708,15,4,,1,121,,39706,15,4,,1,69,,39712,15,4,,1,29,,39710,15,4,,1,73,,39709,15,4,,1,74,,39707,15,4,,1
