10300,'H:113:6:Sunday:3:26MAR:1234567',647,,21567,34,,,1,98,,21568,34,,,1,99,,21569,34,,,1,99,,21570,34,,,1,99,,21571,34,,,1,99,,21572,34,,,1,99,,21573,34,,,1,100,,21575,34,,,1,100,,21576,34,,,1,100,,21577,34,,,1,101,,21574,34,,,1,100,,21578,34,,,1,101,,21580,34,,,1,102,,21581,34,,,1,101,,21582,34,,,1,101,,21579,34,,,1,102,,21583,34,,,1
10300,'H:123:0:Weekday:3:26MAR:12345',451,,21592,34,,,1,68,,21593,34,,,1,29,,21594,34,,,1,68,,21613,34,,,1,29,,21595,34,,,1,69,,21614,34,,,1,29,,21596,34,,,1,70,,21615,34,,,1,30,,21597,34,,,1,70,,21598,34,,,1,30,,21599,34,,,1,69,,21600,34,,,1,30,,21602,34,,,1,70,,21603,34,,,1,30,,21604,34,,,1,69,,21601,34,,,1,30,,21605,34,,,1,68,,21606,34,,,1,30,,21607,34,,,1,70,,21608,34,,,1,30,,21609,34,,,1,70,,21618,34,,,1,29,,21610,34,,,1,70,,21611,34,,,1,30,,21612,34,,,1,72,,21589,34,,,1,30,,21588,34,,,1,71,,21590,34,,,1,32,,21591,34,,,1,70,,21616,34,,,1,33,,21584,34,,,1,70,,21617,34,,,1,30,,21586,34,,,1,101,,21587,34,,,1,102,,21585,34,,,1
10300,'H:123:0:Weekday:4:26MAR:12345',451,,21627,34,,,1,68,,21628,34,,,1,29,,21629,34,,,1,68,,21648,34,,,1,29,,21630,34,,,1,69,,21649,34,,,1,29,,21631,34,,,1,70,,21650,34,,,1,30,,21632,34,,,1,70,,21633,34,,,1,30,,21634,34,,,1,69,,21635,34,,,1,30,,21637,34,,,1,70,,21638,34,,,1,30,,21639,34,,,1,69,,21636,34,,,1,30,,21640,34,,,1,68,,21641,34,,,1,30,,21642,34,,,1,70,,21643,34,,,1,30,,21644,34,,,1,70,,21653,34,,,1,29,,21645,34,,,1,70,,21646,34,,,1,30,,21647,34,,,1,72,,21624,34,,,1,30,,21623,34,,,1,71,,21625,34,,,1,32,,21626,34,,,1,70,,21651,34,,,1,33,,21619,34,,,1,70,,21652,34,,,1,30,,21621,34,,,1,101,,21622,34,,,1,102,,21620,34,,,1
10300,'H:173:5:Saturday:3:26MAR:6',644,,21654,34,,,1,100,,21655,34,,,1,98,,21656,34,,,1,100,,21657,34,,,1,99,,21658,34,,,1,98,,21659,34,,,1,100,,21660,34,,,1,100,,21661,34,,,1,100,,21662,34,,,1,100,,21663,34,,,1,100,,21664,34,,,1,100,,21665,34,,,1,102,,21666,34,,,1,101,,21667,34,,,1,101,,21668,34,,,1,101,,21669,34,,,1,102,,21670,34,,,1,100,,21671,34,,,1
11901,'H:113:6:Sunday:3:26MAR:1234567',827,,22805,36,,,1,102,,22802,36,,,1,100,,22803,36,,,1,101,,22806,36,,,1,101,,22804,36,,,1,100,,22807,36,,,1,100,,22808,36,,,1,100,,22809,36,,,1,100,,22810,36,,,1,99,,22811,36,,,1,99,,22812,36,,,1,100,,22813,36,,,1,99,,22814,36,,,1
11901,'H:123:0:Weekday:3:26MAR:12345',640,,22831,36,,,1,74,,22815,36,,,1,34,,22832,36,,,1,70,,22818,36,,,1,30,,22833,36,,,1,69,,22816,36,,,1,30,,22837,36,,,1,70,,22817,36,,,1,30,,22838,36,,,1,70,,22820,36,,,1,30,,22839,36,,,1,70,,22819,36,,,1,31,,22840,36,,,1,70,,22821,36,,,1,31,,22841,36,,,1,78,,22824,36,,,1,24,,22842,36,,,1,70,,22825,36,,,1,30,,22834,36,,,1,70,,22823,36,,,1,30,,22835,36,,,1,70,,22827,36,,,1,30,,22836,36,,,1,70,,22826,36,,,1,96,,22822,36,,,1,98,,22830,36,,,1,99,,22828,36,,,1,99,,22829,36,,,1
11901,'H:123:0:Weekday:4:26MAR:12345',640,,22859,36,,,1,74,,22843,36,,,1,34,,22860,36,,,1,70,,22846,36,,,1,30,,22861,36,,,1,69,,22844,36,,,1,30,,22865,36,,,1,70,,22845,36,,,1,30,,22866,36,,,1,70,,22848,36,,,1,30,,22867,36,,,1,70,,22847,36,,,1,31,,22868,36,,,1,70,,22849,36,,,1,31,,22869,36,,,1,78,,22852,36,,,1,24,,22870,36,,,1,70,,22853,36,,,1,30,,22862,36,,,1,70,,22851,36,,,1,30,,22863,36,,,1,70,,22855,36,,,1,30,,22864,36,,,1,70,,22854,36,,,1,96,,22850,36,,,1,98,,22858,36,,,1,99,,22856,36,,,1,99,,22857,36,,,1
11901,'H:173:5:Saturday:3:26MAR:6',627,,22874,36,,,1,100,,22875,36,,,1,100,,22871,36,,,1,103,,22873,36,,,1,101,,22876,36,,,1,100,,22878,36,,,1,100,,22872,36,,,1,101,,22881,36,,,1,100,,22877,36,,,1,100,,22882,36,,,1,100,,22879,36,,,1,101,,22885,36,,,1,100,,22886,36,,,1,97,,22880,36,,,1,100,,22883,36,,,1,98,,22884,36,,,1
11901,'KP:323:0:Weekday:3:26MAR:12345',609,,22887,36,,,1
11901,'KP:323:0:Weekday:4:26MAR:12345',609,,22888,36,,,1
