27101,'H:111:6:Sunday:1:26SEP:1234567',731,,32268,20,,,1,110,,32258,20,,,1,100,,32255,20,,,1,101,,32256,20,,,1,100,,32257,20,,,1,100,,32259,20,,,1,100,,32266,20,,,1,100,,32260,20,,,1,100,,32261,20,,,1,100,,32263,20,,,1,100,,32262,20,,,1,99,,32264,20,,,1,100,,32267,20,,,1,100,,32265,20,,,1
27101,'H:111:6:Sunday:2:26SEP:1234567',731,,32282,20,,,1,111,,32272,21,,,1,100,,32269,21,,,1,101,,32270,21,,,1,100,,32271,21,,,1,100,,32273,21,,,1,100,,32280,21,,,1,100,,32274,21,,,1,100,,32275,21,,,1,100,,32277,21,,,1,100,,32276,21,,,1,99,,32278,21,,,1,100,,32281,21,,,1,100,,32279,21,,,1
27101,'H:121:0:Weekday:1:26SEP:12345',642,,32283,20,,,1,101,,32284,20,,,1,100,,32293,20,,,1,199,,32285,20,,,1,202,,32286,20,,,1,202,,32287,20,,,1,201,,32288,20,,,1,196,,32289,20,,,1,99,,32290,20,,,1,98,,32291,20,,,1,100,,32292,20,,,1
27101,'H:121:0:Weekday:2:26SEP:12345',642,,32294,20,,,1,101,,32295,20,,,1,101,,32304,21,,,1,199,,32296,21,,,1,202,,32297,21,,,1,202,,32298,21,,,1,201,,32299,21,,,1,196,,32300,21,,,1,99,,32301,21,,,1,98,,32302,21,,,1,100,,32303,21,,,1
27101,'H:171:5:Saturday:1:26SEP:6',730,,32305,20,,,1,111,,32311,20,,,1,101,,32308,20,,,1,101,,32312,20,,,1,101,,32309,20,,,1,100,,32314,20,,,1,100,,32310,20,,,1,100,,32315,20,,,1,99,,32307,20,,,1,100,,32313,20,,,1,100,,32306,20,,,1,99,,32316,20,,,1,100,,32317,20,,,1,99,,32318,20,,,1,100,,32319,20,,,1
27101,'H:171:5:Saturday:2:26SEP:6',730,,32320,20,,,1,112,,32326,21,,,1,101,,32323,21,,,1,101,,32327,21,,,1,101,,32324,21,,,1,100,,32329,21,,,1,100,,32325,21,,,1,100,,32330,21,,,1,99,,32322,21,,,1,100,,32328,21,,,1,100,,32321,21,,,1,99,,32331,21,,,1,100,,32332,21,,,1,99,,32333,21,,,1,100,,32334,21,,,1
27101,'KP:321:0:Weekday:1:26SEP:12345',942,,32335,20,,,1,200,,32336,20,,,1,202,,32339,20,,,1,204,,32337,20,,,1,168,,32338,20,0,5,1,28,,32340,20,,,1
27101,'KP:321:0:Weekday:2:26SEP:12345',943,,32341,21,,,1,200,,32342,21,,,1,202,,32345,21,,,1,204,,32343,21,,,1,168,,32344,21,0,5,1,28,,32346,21,,,1
90800,'H:121:0:Weekday:1:26SEP:12345',443,,35418,14,,,1,166,,35417,14,,,1
90800,'H:121:0:Weekday:2:26SEP:12345',443,,35420,14,,,1,166,,35419,14,,,1
90800,'KP:321:0:Weekday:1:26SEP:12345',514,,35423,14,,,1,132,,35422,14,,,1,110,,35421,14,,,1
90800,'KP:321:0:Weekday:2:26SEP:12345',514,,35426,14,,,1,132,,35425,14,,,1,110,,35424,14,,,1
