10900,'H:111:6:Sunday:3:26SEP:1234567',842,,36281,39,,,1,103,,36285,39,,,1,102,,36276,39,,,1,101,,36277,39,,,1,103,,36288,39,,,1,101,,36279,39,,,1,99,,36284,39,,,1,100,,36278,39,,,1,99,,36280,39,,,1,97,,36287,39,,,1,99,,36283,39,,,1,96,,36286,39,,,1,100,,36282,39,,,1,98,,36289,39,,,1
10900,'H:121:0:Weekday:3:26SEP:12345',538,,36303,39,,,1,109,,36297,39,,,1,108,,36293,39,,,1,97,,36299,39,,,1,103,,36306,39,,,1,100,,36291,39,,,1,100,,36305,39,,,1,103,,36304,39,,,1,100,,36296,39,,,1,142,,36302,39,,,1,101,,36294,39,,,1,100,,36298,39,,,1,99,,36301,39,,,1,58,,36295,39,,,1,95,,36292,39,,,1,98,,36290,39,,,1,100,,36300,39,,,1
10900,'H:171:5:Saturday:3:26SEP:6',744,,36311,39,,,1,102,,36314,39,,,1,101,,36310,39,,,1,104,,36307,39,,,1,102,,36319,39,,,1,101,,36312,39,,,1,100,,36317,39,,,1,100,,36308,39,,,1,97,,36309,39,,,1,100,,36321,39,,,1,99,,36313,39,,,1,97,,36318,39,,,1,98,,36315,39,,,1,99,,36316,39,,,1,100,,36320,39,,,1
20100,'H:111:6:Sunday:3:26SEP:1234567',815,,37450,34,,,1,100,,37452,34,,,1,101,,37453,34,,,1,40,,37451,34,,,1,80,,37454,34,,,1,80,,37449,34,,,1,40,,37455,34,,,1,80,,37456,34,,,1,80,,37457,34,,,1,40,,37458,34,,,1,80,,37460,34,,,1,80,,37461,34,,,1,40,,37462,34,,,1,80,,37464,34,,,1,80,,37465,34,,,1,40,,37466,34,,,1,80,,37467,34,,,1,80,,37468,34,,,1,99,,37459,34,,,1,100,,37463,34,,,1
20100,'H:121:0:Weekday:3:26SEP:12345',550,,37472,34,,,1,81,,37482,34,,,1,76,,37489,34,,,1,30,,37473,34,,,1,271,,37488,34,,,1,30,,37483,34,,,1,270,,37478,34,,,1,30,,37486,34,,,1,170,,37479,34,,,1,101,,37480,34,,,1,30,,37481,34,,,1,70,,37485,34,,,1,30,,37487,34,,,1,98,,37474,34,,,1,99,,37469,34,,,1,70,,37484,34,,,1,30,,37470,34,,,1,70,,37471,34,,,1,30,,37475,34,,,1,70,,37476,34,,,1,50,,37477,34,,,1
20100,'H:171:5:Saturday:3:26SEP:6',715,,37502,34,,,1,100,,37492,34,,,1,101,,37501,34,,,1,100,,37493,34,,,1,41,,37494,34,,,1,80,,37499,34,,,1,80,,37500,34,,,1,40,,37491,34,,,1,80,,37503,34,,,1,80,,37495,34,,,1,40,,37490,34,,,1,80,,37504,34,,,1,80,,37496,34,,,1,40,,37498,34,,,1,80,,37507,34,,,1,80,,37508,34,,,1,40,,37509,34,,,1,79,,37506,34,,,1,80,,37510,34,,,1,99,,37497,34,,,1,100,,37505,34,,,1,100,,37511,34,,,1
20100,'KP:321:0:Weekday:3:26SEP:12345',807,,37518,34,,,1,30,,37512,34,,,1,70,,37513,34,,,1,30,,37519,34,,,1,171,,37520,34,,,1,30,,37521,34,,,1,70,,37522,34,,,1,30,,37523,34,,,1,170,,37517,34,,,1,30,,37524,34,,,1,101,,37514,34,,,1,269,,37515,34,,,1,98,,37516,34,,,1
20200,'H:111:6:Sunday:3:26SEP:1234567',645,,37620,44,,,1,100,,37613,44,,,1,100,,37600,44,,,1,100,,37599,44,,,1,91,,37601,44,,,1,80,,37602,44,,,1,40,,37603,44,,,1,80,,37606,44,,,1,80,,37604,44,,,1,40,,37607,44,,,1,80,,37605,44,,,1,80,,37609,44,,,1,40,,37608,44,,,1,80,,37610,44,,,1,80,,37614,44,,,1,40,,37615,44,,,1,80,,37616,44,,,1,80,,37617,44,,,1,40,,37618,44,,,1,89,,37611,44,,,1,100,,37612,44,,,1,100,,37619,44,,,1
20200,'H:121:0:Weekday:3:26SEP:12345',456,,37629,5,,,1,74,,37637,44,,,1,121,,37624,44,,,1,201,,37625,44,,,1,70,,37626,44,,,1,30,,37634,44,,,1,70,,37638,44,,,1,201,,37636,44,,,1,30,,37635,44,,,1,271,,37633,44,,,1,100,,37627,44,,,1,100,,37628,44,,,1,198,,37622,44,,,1,30,,37621,44,,,1,99,,37623,44,,,1,70,,37630,44,,,1,30,,37631,44,,,1,74,,37632,44,,,1
20200,'H:171:5:Saturday:3:26SEP:6',544,,37662,44,,,1,70,,37656,44,,,1,30,,37640,44,,,1,100,,37641,44,,,1,101,,37652,44,,,1,101,,37646,44,,,1,90,,37639,44,,,1,80,,37642,44,,,1,40,,37650,44,,,1,80,,37644,44,,,1,80,,37643,44,,,1,41,,37645,44,,,1,80,,37653,44,,,1,80,,37647,44,,,1,40,,37648,44,,,1,80,,37649,44,,,1,79,,37657,44,,,1,40,,37658,44,,,1,80,,37659,44,,,1,80,,37660,44,,,1,40,,37661,44,,,1,89,,37654,44,,,1,100,,37651,44,,,1,99,,37655,44,,,1
20200,'KP:321:0:Weekday:3:26SEP:12345',611,,37664,44,,,1,111,,37666,44,,,1,30,,37674,44,,,1,70,,37679,44,,,1,230,,37675,44,,,1,70,,37676,44,,,1,30,,37678,44,,,1,171,,37671,44,,,1,30,,37677,44,,,1,70,,37673,44,,,1,30,,37667,44,,,1,101,,37672,44,,,1,100,,37668,44,,,1,100,,37669,44,,,1,69,,37670,44,,,1,30,,37665,44,,,1,168,,37663,44,,,1
