10600,'H:111:6:Sunday:3:26SEP:1234567',711,,36190,34,,,1,101,,36177,34,,,1,102,,36178,34,,,1,101,,36179,34,,,1,101,,36180,34,,,1,100,,36181,34,,,1,101,,36182,34,,,1,101,,36183,34,,,1,100,,36185,34,,,1,98,,36184,34,,,1,100,,36186,34,,,1,100,,36187,34,,,1,99,,36188,34,,,1,99,,36189,34,,,1,99,,36191,34,,,1
10600,'H:121:0:Weekday:3:26SEP:12345',525,,36192,34,,,1,103,,36193,34,,,1,102,,36194,34,,,1,103,,36195,34,,,1,100,,36196,34,,,1,99,,36197,34,,,1,100,,36198,34,,,1,100,,36199,34,,,1,101,,36200,34,,,1,102,,36201,34,,,1,100,,36202,34,,,1,102,,36203,34,,,1,100,,36204,34,,,1,96,,36205,34,,,1,97,,36206,34,,,1,98,,36207,34,,,1,99,,36208,34,,,1
10600,'H:171:5:Saturday:3:26SEP:6',610,,36222,34,,,1,100,,36223,34,,,1,102,,36209,34,,,1,101,,36210,34,,,1,103,,36211,34,,,1,101,,36212,34,,,1,100,,36213,34,,,1,101,,36214,34,,,1,100,,36216,34,,,1,100,,36217,34,,,1,99,,36219,34,,,1,100,,36215,34,,,1,100,,36220,34,,,1,99,,36221,34,,,1,98,,36218,34,,,1,98,,36224,34,,,1,100,,36225,34,,,1
10601,'H:111:6:Sunday:3:26SEP:1234567',705,,36240,11,,,1,100,,36226,11,,,1,100,,36227,11,,,1,100,,36228,11,,,1,100,,36229,11,,,1,100,,36230,11,,,1,100,,36231,11,,,1,100,,36232,11,,,1,100,,36234,11,,,1,100,,36235,11,,,1,100,,36236,11,,,1,100,,36233,11,,,1,100,,36237,11,,,1,100,,36238,11,,,1,100,,36239,11,,,1
10601,'H:121:0:Weekday:3:26SEP:12345',520,,36241,11,,,1,103,,36242,11,,,1,100,,36243,11,,,1,101,,36244,11,,,1,100,,36245,11,,,1,99,,36246,11,,,1,100,,36248,11,,,1,100,,36249,11,,,1,101,,36250,11,,,1,100,,36247,11,,,1,101,,36252,11,,,1,100,,36258,11,,,1,100,,36253,11,,,1,100,,36251,11,,,1,99,,36254,11,,,1,99,,36255,11,,,1,99,,36256,11,,,1,99,,36257,11,,,1
10601,'H:171:5:Saturday:3:26SEP:6',605,,36273,11,,,1,100,,36272,11,,,1,100,,36259,11,,,1,100,,36260,11,,,1,100,,36261,11,,,1,100,,36262,11,,,1,100,,36264,11,,,1,100,,36265,11,,,1,100,,36266,11,,,1,100,,36263,11,,,1,100,,36267,11,,,1,100,,36268,11,,,1,100,,36269,11,,,1,100,,36270,11,,,1,100,,36271,11,,,1,100,,36274,11,,,1,100,,36275,11,,,1
12000,'H:111:6:Sunday:3:26SEP:1234567',735,,36952,11,,,1,100,,36953,11,,,1,100,,36954,11,,,1,99,,36951,11,,,1,100,,36955,11,,,1,98,,36956,11,,,1,100,,36957,11,,,1,100,,36958,11,,,1,100,,36959,11,,,1,100,,36960,11,,,1,100,,36961,11,,,1,100,,36962,11,,,1,102,,36950,11,,,1,100,,36963,11,,,1
12000,'H:121:0:Weekday:3:26SEP:12345',429,,36981,11,,,1,84,,36982,11,,,1,28,,36968,11,,,1,68,,36983,11,,,1,28,,36966,11,,,1,70,,36984,11,,,1,29,,36964,11,,,1,71,,36985,11,,,1,30,,36965,11,,,1,70,,36990,11,,,1,33,,36967,11,,,1,70,,36991,11,,,1,30,,36971,11,,,1,70,,36992,11,,,1,30,,36969,11,,,1,70,,36993,11,,,1,29,,36972,11,,,1,69,,36994,11,,,1,30,,36970,11,,,1,70,,36995,11,,,1,29,,36974,11,,,1,67,,36986,11,,,1,29,,36975,11,,,1,70,,36987,11,,,1,29,,36973,11,,,1,71,,36988,11,,,1,32,,36980,11,,,1,70,,36989,11,,,1,34,,36978,11,,,1,99,,36979,11,,,1,101,,36976,11,,,1,102,,36977,11,,,1
12000,'H:171:5:Saturday:3:26SEP:6',536,,37001,11,,,1,100,,37000,11,,,1,98,,37004,11,,,1,99,,37003,11,,,1,100,,37006,11,,,1,100,,37005,11,,,1,99,,37002,11,,,1,99,,37008,11,,,1,100,,37009,11,,,1,100,,37007,11,,,1,100,,37011,11,,,1,101,,37010,11,,,1,101,,36999,11,,,1,100,,36997,11,,,1,101,,36996,11,,,1,101,,36998,11,,,1,101,,37012,11,,,1
12001,'H:111:6:Sunday:3:26SEP:1234567',739,,37026,32,,,1,100,,37016,32,,,1,100,,37014,32,,,1,101,,37017,32,,,1,101,,37025,32,,,1,100,,37015,32,,,1,100,,37020,32,,,1,100,,37018,32,,,1,100,,37021,32,,,1,100,,37019,32,,,1,100,,37023,32,,,1,100,,37024,32,,,1,99,,37022,32,,,1,99,,37013,32,,,1
12001,'H:121:0:Weekday:3:26SEP:12345',544,,37044,32,,,1,70,,37045,32,,,1,31,,37028,32,,,1,71,,37046,32,,,1,33,,37043,32,,,1,71,,37047,32,,,1,29,,37041,32,,,1,69,,37048,32,,,1,29,,37042,32,,,1,69,,37052,32,,,1,29,,37030,32,,,1,70,,37053,32,,,1,31,,37031,32,,,1,70,,37054,32,,,1,30,,37032,32,,,1,71,,37055,32,,,1,30,,37033,32,,,1,70,,37056,32,,,1,31,,37034,32,,,1,70,,37057,32,,,1,31,,37035,32,,,1,71,,37049,32,,,1,30,,37027,32,,,1,70,,37050,32,,,1,31,,37029,32,,,1,68,,37051,32,,,1,28,,37036,32,,,1,100,,37040,32,,,1,97,,37039,32,,,1,100,,37037,32,,,1,98,,37038,32,,,1
12001,'H:171:5:Saturday:3:26SEP:6',639,,37058,32,,,1,100,,37059,32,,,1,101,,37060,32,,,1,101,,37063,32,,,1,100,,37071,32,,,1,100,,37067,32,,,1,100,,37069,32,,,1,100,,37072,32,,,1,100,,37070,32,,,1,101,,37062,32,,,1,100,,37068,32,,,1,100,,37064,32,,,1,100,,37066,32,,,1,99,,37061,32,,,1,99,,37073,32,,,1,100,,37065,32,,,1
12100,'H:111:6:Sunday:3:26SEP:1234567',710,,37074,16,,,1,101,,37075,16,,,1,102,,37076,16,,,1,100,,37077,16,,,1,101,,37078,16,,,1,101,,37079,16,,,1,101,,37080,16,,,1,100,,37081,16,,,1,100,,37082,16,,,1,99,,37083,16,,,1,100,,37084,16,,,1,100,,37085,16,,,1,99,,37086,16,,,1,99,,37087,16,,,1
12100,'H:121:0:Weekday:3:26SEP:12345',540,,37106,16,,,1,66,,37104,16,,,1,25,,37111,16,,,1,27,,37105,16,,,1,66,,37110,16,,,1,26,,37102,16,,,1,66,,37107,16,,,1,30,,37112,16,,,1,64,,37114,16,,,1,30,,37108,16,,,1,94,,37109,16,,,1,90,,37103,16,,,1,90,,37095,16,,,1,90,,37101,16,,,1,50,,37093,16,,,1,96,,37099,16,,,1,72,,37115,16,,,1,30,,37100,16,,,1,73,,37096,16,,,1,32,,37098,16,,,1,77,,37097,16,,,1,73,,37094,16,,,1,25,,37088,16,,,1,69,,37113,16,,,1,34,,37092,16,,,1,97,,37091,16,,,1,100,,37089,16,,,1,99,,37090,16,,,1
12100,'H:171:5:Saturday:3:26SEP:6',610,,37117,16,,,1,100,,37118,16,,,1,102,,37119,16,,,1,101,,37116,16,,,1,101,,37120,16,,,1,101,,37121,16,,,1,100,,37122,16,,,1,100,,37123,16,,,1,100,,37124,16,,,1,101,,37125,16,,,1,100,,37126,16,,,1,100,,37127,16,,,1,99,,37128,16,,,1,99,,37129,16,,,1,99,,37130,16,,,1
12101,'H:111:6:Sunday:3:26SEP:1234567',713,,37131,17,,,1,101,,37132,17,,,1,101,,37133,17,,,1,100,,37134,17,,,1,100,,37135,17,,,1,100,,37136,17,,,1,100,,37137,17,,,1,100,,37139,17,,,1,100,,37140,17,,,1,99,,37141,17,,,1,100,,37138,17,,,1,99,,37142,17,,,1,100,,37143,17,,,1,99,,37144,17,,,1
12101,'H:121:0:Weekday:3:26SEP:12345',512,,37162,17,,,1,30,,37145,17,,,1,65,,37160,17,,,1,25,,37165,17,,,1,26,,37169,17,,,1,66,,37167,17,,,1,26,,37170,17,,,1,65,,37159,17,,,1,29,,37153,17,,,1,95,,37161,17,,,1,95,,37163,17,,,1,90,,37164,17,,,1,90,,37154,17,,,1,90,,37155,17,,,1,50,,37166,17,,,1,95,,37148,17,,,1,72,,37157,17,,,1,31,,37168,17,,,1,70,,37151,17,,,1,34,,37149,17,,,1,70,,37156,17,,,1,30,,37146,17,,,1,74,,37147,17,,,1,70,,37158,17,,,1,29,,37172,17,,,1,94,,37150,17,,,1,100,,37152,17,,,1,100,,37171,17,,,1
12101,'H:171:5:Saturday:3:26SEP:6',612,,37173,17,,,1,100,,37174,17,,,1,102,,37175,17,,,1,100,,37176,17,,,1,100,,37177,17,,,1,100,,37178,17,,,1,100,,37179,17,,,1,100,,37180,17,,,1,100,,37181,17,,,1,100,,37182,17,,,1,100,,37183,17,,,1,100,,37184,17,,,1,100,,37185,17,,,1,100,,37186,17,,,1,99,,37187,17,,,1
