12101,'H:113:6:Sunday:3:26MAR:1234567',728,,23161,32,,,1,101,,23162,32,,,1,102,,23163,32,,,1,100,,23164,32,,,1,101,,23165,32,,,1,101,,23166,32,,,1,100,,23167,32,,,1,100,,23169,32,,,1,100,,23170,32,,,1,99,,23171,32,,,1,99,,23168,32,,,1,99,,23172,32,,,1,100,,23173,32,,,1,99,,23174,32,,,1
12101,'H:123:0:Weekday:3:26MAR:12345',526,,23192,32,,,1,30,,23175,32,,,1,67,,23190,32,,,1,25,,23195,32,,,1,67,,23199,32,,,1,26,,23197,32,,,1,67,,23200,32,,,1,25,,23189,32,,,1,69,,23183,32,,,1,56,,23191,32,,,1,95,,23193,32,,,1,90,,23194,32,,,1,90,,23184,32,,,1,90,,23185,32,,,1,91,,23196,32,,,1,97,,23178,32,,,1,33,,23187,32,,,1,72,,23198,32,,,1,32,,23181,32,,,1,74,,23179,32,,,1,30,,23186,32,,,1,67,,23176,32,,,1,32,,23177,32,,,1,68,,23188,32,,,1,29,,23202,32,,,1,92,,23180,32,,,1,99,,23182,32,,,1,99,,23201,32,,,1
12101,'H:123:0:Weekday:4:26MAR:12345',526,,23220,32,,,1,30,,23203,32,,,1,67,,23218,32,,,1,25,,23223,32,,,1,67,,23227,32,,,1,26,,23225,32,,,1,67,,23228,32,,,1,25,,23217,32,,,1,69,,23211,32,,,1,56,,23219,32,,,1,95,,23221,32,,,1,90,,23222,32,,,1,90,,23212,32,,,1,90,,23213,32,,,1,91,,23224,32,,,1,97,,23206,32,,,1,33,,23215,32,,,1,72,,23226,32,,,1,32,,23209,32,,,1,74,,23207,32,,,1,30,,23214,32,,,1,67,,23204,32,,,1,32,,23205,32,,,1,68,,23216,32,,,1,29,,23230,32,,,1,92,,23208,32,,,1,99,,23210,32,,,1,99,,23229,32,,,1
12101,'H:173:5:Saturday:3:26MAR:6',626,,23231,32,,,1,100,,23232,32,,,1,103,,23233,32,,,1,101,,23234,32,,,1,102,,23235,32,,,1,100,,23236,32,,,1,102,,23237,32,,,1,100,,23238,32,,,1,100,,23239,32,,,1,100,,23240,32,,,1,100,,23241,32,,,1,100,,23242,32,,,1,98,,23243,32,,,1,99,,23244,32,,,1,98,,23245,32,,,1
16600,'H:113:6:Sunday:3:26MAR:1234567',650,,23438,26,,,1,98,,23439,26,,,1,99,,23440,26,,,1,98,,23441,26,,,1,97,,23442,26,,,1,98,,23443,26,,,1,99,,23444,26,,,1,99,,23445,26,,,1,100,,23446,26,,,1,101,,23447,26,,,1,101,,23448,26,,,1,102,,23449,26,,,1,102,,23450,26,,,1,101,,23451,26,,,1,101,,23452,26,,,1,101,,23453,26,,,1
16600,'H:123:0:Weekday:3:26MAR:12345',457,,23476,26,,,1,70,,23465,26,,,1,27,,23474,26,,,1,70,,23464,26,,,1,28,,23477,26,,,1,70,,23459,26,,,1,29,,23469,26,,,1,70,,23458,26,,,1,99,,23457,26,,,1,100,,23456,26,,,1,100,,23455,26,,,1,29,,23466,26,,,1,198,,23471,26,,,1,99,,23470,26,,,1,99,,23468,26,,,1,69,,23462,26,,,1,29,,23467,26,,,1,173,,23454,26,,,1,31,,23473,26,,,1,73,,23461,26,,,1,32,,23460,26,,,1,100,,23463,26,,,1,102,,23472,26,,,1,102,,23475,26,,,1
16600,'H:123:0:Weekday:4:26MAR:12345',457,,23500,26,,,1,70,,23489,26,,,1,27,,23498,26,,,1,70,,23488,26,,,1,28,,23501,26,,,1,70,,23483,26,,,1,29,,23493,26,,,1,70,,23482,26,,,1,99,,23481,26,,,1,100,,23480,26,,,1,100,,23479,26,,,1,29,,23490,26,,,1,198,,23495,26,,,1,99,,23494,26,,,1,99,,23492,26,,,1,69,,23486,26,,,1,29,,23491,26,,,1,173,,23478,26,,,1,31,,23497,26,,,1,73,,23485,26,,,1,32,,23484,26,,,1,100,,23487,26,,,1,102,,23496,26,,,1,102,,23499,26,,,1
16600,'H:173:5:Saturday:3:26MAR:6',550,,23502,26,,,1,99,,23503,26,,,1,98,,23505,26,,,1,98,,23506,26,,,1,96,,23507,26,,,1,100,,23504,26,,,1,98,,23508,26,,,1,98,,23510,26,,,1,99,,23511,26,,,1,99,,23515,26,,,1,101,,23513,26,,,1,101,,23516,26,,,1,102,,23514,26,,,1,101,,23512,26,,,1,104,,23517,26,,,1,102,,23509,26,,,1,101,,23518,26,,,1
16600,'KP:323:0:Weekday:3:26MAR:12345',851,,23527,26,,,1,99,,23523,26,,,1,100,,23519,26,,,1,167,,23525,26,,,1,30,,23522,26,,,1,70,,23526,26,,,1,99,,23524,26,,,1,99,,23520,26,,,1,198,,23528,26,,,1,32,,23521,26,,,1
16600,'KP:323:0:Weekday:4:26MAR:12345',851,,23537,26,,,1,99,,23533,26,,,1,100,,23529,26,,,1,167,,23535,26,,,1,30,,23532,26,,,1,70,,23536,26,,,1,99,,23534,26,,,1,99,,23530,26,,,1,198,,23538,26,,,1,32,,23531,26,,,1
