24000,'H:111:6:Sunday:1:26SEP:1234567',713,,31976,28,,,1,101,,31970,28,,,1,100,,31969,28,,,1,101,,31964,28,,,1,101,,31972,28,,,1,100,,31965,28,,,1,100,,31975,28,,,1,101,,31968,28,,,1,100,,31973,28,,,1,100,,31966,28,,,1,100,,31974,28,,,1,99,,31967,28,,,1,100,,31971,28,,,1,100,,31963,28,,,1
24000,'H:111:6:Sunday:2:26SEP:1234567',713,,31990,28,,,1,101,,31984,28,,,1,100,,31983,28,,,1,101,,31978,28,,,1,101,,31986,28,,,1,100,,31979,28,,,1,100,,31989,28,,,1,101,,31982,28,,,1,100,,31987,28,,,1,100,,31980,28,,,1,100,,31988,28,,,1,99,,31981,28,,,1,100,,31985,28,,,1,100,,31977,28,,,1
24000,'H:121:0:Weekday:1:26SEP:12345',615,,32005,28,,,1,100,,31991,28,,,1,100,,31992,28,,,1,101,,31994,28,,,1,105,,31993,28,,,1,100,,31995,28,,,1,101,,31996,28,,,1,101,,31998,28,,,1,97,,31999,28,,,1,104,,31997,28,,,1,100,,32001,28,,,1,99,,32000,28,,,1,100,,32002,28,,,1,94,,32003,28,,,1,99,,32004,28,,,1,100,,32006,28,,,1
24000,'H:121:0:Weekday:2:26SEP:12345',615,,32021,28,,,1,100,,32007,28,,,1,100,,32008,28,,,1,101,,32010,28,,,1,105,,32009,28,,,1,100,,32011,28,,,1,101,,32012,28,,,1,101,,32014,28,,,1,97,,32015,28,,,1,104,,32013,28,,,1,100,,32017,28,,,1,99,,32016,28,,,1,100,,32018,28,,,1,94,,32019,28,,,1,99,,32020,28,,,1,100,,32022,28,,,1
24000,'H:171:5:Saturday:1:26SEP:6',715,,32035,28,,,1,100,,32023,28,,,1,100,,32030,28,,,1,101,,32025,28,,,1,100,,32031,28,,,1,101,,32024,28,,,1,100,,32032,28,,,1,100,,32026,28,,,1,100,,32033,28,,,1,100,,32027,28,,,1,100,,32034,28,,,1,99,,32029,28,,,1,100,,32028,28,,,1,99,,32036,28,,,1,100,,32037,28,,,1
24000,'H:171:5:Saturday:2:26SEP:6',715,,32050,28,,,1,100,,32038,28,,,1,100,,32045,28,,,1,101,,32040,28,,,1,100,,32046,28,,,1,101,,32039,28,,,1,100,,32047,28,,,1,100,,32041,28,,,1,100,,32048,28,,,1,100,,32042,28,,,1,100,,32049,28,,,1,99,,32044,28,,,1,100,,32043,28,,,1,99,,32051,28,,,1,100,,32052,28,,,1
90500,'H:121:0:Weekday:1:26SEP:12345',419,,35325,2,,,1,105,,35331,2,,,1,129,,35330,2,,,1,1170,,35328,2,,,1,101,,35329,2,,,1,100,,35327,2,,,1,100,,35326,2,,,1
90500,'H:121:0:Weekday:2:26SEP:12345',419,,35332,2,,,1,105,,35338,2,,,1,129,,35337,2,,,1,1170,,35335,2,,,1,101,,35336,2,,,1,100,,35334,2,,,1,100,,35333,2,,,1
90500,'KP:321:0:Weekday:1:26SEP:12345',553,,35348,2,,,1,70,,35350,2,,,1,100,,35345,2,,,1,100,,35346,2,,,1,100,,35341,2,,,1,99,,35339,2,,,1,100,,35340,2,,,1,100,,35351,2,,,1,100,,35349,2,,,1,100,,35343,2,,,1,100,,35344,2,,,1,100,,35347,2,,,1,101,,35342,2,,,1
90500,'KP:321:0:Weekday:2:26SEP:12345',553,,35361,2,,,1,70,,35363,2,,,1,100,,35358,2,,,1,100,,35359,2,,,1,100,,35354,2,,,1,99,,35352,2,,,1,100,,35353,2,,,1,100,,35364,2,,,1,100,,35362,2,,,1,100,,35356,2,,,1,100,,35357,2,,,1,100,,35360,2,,,1,101,,35355,2,,,1
90501,'H:121:0:Weekday:1:26SEP:12345',1757,,35367,14,4,,1,102,,35365,14,4,,1,93,,35366,14,4,,1,98,,35369,14,4,,1,100,,35368,14,4,,1
90501,'H:121:0:Weekday:2:26SEP:12345',1757,,35372,14,4,,1,102,,35370,14,4,,1,93,,35371,14,4,,1,98,,35374,14,4,,1,100,,35373,14,4,,1
90501,'KP:321:0:Weekday:1:26SEP:12345',651,,35380,14,4,,1,100,,35379,14,4,,1,99,,35378,14,4,,1,100,,35376,14,4,,1,100,,35377,14,4,,1,104,,35385,14,4,,1,102,,35383,14,4,,1,100,,35384,14,4,,1,100,,35386,14,4,,1,97,,35382,14,4,,1,106,,35381,14,4,,1,70,,35375,14,4,,1,93,,35387,14,4,,1
90501,'KP:321:0:Weekday:2:26SEP:12345',651,,35393,14,4,,1,100,,35392,14,4,,1,99,,35391,14,4,,1,100,,35389,14,4,,1,100,,35390,14,4,,1,104,,35398,14,4,,1,102,,35396,14,4,,1,100,,35397,14,4,,1,100,,35399,14,4,,1,97,,35395,14,4,,1,106,,35394,14,4,,1,70,,35388,14,4,,1,93,,35400,14,4,,1
