20100,'H:111:6:Sunday:1:26SEP:1234567',741,,30758,19,,,1,100,,30760,19,,,1,98,,30761,19,,,1,80,,30759,19,,,1,40,,30762,19,,,1,80,,30757,19,,,1,79,,30763,19,,,1,40,,30764,19,,,1,80,,30765,19,,,1,80,,30766,19,,,1,40,,30768,19,,,1,80,,30769,19,,,1,80,,30770,19,,,1,40,,30772,19,,,1,80,,30773,19,,,1,80,,30774,19,,,1,40,,30775,19,,,1,80,,30776,19,,,1,100,,30767,19,,,1,101,,30771,19,,,1
20100,'H:111:6:Sunday:2:26SEP:1234567',741,,30778,19,,,1,100,,30780,19,,,1,98,,30781,19,,,1,80,,30779,19,,,1,40,,30782,19,,,1,80,,30777,19,,,1,79,,30783,19,,,1,40,,30784,19,,,1,80,,30785,19,,,1,80,,30786,19,,,1,40,,30788,19,,,1,80,,30789,19,,,1,80,,30790,19,,,1,40,,30792,19,,,1,80,,30793,19,,,1,80,,30794,19,,,1,40,,30795,19,,,1,80,,30796,19,,,1,100,,30787,19,,,1,101,,30791,19,,,1
20100,'H:121:0:Weekday:1:26SEP:12345',516,,30800,19,,,1,38,,30810,19,,,1,75,,30817,19,,,1,29,,30801,19,,,1,269,,30816,19,,,1,30,,30811,19,,,1,268,,30806,19,,,1,30,,30814,19,,,1,169,,30807,19,,,1,100,,30808,19,,,1,30,,30809,19,,,1,70,,30813,19,,,1,31,,30815,19,,,1,101,,30802,19,,,1,101,,30797,19,,,1,70,,30812,19,,,1,30,,30798,19,,,1,70,,30799,19,,,1,73,,30803,19,,,1,30,,30804,19,,,1,90,,30805,19,,,1
20100,'H:121:0:Weekday:2:26SEP:12345',516,,30821,19,,,1,38,,30831,19,,,1,75,,30838,19,,,1,29,,30822,19,,,1,269,,30837,19,,,1,30,,30832,19,,,1,268,,30827,19,,,1,30,,30835,19,,,1,169,,30828,19,,,1,100,,30829,19,,,1,30,,30830,19,,,1,70,,30834,19,,,1,31,,30836,19,,,1,101,,30823,19,,,1,101,,30818,19,,,1,70,,30833,19,,,1,30,,30819,19,,,1,70,,30820,19,,,1,73,,30824,19,,,1,30,,30825,19,,,1,90,,30826,19,,,1
20100,'H:171:5:Saturday:1:26SEP:6',640,,30851,19,,,1,99,,30841,19,,,1,99,,30850,19,,,1,100,,30842,19,,,1,80,,30843,19,,,1,39,,30848,19,,,1,80,,30849,19,,,1,80,,30840,19,,,1,40,,30852,19,,,1,80,,30844,19,,,1,79,,30839,19,,,1,40,,30853,19,,,1,80,,30845,19,,,1,80,,30847,19,,,1,40,,30856,19,,,1,80,,30857,19,,,1,81,,30858,19,,,1,41,,30855,19,,,1,80,,30859,19,,,1,100,,30846,19,,,1,101,,30854,19,,,1,100,,30860,19,,,1
20100,'H:171:5:Saturday:2:26SEP:6',640,,30873,19,,,1,99,,30863,19,,,1,99,,30872,19,,,1,100,,30864,19,,,1,80,,30865,19,,,1,39,,30870,19,,,1,80,,30871,19,,,1,80,,30862,19,,,1,40,,30874,19,,,1,80,,30866,19,,,1,79,,30861,19,,,1,40,,30875,19,,,1,80,,30867,19,,,1,80,,30869,19,,,1,40,,30878,19,,,1,80,,30879,19,,,1,81,,30880,19,,,1,41,,30877,19,,,1,80,,30881,19,,,1,100,,30868,19,,,1,101,,30876,19,,,1,100,,30882,19,,,1
20100,'KP:321:0:Weekday:1:26SEP:12345',727,,30889,19,,,1,29,,30883,19,,,1,71,,30884,19,,,1,30,,30890,19,,,1,169,,30891,19,,,1,30,,30892,19,,,1,69,,30893,19,,,1,30,,30894,19,,,1,169,,30888,19,,,1,30,,30895,19,,,1,100,,30885,19,,,1,271,,30886,19,,,1,101,,30887,19,,,1
20100,'KP:321:0:Weekday:2:26SEP:12345',727,,30902,19,,,1,29,,30896,19,,,1,71,,30897,19,,,1,30,,30903,19,,,1,169,,30904,19,,,1,30,,30905,19,,,1,69,,30906,19,,,1,30,,30907,19,,,1,169,,30901,19,,,1,30,,30908,19,,,1,100,,30898,19,,,1,271,,30899,19,,,1,101,,30900,19,,,1
20200,'H:111:6:Sunday:1:26SEP:1234567',609,,31078,29,,,1,100,,31071,29,,,1,100,,31058,29,,,1,99,,31057,29,,,1,50,,31059,29,,,1,80,,31060,29,,,1,80,,31061,29,,,1,40,,31064,29,,,1,80,,31062,29,,,1,80,,31065,29,,,1,40,,31063,29,,,1,79,,31067,29,,,1,80,,31066,29,,,1,40,,31068,29,,,1,80,,31072,29,,,1,80,,31073,29,,,1,41,,31074,29,,,1,80,,31075,29,,,1,80,,31076,29,,,1,91,,31069,29,,,1,100,,31070,29,,,1,100,,31077,29,,,1
20200,'H:111:6:Sunday:2:26SEP:1234567',609,,31100,29,,,1,100,,31093,29,,,1,100,,31080,29,,,1,99,,31079,29,,,1,50,,31081,29,,,1,80,,31082,29,,,1,80,,31083,29,,,1,40,,31086,29,,,1,80,,31084,29,,,1,80,,31087,29,,,1,40,,31085,29,,,1,79,,31089,29,,,1,80,,31088,29,,,1,40,,31090,29,,,1,80,,31094,29,,,1,80,,31095,29,,,1,41,,31096,29,,,1,80,,31097,29,,,1,80,,31098,29,,,1,91,,31091,29,,,1,100,,31092,29,,,1,100,,31099,29,,,1
20200,'H:121:0:Weekday:1:26SEP:12345',456,,31117,29,,,1,158,,31104,29,,,1,197,,31105,29,,,1,31,,31106,29,,,1,70,,31114,29,,,1,30,,31118,29,,,1,199,,31116,29,,,1,69,,31115,29,,,1,229,,31113,29,,,1,100,,31107,29,,,1,102,,31108,29,,,1,200,,31102,29,,,1,71,,31101,29,,,1,101,,31103,29,,,1,30,,31110,29,,,1,71,,31111,29,,,1,36,,31112,29,,,1
20200,'H:121:0:Weekday:2:26SEP:12345',456,,31135,29,,,1,158,,31122,29,,,1,197,,31123,29,,,1,31,,31124,29,,,1,70,,31132,29,,,1,30,,31136,29,,,1,199,,31134,29,,,1,69,,31133,29,,,1,229,,31131,29,,,1,100,,31125,29,,,1,102,,31126,29,,,1,200,,31120,29,,,1,71,,31119,29,,,1,101,,31121,29,,,1,30,,31128,29,,,1,71,,31129,29,,,1,36,,31130,29,,,1
20200,'H:171:5:Saturday:1:26SEP:6',510,,31160,29,,,1,30,,31154,29,,,1,70,,31138,29,,,1,100,,31139,29,,,1,99,,31150,29,,,1,99,,31144,29,,,1,50,,31137,29,,,1,80,,31140,29,,,1,80,,31148,29,,,1,39,,31142,29,,,1,80,,31141,29,,,1,80,,31143,29,,,1,40,,31151,29,,,1,80,,31145,29,,,1,80,,31146,29,,,1,40,,31147,29,,,1,80,,31155,29,,,1,80,,31156,29,,,1,41,,31157,29,,,1,80,,31158,29,,,1,80,,31159,29,,,1,90,,31152,29,,,1,100,,31149,29,,,1,102,,31153,29,,,1
20200,'H:171:5:Saturday:2:26SEP:6',510,,31184,29,,,1,30,,31178,29,,,1,70,,31162,29,,,1,100,,31163,29,,,1,99,,31174,29,,,1,99,,31168,29,,,1,50,,31161,29,,,1,80,,31164,29,,,1,80,,31172,29,,,1,39,,31166,29,,,1,80,,31165,29,,,1,80,,31167,29,,,1,40,,31175,29,,,1,80,,31169,29,,,1,80,,31170,29,,,1,40,,31171,29,,,1,80,,31179,29,,,1,80,,31180,29,,,1,41,,31181,29,,,1,80,,31182,29,,,1,80,,31183,29,,,1,90,,31176,29,,,1,100,,31173,29,,,1,102,,31177,29,,,1
20200,'KP:321:0:Weekday:1:26SEP:12345',535,,31186,29,,,1,109,,31188,29,,,1,68,,31196,29,,,1,29,,31201,29,,,1,271,,31197,29,,,1,30,,31198,29,,,1,69,,31200,29,,,1,129,,31193,29,,,1,70,,31199,29,,,1,30,,31195,29,,,1,69,,31189,29,,,1,100,,31194,29,,,1,100,,31190,29,,,1,102,,31191,29,,,1,30,,31192,29,,,1,70,,31187,29,,,1,132,,31185,29,,,1
20200,'KP:321:0:Weekday:2:26SEP:12345',535,,31203,29,,,1,109,,31205,29,,,1,68,,31213,29,,,1,29,,31218,29,,,1,271,,31214,29,,,1,30,,31215,29,,,1,69,,31217,29,,,1,129,,31210,29,,,1,70,,31216,29,,,1,30,,31212,29,,,1,69,,31206,29,,,1,100,,31211,29,,,1,100,,31207,29,,,1,102,,31208,29,,,1,30,,31209,29,,,1,70,,31204,29,,,1,132,,31202,29,,,1
