10101,'H:113:6:Sunday',651,,16943,2,,,1,100,,16944,2,,,1,100,,16946,2,,,1,100,,16948,2,,,1,100,,16945,2,,,1,100,,16949,2,,,1,100,,16947,2,,,1,70,,16958,2,,,1,30,,16950,2,,,1,70,,16959,2,,,1,30,,16952,2,,,1,70,,16960,2,,,1,30,,16953,2,,,1,70,,16961,2,,,1,30,,16954,2,,,1,70,,16962,2,,,1,30,,16955,2,,,1,100,,16956,2,,,1,100,,16957,2,,,1,100,,16951,2,,,1
10101,'H:123:0:Weekday',506,,16963,2,,,1,100,,16964,2,,,1,30,,16965,2,,,1,70,,16966,2,,,1,30,,16967,2,,,1,70,,16968,2,,,1,100,,16969,2,,,1,30,,16990,2,,,1,70,,16970,2,,,1,30,,16991,2,,,1,70,,16971,2,,,1,30,,16992,2,,,1,70,,16972,2,,,1,100,,16973,2,,,1,30,,16993,2,,,1,70,,16974,2,,,1,30,,16975,2,,,1,70,,16976,2,,,1,30,,16977,2,,,1,70,,16978,2,,,1,30,,16979,2,,,1,70,,16983,2,,,1,30,,16985,2,,,1,70,,16981,2,,,1,30,,16980,2,,,1,70,,16982,2,,,1,30,,16984,2,,,1,70,,16986,2,,,1,30,,16994,2,,,1,70,,16987,2,,,1,30,,16995,2,,,1,70,,16988,2,,,1,30,,16996,2,,,1,70,,16989,2,,,1
10101,'H:173:5:Saturday',651,,16999,2,,,1,100,,17008,2,,,1,100,,17000,2,,,1,100,,17001,2,,,1,100,,17002,2,,,1,70,,17013,2,,,1,30,,17010,2,,,1,70,,17014,2,,,1,30,,17004,2,,,1,70,,17015,2,,,1,30,,17005,2,,,1,70,,17016,2,,,1,30,,17011,2,,,1,70,,17017,2,,,1,30,,17003,2,,,1,70,,17018,2,,,1,30,,17012,2,,,1,70,,17019,2,,,1,30,,16997,2,,,1,100,,17006,2,,,1,100,,17009,2,,,1,100,,17007,2,,,1,100,,16998,2,,,1
10101,'KP:323:0:Weekday',536,,17020,2,,,1,300,,17022,2,,,1,400,,17021,2,,,1
11401,'H:113:6:Sunday',747,,17790,2,,,1,99,,17791,2,,,1,100,,17792,2,,,1,98,,17793,2,,,1,99,,17794,2,,,1,100,,17795,2,,,1,99,,17796,2,,,1,100,,17797,2,,,1,101,,17798,2,,,1,100,,17799,2,,,1,101,,17800,2,,,1,102,,17801,2,,,1,100,,17802,2,,,1,101,,17803,2,,,1
11401,'H:123:0:Weekday',453,,17831,2,,,1,70,,17832,2,,,1,28,,17822,2,,,1,69,,17823,2,,,1,28,,17806,2,,,1,97,,17807,2,,,1,71,,17808,2,,,1,30,,17809,2,,,1,71,,17825,2,,,1,30,,17810,2,,,1,70,,17828,2,,,1,30,,17833,2,,,1,70,,17829,2,,,1,29,,17812,2,,,1,69,,17830,2,,,1,30,,17813,2,,,1,70,,17827,2,,,1,30,,17811,2,,,1,68,,17826,2,,,1,100,,17814,2,,,1,30,,17815,2,,,1,71,,17817,2,,,1,30,,17816,2,,,1,70,,17818,2,,,1,31,,17819,2,,,1,72,,17824,2,,,1,30,,17805,2,,,1,102,,17821,2,,,1,102,,17804,2,,,1,101,,17820,2,,,1
11401,'H:173:5:Saturday',648,,17834,2,,,1,99,,17836,2,,,1,98,,17837,2,,,1,100,,17835,2,,,1,98,,17838,2,,,1,100,,17840,2,,,1,99,,17841,2,,,1,100,,17839,2,,,1,99,,17844,2,,,1,100,,17842,2,,,1,102,,17845,2,,,1,101,,17843,2,,,1,101,,17846,2,,,1,101,,17847,2,,,1,101,,17848,2,,,1,101,,17849,2,,,1
11401,'KP:323:0:Weekday',717,,17851,2,,,1,726,,17850,2,,,1
13000,'H:113:6:Sunday',707,,18359,30,,,1,101,,18361,30,,,1,101,,18360,30,,,1,100,,18362,30,,,1,101,,18365,30,,,1,100,,18363,30,,,1,101,,18364,30,,,1,100,,18367,30,,,1,99,,18366,30,,,1,100,,18368,30,,,1,100,,18369,30,,,1,100,,18370,30,,,1,99,,18371,30,,,1,99,,18372,30,,,1,100,,18373,30,,,1
13000,'H:123:0:Weekday',537,,18393,30,,,1,71,,18396,30,,,1,30,,18382,30,,,1,71,,18397,30,,,1,31,,18374,30,,,1,71,,18384,30,,,1,30,,18375,30,,,1,70,,18398,30,,,1,29,,18383,30,,,1,70,,18400,30,,,1,30,,18392,30,,,1,70,,18401,30,,,1,30,,18389,30,,,1,70,,18402,30,,,1,30,,18390,30,,,1,70,,18403,30,,,1,30,,18391,30,,,1,70,,18404,30,,,1,30,,18388,30,,,1,71,,18405,30,,,1,30,,18376,30,,,1,71,,18394,30,,,1,30,,18386,30,,,1,70,,18385,30,,,1,30,,18377,30,,,1,69,,18387,30,,,1,29,,18378,30,,,1,70,,18399,30,,,1,30,,18379,30,,,1,99,,18380,30,,,1,99,,18381,30,,,1,99,,18395,30,,,1
13000,'H:173:5:Saturday',607,,18421,30,,,1,101,,18406,30,,,1,100,,18407,30,,,1,100,,18408,30,,,1,101,,18409,30,,,1,100,,18410,30,,,1,102,,18411,30,,,1,101,,18412,30,,,1,100,,18413,30,,,1,99,,18414,30,,,1,100,,18415,30,,,1,100,,18416,30,,,1,100,,18417,30,,,1,99,,18418,30,,,1,99,,18419,30,,,1,100,,18420,30,,,1,100,,18422,30,,,1
