10200,'H:111:6:Sunday:1:26SEP:1234567',724,,27569,14,,,1,30,,27584,14,,,1,70,,27570,14,,,1,30,,27585,14,,,1,70,,27571,14,,,1,30,,27586,14,,,1,70,,27572,14,,,1,30,,27587,14,,,1,71,,27573,14,,,1,30,,27588,14,,,1,70,,27574,14,,,1,30,,27589,14,,,1,70,,27575,14,,,1,30,,27590,14,,,1,70,,27576,14,,,1,30,,27591,14,,,1,70,,27577,14,,,1,30,,27592,14,,,1,70,,27579,14,,,1,30,,27593,14,,,1,70,,27580,14,,,1,30,,27594,14,,,1,70,,27581,14,,,1,30,,27595,14,,,1,69,,27578,14,,,1,100,,27582,14,,,1,100,,27583,14,,,1,100,,27596,14,,,1
10200,'H:111:6:Sunday:2:26SEP:1234567',724,,27597,14,,,1,30,,27612,14,,,1,70,,27598,14,,,1,30,,27613,14,,,1,70,,27599,14,,,1,30,,27614,14,,,1,70,,27600,14,,,1,30,,27615,14,,,1,71,,27601,14,,,1,30,,27616,14,,,1,70,,27602,14,,,1,30,,27617,14,,,1,70,,27603,14,,,1,30,,27618,14,,,1,70,,27604,14,,,1,30,,27619,14,,,1,70,,27605,14,,,1,30,,27620,14,,,1,70,,27607,14,,,1,30,,27621,14,,,1,70,,27608,14,,,1,30,,27622,14,,,1,70,,27609,14,,,1,30,,27623,14,,,1,69,,27606,14,,,1,100,,27610,14,,,1,100,,27611,14,,,1,100,,27624,14,,,1
10200,'H:121:0:Weekday:1:26SEP:12345',529,,27635,14,,,1,30,,27632,14,,,1,67,,27626,14,,,1,98,,27625,14,,,1,207,,27627,14,,,1,70,,27641,14,,,1,100,,27638,14,,,1,100,,27642,14,,,1,205,,27628,14,,,1,25,,27639,14,,,1,70,,27640,14,,,1,101,,27636,14,,,1,100,,27637,14,,,1,30,,27634,14,,,1,168,,27629,14,,,1,129,,27633,14,,,1,100,,27630,14,,,1,100,,27631,14,,,1
10200,'H:121:0:Weekday:2:26SEP:12345',529,,27653,14,,,1,30,,27650,14,,,1,67,,27644,14,,,1,98,,27643,14,,,1,207,,27645,14,,,1,70,,27659,14,,,1,100,,27656,14,,,1,100,,27660,14,,,1,205,,27646,14,,,1,25,,27657,14,,,1,70,,27658,14,,,1,101,,27654,14,,,1,100,,27655,14,,,1,30,,27652,14,,,1,168,,27647,14,,,1,129,,27651,14,,,1,100,,27648,14,,,1,100,,27649,14,,,1
10200,'H:171:5:Saturday:1:26SEP:6',624,,27665,14,,,1,30,,27666,14,,,1,70,,27667,14,,,1,30,,27668,14,,,1,70,,27669,14,,,1,30,,27670,14,,,1,71,,27671,14,,,1,30,,27672,14,,,1,70,,27673,14,,,1,31,,27674,14,,,1,70,,27675,14,,,1,30,,27676,14,,,1,70,,27677,14,,,1,30,,27678,14,,,1,70,,27680,14,,,1,30,,27681,14,,,1,70,,27683,14,,,1,30,,27679,14,,,1,70,,27684,14,,,1,30,,27685,14,,,1,70,,27682,14,,,1,30,,27686,14,,,1,70,,27687,14,,,1,30,,27688,14,,,1,69,,27689,14,,,1,30,,27690,14,,,1,70,,27662,14,,,1,100,,27664,14,,,1,99,,27663,14,,,1,100,,27661,14,,,1
10200,'H:171:5:Saturday:2:26SEP:6',624,,27695,14,,,1,30,,27696,14,,,1,70,,27697,14,,,1,30,,27698,14,,,1,70,,27699,14,,,1,30,,27700,14,,,1,71,,27701,14,,,1,30,,27702,14,,,1,70,,27703,14,,,1,31,,27704,14,,,1,70,,27705,14,,,1,30,,27706,14,,,1,70,,27707,14,,,1,30,,27708,14,,,1,70,,27710,14,,,1,30,,27711,14,,,1,70,,27713,14,,,1,30,,27709,14,,,1,70,,27714,14,,,1,30,,27715,14,,,1,70,,27712,14,,,1,30,,27716,14,,,1,70,,27717,14,,,1,30,,27718,14,,,1,69,,27719,14,,,1,30,,27720,14,,,1,70,,27692,14,,,1,100,,27694,14,,,1,99,,27693,14,,,1,100,,27691,14,,,1
10200,'KP:321:0:Weekday:1:26SEP:12345',654,,27727,14,,,1,100,,27728,14,,,1,77,,27732,14,,,1,70,,27729,14,,,1,130,,27734,14,,,1,100,,27721,14,,,1,100,,27722,14,,,1,70,,27733,14,,,1,30,,27723,14,,,1,200,,27724,14,,,1,101,,27731,14,,,1,170,,27730,14,,,1,29,,27726,14,,,1,99,,27725,14,,,1
10200,'KP:321:0:Weekday:2:26SEP:12345',654,,27741,14,,,1,100,,27742,14,,,1,77,,27746,14,,,1,70,,27743,14,,,1,130,,27748,14,,,1,100,,27735,14,,,1,100,,27736,14,,,1,70,,27747,14,,,1,30,,27737,14,,,1,200,,27738,14,,,1,101,,27745,14,,,1,170,,27744,14,,,1,29,,27740,14,,,1,99,,27739,14,,,1
11400,'H:111:6:Sunday:1:26SEP:1234567',724,,28971,15,,,1,101,,28972,15,,,1,100,,28973,15,,,1,100,,28974,15,,,1,101,,28975,15,,,1,100,,28976,15,,,1,100,,28977,15,,,1,100,,28978,15,,,1,100,,28981,15,,,1,100,,28982,15,,,1,100,,28983,15,,,1,100,,28979,15,,,1,99,,28980,15,,,1,100,,28984,15,,,1
11400,'H:111:6:Sunday:2:26SEP:1234567',724,,28985,15,,,1,101,,28986,15,,,1,100,,28987,15,,,1,100,,28988,15,,,1,101,,28989,15,,,1,100,,28990,15,,,1,100,,28991,15,,,1,100,,28992,15,,,1,100,,28995,15,,,1,100,,28996,15,,,1,100,,28997,15,,,1,100,,28993,15,,,1,99,,28994,15,,,1,100,,28998,15,,,1
11400,'H:121:0:Weekday:1:26SEP:12345',529,,29026,15,,,1,30,,29020,15,,,1,71,,29011,15,,,1,71,,28999,15,,,1,30,,29013,15,,,1,70,,29028,15,,,1,101,,29000,15,,,1,29,,29015,15,,,1,70,,29022,15,,,1,30,,29001,15,,,1,70,,29025,15,,,1,30,,29002,15,,,1,70,,29027,15,,,1,100,,29023,15,,,1,31,,29019,15,,,1,75,,29021,15,,,1,25,,29003,15,,,1,70,,29024,15,,,1,30,,29014,15,,,1,70,,29017,15,,,1,31,,29004,15,,,1,70,,29006,15,,,1,30,,29016,15,,,1,70,,29018,15,,,1,29,,29005,15,,,1,69,,29007,15,,,1,29,,29009,15,,,1,100,,29012,15,,,1,100,,29010,15,,,1,99,,29008,15,,,1
11400,'H:121:0:Weekday:2:26SEP:12345',529,,29056,15,,,1,30,,29050,15,,,1,71,,29041,15,,,1,71,,29029,15,,,1,30,,29043,15,,,1,70,,29058,15,,,1,101,,29030,15,,,1,29,,29045,15,,,1,70,,29052,15,,,1,30,,29031,15,,,1,70,,29055,15,,,1,30,,29032,15,,,1,70,,29057,15,,,1,100,,29053,15,,,1,31,,29049,15,,,1,75,,29051,15,,,1,25,,29033,15,,,1,70,,29054,15,,,1,30,,29044,15,,,1,70,,29047,15,,,1,31,,29034,15,,,1,70,,29036,15,,,1,30,,29046,15,,,1,70,,29048,15,,,1,29,,29035,15,,,1,69,,29037,15,,,1,29,,29039,15,,,1,100,,29042,15,,,1,100,,29040,15,,,1,99,,29038,15,,,1
11400,'H:171:5:Saturday:1:26SEP:6',624,,29074,15,,,1,100,,29059,15,,,1,101,,29060,15,,,1,101,,29062,15,,,1,100,,29065,15,,,1,100,,29064,15,,,1,100,,29061,15,,,1,100,,29075,15,,,1,100,,29063,15,,,1,100,,29069,15,,,1,100,,29067,15,,,1,100,,29071,15,,,1,100,,29068,15,,,1,99,,29066,15,,,1,99,,29072,15,,,1,100,,29070,15,,,1,100,,29073,15,,,1
11400,'H:171:5:Saturday:2:26SEP:6',624,,29091,15,,,1,100,,29076,15,,,1,101,,29077,15,,,1,101,,29079,15,,,1,100,,29082,15,,,1,100,,29081,15,,,1,100,,29078,15,,,1,100,,29092,15,,,1,100,,29080,15,,,1,100,,29086,15,,,1,100,,29084,15,,,1,100,,29088,15,,,1,100,,29085,15,,,1,99,,29083,15,,,1,99,,29089,15,,,1,100,,29087,15,,,1,100,,29090,15,,,1
11400,'KP:321:0:Weekday:1:26SEP:12345',832,,29094,15,,,1,399,,29093,15,,,1
11400,'KP:321:0:Weekday:2:26SEP:12345',832,,29096,15,,,1,399,,29095,15,,,1
