27000,'H:123:0:Weekday',440,,19309,1,,,1,105,,19310,1,,,1,100,,19311,1,,,1,1495,,19312,1,,,1
27001,'H:123:0:Weekday',620,,19315,31,,,1
27100,'H:113:6:Sunday',655,,19317,1,,,1,100,,19318,1,,,1,100,,19328,1,,,1,100,,19319,1,,,1,100,,19320,1,,,1,100,,19321,1,,,1,100,,19322,1,,,1,100,,19323,1,,,1,100,,19330,1,,,1,100,,19324,1,,,1,100,,19325,1,,,1,100,,19326,1,,,1,100,,19327,1,,,1,100,,19329,1,,,1
27100,'H:123:0:Weekday',740,,19334,1,,,1,415,,19335,1,,,1,100,,19344,1,,,1,100,,19337,1,,,1,100,,19338,1,,,1,150,,19336,1,,,1,100,,19339,1,,,1,100,,19341,1,,,1,50,,19342,1,,,1,100,,19343,1,,,1,100,,19340,1,,,1
27100,'H:173:5:Saturday',655,,19354,1,,,1,100,,19346,1,,,1,100,,19355,1,,,1,100,,19347,1,,,1,100,,19353,1,,,1,100,,19345,1,,,1,100,,19352,1,,,1,100,,19348,1,,,1,100,,19356,1,,,1,100,,19349,1,,,1,100,,19351,1,,,1,100,,19350,1,,,1,100,,19357,1,,,1,100,,19358,1,,,1,100,,19359,1,,,1
27100,'KP:323:0:Weekday',855,,19360,1,,,1,100,,19363,1,,,1,100,,19361,1,,,1
27101,'H:113:6:Sunday',811,,19377,44,,,1,112,,19367,44,,,1,104,,19364,44,,,1,102,,19365,44,,,1,101,,19366,44,,,1,100,,19368,44,,,1,100,,19375,44,,,1,101,,19369,44,,,1,100,,19370,44,,,1,100,,19372,44,,,1,98,,19371,44,,,1,98,,19373,44,,,1,99,,19376,44,,,1,100,,19374,44,,,1
27101,'H:123:0:Weekday',730,,19378,44,,,1,400,,19379,44,,,1,103,,19390,44,,,1,105,,19380,44,,,1,100,,19382,44,,,1,106,,19381,44,,,1,103,,19383,44,,,1,99,,19388,44,,,1,95,,19384,44,,,1,93,,19385,44,,,1,96,,19386,44,,,1,97,,19389,44,,,1,100,,19387,44,,,1
27101,'H:173:5:Saturday',814,,19391,44,,,1,113,,19397,44,,,1,104,,19394,44,,,1,104,,19398,44,,,1,103,,19395,44,,,1,100,,19400,44,,,1,98,,19396,44,,,1,100,,19401,44,,,1,98,,19393,44,,,1,100,,19399,44,,,1,100,,19392,44,,,1,97,,19402,44,,,1,99,,19403,44,,,1,97,,19404,44,,,1,100,,19405,44,,,1
27101,'KP:323:0:Weekday',831,,19406,44,,,1,100,,19408,44,,,1,99,,19407,44,,,1
