20900,'H:113:6:Sunday:3:26MAR:1234567',802,,24088,7,,,1,100,,24082,7,,,1,100,,24080,7,,,1,100,,24092,7,,,1,101,,24084,7,,,1,101,,24090,7,,,1,100,,24081,7,,,1,101,,24083,7,,,1,100,,24091,7,,,1,100,,24086,7,,,1,99,,24087,7,,,1,99,,24085,7,,,1,100,,24089,7,,,1
20900,'H:123:0:Weekday:3:26MAR:12345',605,,24105,7,,,1,101,,24106,7,,,1,100,,24108,7,,,1,100,,24107,7,,,1,100,,24104,7,,,1,100,,24100,7,,,1,101,,24098,7,,,1,97,,24102,7,,,1,100,,24096,7,,,1,100,,24101,7,,,1,100,,24103,7,,,1,100,,24095,7,,,1,100,,24097,7,,,1,99,,24099,7,,,1,100,,24093,7,,,1,100,,24094,7,,,1,99,,24109,7,,,1
20900,'H:123:0:Weekday:4:26MAR:12345',605,,24122,7,,,1,101,,24123,7,,,1,100,,24125,7,,,1,100,,24124,7,,,1,100,,24121,7,,,1,100,,24117,7,,,1,101,,24115,7,,,1,97,,24119,7,,,1,100,,24113,7,,,1,100,,24118,7,,,1,100,,24120,7,,,1,100,,24112,7,,,1,100,,24114,7,,,1,99,,24116,7,,,1,100,,24110,7,,,1,100,,24111,7,,,1,99,,24126,7,,,1
20900,'H:173:5:Saturday:3:26MAR:6',701,,24136,7,,,1,100,,24129,7,,,1,101,,24127,7,,,1,101,,24139,7,,,1,100,,24132,7,,,1,101,,24138,7,,,1,100,,24130,7,,,1,100,,24128,7,,,1,101,,24141,7,,,1,100,,24133,7,,,1,100,,24137,7,,,1,100,,24131,7,,,1,99,,24134,7,,,1,99,,24140,7,,,1,100,,24135,7,,,1
22200,'H:113:6:Sunday:3:26MAR:1234567',751,,24352,33,,,1,91,,24351,33,,,1,90,,24343,33,,,1,91,,24338,33,,,1,91,,24341,33,,,1,92,,24347,33,,,1,51,,24339,33,,,1,90,,24344,33,,,1,90,,24346,33,,,1,90,,24340,33,,,1,88,,24342,33,,,1,90,,24348,33,,,1,50,,24349,33,,,1,89,,24345,33,,,1,89,,24350,33,,,1
22200,'H:123:0:Weekday:3:26MAR:12345',644,,24355,33,,,1,83,,24353,33,,,1,93,,24356,33,,,1,95,,24354,33,,,1,91,,24357,33,,,1,50,,24359,33,,,1,91,,24360,33,,,1,90,,24361,33,,,1,91,,24358,33,,,1,90,,24363,33,,,1,90,,24364,33,,,1,92,,24365,33,,,1,50,,24362,33,,,1,86,,24366,33,,,1,89,,24368,33,,,1,88,,24369,33,,,1,90,,24367,33,,,1
22200,'H:123:0:Weekday:4:26MAR:12345',644,,24372,33,,,1,83,,24370,33,,,1,93,,24373,33,,,1,95,,24371,33,,,1,91,,24374,33,,,1,50,,24376,33,,,1,91,,24377,33,,,1,90,,24378,33,,,1,91,,24375,33,,,1,90,,24380,33,,,1,90,,24381,33,,,1,92,,24382,33,,,1,50,,24379,33,,,1,86,,24383,33,,,1,89,,24385,33,,,1,88,,24386,33,,,1,90,,24384,33,,,1
22200,'H:173:5:Saturday:3:26MAR:6',610,,24401,33,,,1,90,,24387,33,,,1,52,,24388,33,,,1,91,,24398,33,,,1,90,,24402,33,,,1,92,,24403,33,,,1,91,,24394,33,,,1,91,,24389,33,,,1,51,,24390,33,,,1,91,,24397,33,,,1,90,,24396,33,,,1,89,,24399,33,,,1,89,,24393,33,,,1,90,,24395,33,,,1,49,,24400,33,,,1,88,,24391,33,,,1,90,,24392,33,,,1,83,,24404,33,,,1
22201,'H:113:6:Sunday:3:26MAR:1234567',717,,24405,21,,,1,90,,24408,21,,,1,50,,24406,21,,,1,90,,24409,21,,,1,90,,24407,21,,,1,90,,24410,21,,,1,91,,24411,21,,,1,90,,24414,21,,,1,50,,24415,21,,,1,90,,24412,21,,,1,90,,24416,21,,,1,90,,24417,21,,,1,90,,24418,21,,,1,89,,24413,21,,,1,50,,24419,21,,,1
22201,'H:123:0:Weekday:3:26MAR:12345',610,,24421,21,,,1,46,,24422,21,,,1,95,,24423,21,,,1,90,,24424,21,,,1,90,,24425,21,,,1,90,,24426,21,,,1,90,,24427,21,,,1,90,,24428,21,,,1,50,,24429,21,,,1,91,,24430,21,,,1,90,,24432,21,,,1,90,,24433,21,,,1,90,,24434,21,,,1,90,,24431,21,,,1,49,,24420,21,,,1,89,,24435,21,,,1,90,,24436,21,,,1,90,,24437,21,,,1,90,,24438,21,,,1
22201,'H:123:0:Weekday:4:26MAR:12345',610,,24440,21,,,1,46,,24441,21,,,1,95,,24442,21,,,1,90,,24443,21,,,1,90,,24444,21,,,1,90,,24445,21,,,1,90,,24446,21,,,1,90,,24447,21,,,1,50,,24448,21,,,1,91,,24449,21,,,1,90,,24451,21,,,1,90,,24452,21,,,1,90,,24453,21,,,1,90,,24450,21,,,1,49,,24439,21,,,1,89,,24454,21,,,1,90,,24455,21,,,1,90,,24456,21,,,1,90,,24457,21,,,1
22201,'H:173:5:Saturday:3:26MAR:6',717,,24461,21,,,1,90,,24462,21,,,1,50,,24463,21,,,1,90,,24464,21,,,1,90,,24465,21,,,1,90,,24466,21,,,1,90,,24467,21,,,1,91,,24469,21,,,1,50,,24471,21,,,1,90,,24468,21,,,1,90,,24472,21,,,1,90,,24470,21,,,1,90,,24473,21,,,1,90,,24474,21,,,1,50,,24475,21,,,1,90,,24458,21,,,1,89,,24459,21,,,1,90,,24460,21,,,1
