10101,'H:111:6:Sunday:3:26SEP:1234567',716,,35775,34,4,,1,101,,35776,34,4,,1,105,,35778,34,4,,1,101,,35780,34,4,,1,100,,35777,34,4,,1,102,,35781,34,4,,1,102,,35779,34,4,,1,30,,35790,34,4,,1,70,,35782,34,4,,1,30,,35791,34,4,,1,69,,35784,34,4,,1,30,,35792,34,4,,1,70,,35785,34,4,,1,30,,35793,34,4,,1,70,,35786,34,4,,1,28,,35794,34,4,,1,70,,35787,34,4,,1,100,,35788,34,4,,1,98,,35789,34,4,,1,99,,35783,34,4,,1
10101,'H:121:0:Weekday:3:26SEP:12345',533,,35795,34,4,,1,70,,35829,34,4,,1,33,,35796,34,4,,1,72,,35797,34,4,,1,32,,35798,34,4,,1,72,,35799,34,4,,1,31,,35800,34,4,,1,68,,35830,34,4,,1,100,,35821,34,4,,1,31,,35801,34,4,,1,72,,35822,34,4,,1,30,,35802,34,4,,1,70,,35823,34,4,,1,30,,35803,34,4,,1,70,,35828,34,4,,1,31,,35804,34,4,,1,72,,35824,34,4,,1,31,,35805,34,4,,1,71,,35806,34,4,,1,30,,35807,34,4,,1,71,,35808,34,4,,1,30,,35809,34,4,,1,70,,35810,34,4,,1,30,,35814,34,4,,1,66,,35816,34,4,,1,30,,35812,34,4,,1,68,,35811,34,4,,1,29,,35813,34,4,,1,67,,35815,34,4,,1,30,,35817,34,4,,1,69,,35825,34,4,,1,30,,35818,34,4,,1,67,,35826,34,4,,1,29,,35819,34,4,,1,69,,35827,34,4,,1,29,,35820,34,4,,1
10101,'H:171:5:Saturday:3:26SEP:6',718,,35833,34,4,,1,103,,35842,34,4,,1,102,,35834,34,4,,1,102,,35835,34,4,,1,103,,35836,34,4,,1,31,,35847,34,4,,1,70,,35844,34,4,,1,30,,35848,34,4,,1,70,,35838,34,4,,1,30,,35849,34,4,,1,70,,35839,34,4,,1,30,,35850,34,4,,1,70,,35845,34,4,,1,30,,35851,34,4,,1,69,,35837,34,4,,1,30,,35852,34,4,,1,70,,35846,34,4,,1,30,,35853,34,4,,1,70,,35831,34,4,,1,99,,35840,34,4,,1,99,,35843,34,4,,1,98,,35841,34,4,,1,97,,35832,34,4,,1
10101,'KP:321:0:Weekday:3:26SEP:12345',941,,35854,34,4,,1
10601,'H:111:6:Sunday:3:26SEP:1234567',735,,36240,44,4,,1,100,,36226,44,4,,1,103,,36227,44,4,,1,102,,36228,44,4,,1,103,,36229,44,4,,1,101,,36230,44,4,,1,100,,36231,44,4,,1,100,,36232,44,4,,1,99,,36234,44,4,,1,100,,36235,44,4,,1,100,,36236,44,4,,1,99,,36233,44,4,,1,100,,36237,44,4,,1,98,,36238,44,4,,1,98,,36239,44,4,,1
10601,'H:121:0:Weekday:3:26SEP:12345',552,,36241,44,4,,1,105,,36242,44,4,,1,144,,36243,44,4,,1,103,,36244,44,4,,1,97,,36245,44,4,,1,99,,36246,44,4,,1,102,,36248,44,4,,1,101,,36249,44,4,,1,101,,36250,44,4,,1,100,,36247,44,4,,1,109,,36252,44,4,,1,100,,36258,44,4,,1,99,,36253,44,4,,1,94,,36251,44,4,,1,96,,36254,44,4,,1,98,,36255,44,4,,1,54,,36256,44,4,,1,98,,36257,44,4,,1
10601,'H:171:5:Saturday:3:26SEP:6',634,,36273,44,4,,1,100,,36272,44,4,,1,104,,36259,44,4,,1,100,,36260,44,4,,1,101,,36261,44,4,,1,103,,36262,44,4,,1,102,,36264,44,4,,1,100,,36265,44,4,,1,99,,36266,44,4,,1,100,,36263,44,4,,1,100,,36267,44,4,,1,100,,36268,44,4,,1,100,,36269,44,4,,1,99,,36270,44,4,,1,97,,36271,44,4,,1,98,,36274,44,4,,1,100,,36275,44,4,,1
10900,'H:111:6:Sunday:3:26SEP:1234567',836,,36281,35,,,1,103,,36285,35,,,1,100,,36276,35,,,1,101,,36277,35,,,1,103,,36288,35,,,1,101,,36279,35,,,1,99,,36284,35,,,1,100,,36278,35,,,1,99,,36280,35,,,1,97,,36287,35,,,1,99,,36283,35,,,1,98,,36286,35,,,1,100,,36282,35,,,1,98,,36289,35,,,1
10900,'H:121:0:Weekday:3:26SEP:12345',532,,36303,35,,,1,107,,36297,35,,,1,106,,36293,35,,,1,97,,36299,35,,,1,104,,36306,35,,,1,101,,36291,35,,,1,100,,36305,35,,,1,101,,36304,35,,,1,100,,36296,35,,,1,102,,36302,35,,,1,101,,36294,35,,,1,100,,36298,35,,,1,99,,36301,35,,,1,98,,36295,35,,,1,97,,36292,35,,,1,98,,36290,35,,,1,100,,36300,35,,,1
10900,'H:171:5:Saturday:3:26SEP:6',736,,36311,35,,,1,102,,36314,35,,,1,101,,36310,35,,,1,104,,36307,35,,,1,102,,36319,35,,,1,101,,36312,35,,,1,100,,36317,35,,,1,100,,36308,35,,,1,97,,36309,35,,,1,100,,36321,35,,,1,99,,36313,35,,,1,97,,36318,35,,,1,98,,36315,35,,,1,99,,36316,35,,,1,100,,36320,35,,,1
20100,'H:111:6:Sunday:3:26SEP:1234567',811,,37450,30,,,1,100,,37452,30,,,1,101,,37453,30,,,1,40,,37451,30,,,1,80,,37454,30,,,1,80,,37449,30,,,1,40,,37455,30,,,1,80,,37456,30,,,1,80,,37457,30,,,1,40,,37458,30,,,1,80,,37460,30,,,1,80,,37461,30,,,1,40,,37462,30,,,1,80,,37464,30,,,1,80,,37465,30,,,1,40,,37466,30,,,1,80,,37467,30,,,1,80,,37468,30,,,1,99,,37459,30,,,1,100,,37463,30,,,1
20100,'H:121:0:Weekday:3:26SEP:12345',546,,37472,30,,,1,81,,37482,30,,,1,76,,37489,30,,,1,30,,37473,30,,,1,271,,37488,30,,,1,30,,37483,30,,,1,270,,37478,30,,,1,30,,37486,30,,,1,170,,37479,30,,,1,101,,37480,30,,,1,30,,37481,30,,,1,70,,37485,30,,,1,30,,37487,30,,,1,98,,37474,30,,,1,99,,37469,30,,,1,70,,37484,30,,,1,30,,37470,30,,,1,70,,37471,30,,,1,30,,37475,30,,,1,70,,37476,30,,,1,50,,37477,30,,,1
20100,'H:171:5:Saturday:3:26SEP:6',711,,37502,30,,,1,100,,37492,30,,,1,101,,37501,30,,,1,100,,37493,30,,,1,41,,37494,30,,,1,80,,37499,30,,,1,80,,37500,30,,,1,40,,37491,30,,,1,80,,37503,30,,,1,80,,37495,30,,,1,40,,37490,30,,,1,80,,37504,30,,,1,80,,37496,30,,,1,40,,37498,30,,,1,80,,37507,30,,,1,80,,37508,30,,,1,40,,37509,30,,,1,79,,37506,30,,,1,80,,37510,30,,,1,99,,37497,30,,,1,100,,37505,30,,,1,100,,37511,30,,,1
20100,'KP:321:0:Weekday:3:26SEP:12345',803,,37518,30,,,1,30,,37512,30,,,1,70,,37513,30,,,1,30,,37519,30,,,1,171,,37520,30,,,1,30,,37521,30,,,1,70,,37522,30,,,1,30,,37523,30,,,1,170,,37517,30,,,1,30,,37524,30,,,1,101,,37514,30,,,1,269,,37515,30,,,1,98,,37516,30,,,1
20200,'H:111:6:Sunday:3:26SEP:1234567',641,,37620,40,,,1,100,,37613,40,,,1,100,,37600,40,,,1,100,,37599,40,,,1,91,,37601,40,,,1,80,,37602,40,,,1,40,,37603,40,,,1,80,,37606,40,,,1,80,,37604,40,,,1,40,,37607,40,,,1,80,,37605,40,,,1,80,,37609,40,,,1,40,,37608,40,,,1,80,,37610,40,,,1,80,,37614,40,,,1,40,,37615,40,,,1,80,,37616,40,,,1,80,,37617,40,,,1,40,,37618,40,,,1,89,,37611,40,,,1,100,,37612,40,,,1,100,,37619,40,,,1
20200,'H:121:0:Weekday:3:26SEP:12345',452,,37629,1,,,1,74,,37637,40,,,1,121,,37624,40,,,1,201,,37625,40,,,1,70,,37626,40,,,1,30,,37634,40,,,1,70,,37638,40,,,1,201,,37636,40,,,1,30,,37635,40,,,1,271,,37633,40,,,1,100,,37627,40,,,1,100,,37628,40,,,1,198,,37622,40,,,1,30,,37621,40,,,1,99,,37623,40,,,1,70,,37630,40,,,1,30,,37631,40,,,1,74,,37632,40,,,1
20200,'H:171:5:Saturday:3:26SEP:6',540,,37662,40,,,1,70,,37656,40,,,1,30,,37640,40,,,1,100,,37641,40,,,1,101,,37652,40,,,1,101,,37646,40,,,1,90,,37639,40,,,1,80,,37642,40,,,1,40,,37650,40,,,1,80,,37644,40,,,1,80,,37643,40,,,1,41,,37645,40,,,1,80,,37653,40,,,1,80,,37647,40,,,1,40,,37648,40,,,1,80,,37649,40,,,1,79,,37657,40,,,1,40,,37658,40,,,1,80,,37659,40,,,1,80,,37660,40,,,1,40,,37661,40,,,1,89,,37654,40,,,1,100,,37651,40,,,1,99,,37655,40,,,1
20200,'KP:321:0:Weekday:3:26SEP:12345',607,,37664,40,,,1,111,,37666,40,,,1,30,,37674,40,,,1,70,,37679,40,,,1,230,,37675,40,,,1,70,,37676,40,,,1,30,,37678,40,,,1,171,,37671,40,,,1,30,,37677,40,,,1,70,,37673,40,,,1,30,,37667,40,,,1,101,,37672,40,,,1,100,,37668,40,,,1,100,,37669,40,,,1,69,,37670,40,,,1,30,,37665,40,,,1,168,,37663,40,,,1
