10200,'H:171:5:Saturday:3:26SEP:6',905,,35910,26,4,,1,404,,35918,26,4,,1,199,,35919,26,4,,1
13000,'H:111:6:Sunday:3:26SEP:1234567',723,,37188,50,4,,1,102,,37190,50,4,,1,102,,37189,50,4,,1,102,,37191,50,4,,1,101,,37194,50,4,,1,100,,37192,50,4,,1,102,,37193,50,4,,1,100,,37196,50,4,,1,99,,37195,50,4,,1,100,,37197,50,4,,1,100,,37198,50,4,,1,98,,37199,50,4,,1,98,,37200,50,4,,1,98,,37201,50,4,,1,100,,37202,50,4,,1
13000,'H:121:0:Weekday:3:26SEP:12345',554,,37222,50,4,,1,73,,37225,50,4,,1,31,,37211,50,4,,1,71,,37226,50,4,,1,71,,37203,50,4,,1,103,,37204,50,4,,1,29,,37227,50,4,,1,69,,37212,50,4,,1,31,,37229,50,4,,1,70,,37221,50,4,,1,31,,37230,50,4,,1,70,,37218,50,4,,1,30,,37231,50,4,,1,70,,37219,50,4,,1,30,,37232,50,4,,1,71,,37220,50,4,,1,30,,37233,50,4,,1,72,,37217,50,4,,1,30,,37234,50,4,,1,71,,37205,50,4,,1,31,,37223,50,4,,1,70,,37215,50,4,,1,30,,37214,50,4,,1,69,,37206,50,4,,1,27,,37216,50,4,,1,69,,37207,50,4,,1,28,,37228,50,4,,1,69,,37208,50,4,,1,58,,37209,50,4,,1,99,,37210,50,4,,1,98,,37224,50,4,,1
13000,'H:171:5:Saturday:3:26SEP:6',622,,37250,50,4,,1,102,,37235,50,4,,1,103,,37236,50,4,,1,101,,37237,50,4,,1,101,,37238,50,4,,1,103,,37239,50,4,,1,501,,37244,50,4,,1,99,,37245,50,4,,1,99,,37246,50,4,,1,98,,37247,50,4,,1,99,,37248,50,4,,1,97,,37249,50,4,,1,98,,37251,50,4,,1
13001,'H:111:6:Sunday:3:26SEP:1234567',648,,37266,1,,,1,99,,37252,1,,,1,98,,37253,1,,,1,98,,37254,1,,,1,99,,37255,1,,,1,104,,37256,1,,,1,99,,37257,1,,,1,98,,37258,1,,,1,99,,37259,1,,,1,100,,37260,1,,,1,102,,37261,1,,,1,100,,37263,1,,,1,98,,37262,1,,,1,97,,37264,1,,,1,101,,37265,1,,,1
13001,'H:121:0:Weekday:3:26SEP:12345',433,,37289,1,,,1,68,,37291,1,,,1,29,,37274,1,,,1,27,,37292,1,,,1,69,,37275,1,,,1,28,,37268,1,,,1,70,,37276,1,,,1,29,,37270,1,,,1,71,,37277,1,,,1,30,,37293,1,,,1,71,,37267,1,,,1,30,,37294,1,,,1,69,,37285,1,,,1,29,,37295,1,,,1,70,,37283,1,,,1,30,,37296,1,,,1,69,,37281,1,,,1,30,,37297,1,,,1,69,,37282,1,,,1,30,,37298,1,,,1,68,,37284,1,,,1,29,,37279,1,,,1,68,,37288,1,,,1,31,,37280,1,,,1,71,,37287,1,,,1,30,,37269,1,,,1,71,,37278,1,,,1,30,,37271,1,,,1,73,,37286,1,,,1,103,,37272,1,,,1,107,,37273,1,,,1,97,,37290,1,,,1
13001,'H:171:5:Saturday:3:26SEP:6',548,,37315,1,,,1,100,,37299,1,,,1,99,,37300,1,,,1,95,,37301,1,,,1,99,,37302,1,,,1,98,,37303,1,,,1,103,,37304,1,,,1,100,,37305,1,,,1,100,,37306,1,,,1,100,,37307,1,,,1,100,,37308,1,,,1,100,,37309,1,,,1,101,,37310,1,,,1,98,,37311,1,,,1,96,,37312,1,,,1,101,,37313,1,,,1,101,,37314,1,,,1
16600,'H:121:0:Weekday:3:26SEP:12345',911,,37332,58,4,,1
16600,'KP:321:0:Weekday:3:26SEP:12345',810,,37372,58,4,,1
90900,'H:111:6:Sunday:3:26SEP:1234567',700,,39789,22,4,,1,40,,39790,22,4,,1,100,,39791,22,4,,1,85,,39792,22,4,,1,85,,39793,22,4,,1,45,,39794,22,4,,1,85,,39795,22,4,,1,85,,39796,22,4,,1,100,,39797,22,4,,1,90,,39798,22,4,,1,90,,39799,22,4,,1,40,,39800,22,4,,1,90,,39801,22,4,,1,80,,39802,22,4,,1,90,,39804,22,4,,1,40,,39805,22,4,,1,85,,39806,22,4,,1,90,,39803,22,4,,1,35,,39807,22,4,,1,85,,39808,22,4,,1,75,,39809,22,4,,1
90900,'H:121:0:Weekday:3:26SEP:12345',600,,39810,22,4,,1,100,,39811,22,4,,1,40,,39812,22,4,,1,100,,39813,22,4,,1,170,,39814,22,4,,1,45,,39815,22,4,,1,85,,39816,22,4,,1,85,,39817,22,4,,1,100,,39818,22,4,,1,90,,39819,22,4,,1,90,,39820,22,4,,1,40,,39821,22,4,,1,90,,39822,22,4,,1,80,,39823,22,4,,1,90,,39824,22,4,,1,40,,39825,22,4,,1,85,,39826,22,4,,1,90,,39827,22,4,,1,35,,39828,22,4,,1,160,,39829,22,4,,1
90900,'H:171:5:Saturday:3:26SEP:6',600,,39830,22,4,,1,100,,39831,22,4,,1,40,,39833,22,4,,1,100,,39834,22,4,,1,170,,39832,22,4,,1,45,,39836,22,4,,1,85,,39837,22,4,,1,85,,39838,22,4,,1,100,,39839,22,4,,1,90,,39840,22,4,,1,90,,39841,22,4,,1,40,,39842,22,4,,1,90,,39843,22,4,,1,80,,39844,22,4,,1,90,,39845,22,4,,1,40,,39846,22,4,,1,85,,39847,22,4,,1,90,,39848,22,4,,1,35,,39849,22,4,,1,85,,39850,22,4,,1,75,,39851,22,4,,1,85,,39852,22,4,,1
90901,'H:111:6:Sunday:3:26SEP:1234567',705,,39854,1,,,1,40,,39855,1,,,1,90,,39856,1,,,1,85,,39858,1,,,1,95,,39860,1,,,1,90,,39861,1,,,1,45,,39857,1,,,1,85,,39862,1,,,1,90,,39859,1,,,1,85,,39863,1,,,1,100,,39864,1,,,1,40,,39865,1,,,1,90,,39866,1,,,1,80,,39867,1,,,1,90,,39868,1,,,1,45,,39869,1,,,1,85,,39870,1,,,1,85,,39871,1,,,1,75,,39872,1,,,1,50,,39873,1,,,1
90901,'H:121:0:Weekday:3:26SEP:12345',525,,39874,1,,,1,85,,39875,1,,,1,95,,39876,1,,,1,40,,39877,1,,,1,175,,39878,1,,,1,95,,39879,1,,,1,90,,39880,1,,,1,45,,39881,1,,,1,85,,39882,1,,,1,90,,39883,1,,,1,85,,39884,1,,,1,100,,39885,1,,,1,40,,39886,1,,,1,90,,39887,1,,,1,80,,39888,1,,,1,90,,39889,1,,,1,45,,39890,1,,,1,85,,39891,1,,,1,85,,39892,1,,,1,75,,39893,1,,,1,120,,39894,1,,,1
90901,'H:171:5:Saturday:3:26SEP:6',525,,39895,1,,,1,85,,39896,1,,,1,95,,39897,1,,,1,40,,39898,1,,,1,90,,39899,1,,,1,85,,39901,1,,,1,95,,39902,1,,,1,90,,39903,1,,,1,45,,39900,1,,,1,85,,39904,1,,,1,90,,39905,1,,,1,85,,39906,1,,,1,100,,39907,1,,,1,40,,39908,1,,,1,90,,39909,1,,,1,80,,39910,1,,,1,90,,39911,1,,,1,45,,39912,1,,,1,85,,39913,1,,,1,85,,39914,1,,,1,75,,39915,1,,,1,50,,39916,1,,,1,70,,39917,1,,,1
90901,'KP:321:0:Weekday:3:26SEP:12345',835,,39918,1,,,1
