27000,'H:121:0:Weekday:1:26SEP:12345',533,,32145,38,4,,1,116,,32146,38,4,,1,105,,32148,38,4,,1,1492,,32147,38,4,,1
27000,'H:121:0:Weekday:2:26SEP:12345',533,,32149,38,4,,1,116,,32150,38,4,,1,105,,32152,38,4,,1,1492,,32151,39,4,,1
27000,'KP:321:0:Weekday:1:26SEP:12345',1845,,32153,23,4,,1
27000,'KP:321:0:Weekday:2:26SEP:12345',1845,,32154,24,4,,1
27100,'H:111:6:Sunday:1:26SEP:1234567',806,,32161,52,4,,1,100,,32162,52,4,,1,102,,32172,52,4,,1,101,,32163,52,4,,1,102,,32164,52,4,,1,103,,32165,52,4,,1,101,,32166,52,4,,1,101,,32167,52,4,,1,100,,32174,52,4,,1,100,,32168,52,4,,1,97,,32169,52,4,,1,97,,32170,52,4,,1,98,,32171,52,4,,1,98,,32173,52,4,,1
27100,'H:111:6:Sunday:2:26SEP:1234567',806,,32175,52,4,,1,100,,32176,53,4,,1,102,,32186,53,4,,1,101,,32177,53,4,,1,102,,32178,53,4,,1,103,,32179,53,4,,1,101,,32180,53,4,,1,101,,32181,53,4,,1,100,,32188,53,4,,1,100,,32182,53,4,,1,97,,32183,53,4,,1,97,,32184,53,4,,1,98,,32185,53,4,,1,98,,32187,53,4,,1
27100,'H:121:0:Weekday:1:26SEP:12345',724,,32198,38,4,,1,101,,32189,38,4,,1,105,,32190,52,4,,1,101,,32191,52,4,,1,101,,32199,52,4,,1,200,,32192,52,4,,1,209,,32193,52,4,,1,199,,32194,52,4,,1,189,,32195,52,4,,1,196,,32196,52,4,,1,100,,32197,52,4,,1
27100,'H:121:0:Weekday:2:26SEP:12345',724,,32209,38,4,,1,101,,32200,38,4,,1,105,,32201,53,4,,1,101,,32202,53,4,,1,101,,32210,53,4,,1,200,,32203,53,4,,1,209,,32204,53,4,,1,199,,32205,53,4,,1,189,,32206,53,4,,1,196,,32207,53,4,,1,100,,32208,53,4,,1
27100,'H:171:5:Saturday:1:26SEP:6',808,,32220,52,4,,1,100,,32212,52,4,,1,105,,32221,52,4,,1,103,,32213,52,4,,1,102,,32219,52,4,,1,100,,32211,52,4,,1,101,,32218,52,4,,1,100,,32214,52,4,,1,99,,32222,52,4,,1,99,,32215,52,4,,1,99,,32217,52,4,,1,97,,32216,52,4,,1,99,,32223,52,4,,1,99,,32224,52,4,,1,99,,32225,52,4,,1
27100,'H:171:5:Saturday:2:26SEP:6',808,,32235,52,4,,1,100,,32227,53,4,,1,105,,32236,53,4,,1,103,,32228,53,4,,1,102,,32234,53,4,,1,100,,32226,53,4,,1,101,,32233,53,4,,1,100,,32229,53,4,,1,99,,32237,53,4,,1,99,,32230,53,4,,1,99,,32232,53,4,,1,97,,32231,53,4,,1,99,,32238,53,4,,1,99,,32239,53,4,,1,99,,32240,53,4,,1
27100,'KP:321:0:Weekday:1:26SEP:12345',611,,32246,38,4,,1,289,,32241,52,4,,1,332,,32242,52,4,,1,205,,32243,52,4,,1,208,,32245,52,4,,1,189,,32244,52,4,,1,191,,32247,52,4,,1
27100,'KP:321:0:Weekday:2:26SEP:12345',611,,32253,38,4,,1,289,,32248,53,4,,1,332,,32249,53,4,,1,205,,32250,53,4,,1,208,,32252,53,4,,1,189,,32251,53,4,,1,191,,32254,53,4,,1
28000,'H:111:6:Sunday:1:26SEP:1234567',842,,32347,50,4,,1,102,,32348,50,4,,1,100,,32349,50,4,,1,102,,32350,50,4,,1,101,,32358,50,4,,1,100,,32352,50,4,,1,100,,32351,50,4,,1,100,,32353,50,4,,1,100,,32354,50,4,,1,100,,32355,50,4,,1,99,,32359,50,4,,1,99,,32357,50,4,,1,99,,32356,50,4,,1
28000,'H:111:6:Sunday:2:26SEP:1234567',842,,32360,50,4,,1,102,,32361,50,4,,1,100,,32362,50,4,,1,102,,32363,50,4,,1,101,,32371,50,4,,1,100,,32365,50,4,,1,100,,32364,50,4,,1,100,,32366,50,4,,1,100,,32367,50,4,,1,100,,32368,50,4,,1,99,,32372,50,4,,1,99,,32370,50,4,,1,99,,32369,50,4,,1
28000,'H:121:0:Weekday:1:26SEP:12345',538,,32388,50,4,,1,119,,32390,50,4,,1,151,,32373,50,4,,1,23,,32389,27,4,,1,28,,32374,50,4,,1,69,,32375,27,4,,1,231,,32376,50,4,,1,241,,32377,50,4,,1,38,,32378,27,4,,1,103,,32379,27,4,,1,62,,32380,50,4,,1,100,,32381,50,4,,1,34,,32382,27,4,,1,63,,32383,50,4,,1,100,,32384,50,4,,1,57,,32385,50,4,,1,98,,32386,50,4,,1,100,,32387,50,4,,1
28000,'H:121:0:Weekday:2:26SEP:12345',538,,32406,50,4,,1,119,,32408,50,4,,1,151,,32391,50,4,,1,23,,32407,27,4,,1,28,,32392,50,4,,1,69,,32393,27,4,,1,231,,32394,50,4,,1,241,,32395,50,4,,1,38,,32396,27,4,,1,103,,32397,27,4,,1,62,,32398,50,4,,1,100,,32399,50,4,,1,34,,32400,27,4,,1,63,,32401,50,4,,1,100,,32402,50,4,,1,57,,32403,50,4,,1,98,,32404,50,4,,1,100,,32405,50,4,,1
28000,'H:171:5:Saturday:1:26SEP:6',744,,32421,50,4,,1,102,,32409,50,4,,1,100,,32417,50,4,,1,102,,32410,50,4,,1,101,,32419,50,4,,1,100,,32420,50,4,,1,101,,32411,50,4,,1,100,,32412,50,4,,1,100,,32414,50,4,,1,100,,32413,50,4,,1,99,,32415,50,4,,1,97,,32416,50,4,,1,98,,32418,50,4,,1,100,,32422,50,4,,1
28000,'H:171:5:Saturday:2:26SEP:6',744,,32435,50,4,,1,102,,32423,50,4,,1,100,,32431,50,4,,1,102,,32424,50,4,,1,101,,32433,50,4,,1,100,,32434,50,4,,1,101,,32425,50,4,,1,100,,32426,50,4,,1,100,,32428,50,4,,1,100,,32427,50,4,,1,99,,32429,50,4,,1,97,,32430,50,4,,1,98,,32432,50,4,,1,100,,32436,50,4,,1
28000,'KP:321:0:Weekday:1:26SEP:12345',728,,32442,27,4,,1,230,,32440,50,4,,1,101,,32437,50,4,,1,200,,32441,50,4,,1,244,,32438,50,4,,1,135,,32439,27,4,,1
28000,'KP:321:0:Weekday:2:26SEP:12345',728,,32448,27,4,,1,230,,32446,50,4,,1,101,,32443,50,4,,1,200,,32447,50,4,,1,244,,32444,50,4,,1,135,,32445,27,4,,1
