10900,'H:113:6:Sunday:3:26MAR:1234567',804,,21916,10,,,1,100,,21920,10,,,1,100,,21911,10,,,1,100,,21912,10,,,1,100,,21923,10,,,1,101,,21914,10,,,1,100,,21919,10,,,1,100,,21913,10,,,1,99,,21915,10,,,1,100,,21922,10,,,1,100,,21918,10,,,1,100,,21921,10,,,1,100,,21917,10,,,1,100,,21924,10,,,1
10900,'H:123:0:Weekday:3:26MAR:12345',501,,21938,10,,,1,101,,21932,10,,,1,102,,21928,10,,,1,100,,21934,10,,,1,105,,21941,10,,,1,100,,21926,10,,,1,100,,21940,10,,,1,100,,21939,10,,,1,100,,21931,10,,,1,100,,21937,10,,,1,101,,21929,10,,,1,100,,21933,10,,,1,100,,21936,10,,,1,99,,21930,10,,,1,99,,21927,10,,,1,99,,21925,10,,,1,100,,21935,10,,,1
10900,'H:123:0:Weekday:4:26MAR:12345',501,,21955,10,,,1,101,,21949,10,,,1,102,,21945,10,,,1,100,,21951,10,,,1,105,,21958,10,,,1,100,,21943,10,,,1,100,,21957,10,,,1,100,,21956,10,,,1,100,,21948,10,,,1,100,,21954,10,,,1,101,,21946,10,,,1,100,,21950,10,,,1,100,,21953,10,,,1,99,,21947,10,,,1,99,,21944,10,,,1,99,,21942,10,,,1,100,,21952,10,,,1
10900,'H:173:5:Saturday:3:26MAR:6',704,,21963,10,,,1,100,,21966,10,,,1,101,,21962,10,,,1,101,,21959,10,,,1,100,,21971,10,,,1,101,,21964,10,,,1,100,,21969,10,,,1,100,,21960,10,,,1,99,,21961,10,,,1,100,,21973,10,,,1,99,,21965,10,,,1,100,,21970,10,,,1,100,,21967,10,,,1,99,,21968,10,,,1,100,,21972,10,,,1
27001,'H:123:0:Weekday:3:26MAR:12345',533,,24620,5,,,1,121,,24618,5,0,5,1,1002,,24619,5,0,5,1
27001,'H:123:0:Weekday:4:26MAR:12345',533,,24623,5,,,1,121,,24621,5,0,5,1,1002,,24622,5,0,5,1
27001,'KP:323:0:Weekday:3:26MAR:12345',554,,24624,5,0,5,1
27001,'KP:323:0:Weekday:4:26MAR:12345',554,,24625,5,0,5,1
27101,'H:113:6:Sunday:3:26MAR:1234567',714,,24704,5,,,1,110,,24694,5,,,1,100,,24691,5,,,1,100,,24692,5,,,1,100,,24693,5,,,1,100,,24695,5,,,1,100,,24702,5,,,1,100,,24696,5,,,1,100,,24697,5,,,1,100,,24699,5,,,1,100,,24698,5,,,1,100,,24700,5,,,1,100,,24703,5,,,1,100,,24701,5,,,1
27101,'H:123:0:Weekday:3:26MAR:12345',624,,24705,5,,,1,400,,24706,5,,,1,100,,24717,5,,,1,101,,24707,5,,,1,100,,24709,5,,,1,100,,24708,5,,,1,100,,24710,5,,,1,100,,24715,5,,,1,100,,24711,5,,,1,100,,24712,5,,,1,100,,24713,5,,,1,99,,24716,5,,,1,100,,24714,5,,,1
27101,'H:123:0:Weekday:4:26MAR:12345',624,,24718,5,,,1,400,,24719,5,,,1,100,,24730,5,,,1,101,,24720,5,,,1,100,,24722,5,,,1,100,,24721,5,,,1,100,,24723,5,,,1,100,,24728,5,,,1,100,,24724,5,,,1,100,,24725,5,,,1,100,,24726,5,,,1,99,,24729,5,,,1,100,,24727,5,,,1
27101,'H:173:5:Saturday:3:26MAR:6',714,,24731,5,,,1,110,,24737,5,,,1,100,,24734,5,,,1,101,,24738,5,,,1,100,,24735,5,,,1,100,,24740,5,,,1,100,,24736,5,,,1,100,,24741,5,,,1,100,,24733,5,,,1,100,,24739,5,,,1,100,,24732,5,,,1,99,,24742,5,,,1,100,,24743,5,,,1,100,,24744,5,,,1,100,,24745,5,,,1
27101,'KP:323:0:Weekday:3:26MAR:12345',724,,24746,5,,,1,100,,24748,5,,,1,100,,24747,5,,,1
27101,'KP:323:0:Weekday:4:26MAR:12345',724,,24749,5,,,1,100,,24751,5,,,1,100,,24750,5,,,1
