10900,'H:111:6:Sunday:1:26SEP:1234567',804,,28416,9,,,1,100,,28420,9,,,1,100,,28411,9,,,1,100,,28412,9,,,1,100,,28423,9,,,1,100,,28414,9,,,1,100,,28419,9,,,1,100,,28413,9,,,1,100,,28415,9,,,1,100,,28422,9,,,1,100,,28418,9,,,1,100,,28421,9,,,1,100,,28417,9,,,1,100,,28424,9,,,1
10900,'H:111:6:Sunday:2:26SEP:1234567',804,,28430,9,,,1,100,,28434,9,,,1,100,,28425,9,,,1,100,,28426,9,,,1,100,,28437,9,,,1,100,,28428,9,,,1,100,,28433,9,,,1,100,,28427,9,,,1,100,,28429,9,,,1,100,,28436,9,,,1,100,,28432,9,,,1,100,,28435,9,,,1,100,,28431,9,,,1,100,,28438,9,,,1
10900,'H:121:0:Weekday:1:26SEP:12345',501,,28452,9,,,1,100,,28446,9,,,1,102,,28442,9,,,1,100,,28448,9,,,1,105,,28455,9,,,1,100,,28440,9,,,1,100,,28454,9,,,1,100,,28453,9,,,1,100,,28445,9,,,1,100,,28451,9,,,1,101,,28443,9,,,1,100,,28447,9,,,1,100,,28450,9,,,1,99,,28444,9,,,1,100,,28441,9,,,1,99,,28439,9,,,1,100,,28449,9,,,1
10900,'H:121:0:Weekday:2:26SEP:12345',501,,28469,9,,,1,100,,28463,9,,,1,102,,28459,9,,,1,100,,28465,9,,,1,105,,28472,9,,,1,100,,28457,9,,,1,100,,28471,9,,,1,100,,28470,9,,,1,100,,28462,9,,,1,100,,28468,9,,,1,101,,28460,9,,,1,100,,28464,9,,,1,100,,28467,9,,,1,99,,28461,9,,,1,100,,28458,9,,,1,99,,28456,9,,,1,100,,28466,9,,,1
10900,'H:171:5:Saturday:1:26SEP:6',704,,28477,9,,,1,100,,28480,9,,,1,101,,28476,9,,,1,100,,28473,9,,,1,100,,28485,9,,,1,101,,28478,9,,,1,100,,28483,9,,,1,100,,28474,9,,,1,99,,28475,9,,,1,100,,28487,9,,,1,100,,28479,9,,,1,100,,28484,9,,,1,100,,28481,9,,,1,99,,28482,9,,,1,100,,28486,9,,,1
10900,'H:171:5:Saturday:2:26SEP:6',704,,28492,9,,,1,100,,28495,9,,,1,101,,28491,9,,,1,100,,28488,9,,,1,100,,28500,9,,,1,101,,28493,9,,,1,100,,28498,9,,,1,100,,28489,9,,,1,99,,28490,9,,,1,100,,28502,9,,,1,100,,28494,9,,,1,100,,28499,9,,,1,100,,28496,9,,,1,99,,28497,9,,,1,100,,28501,9,,,1
27001,'H:121:0:Weekday:1:26SEP:12345',533,,32157,4,,,1,20,,32156,4,0,5,1,100,,32155,4,0,5,1
27001,'H:121:0:Weekday:2:26SEP:12345',533,,32160,4,,,1,20,,32159,4,0,5,1,100,,32158,4,0,5,1
27101,'H:111:6:Sunday:1:26SEP:1234567',714,,32268,4,,,1,110,,32258,4,,,1,100,,32255,4,,,1,100,,32256,4,,,1,100,,32257,4,,,1,100,,32259,4,,,1,100,,32266,4,,,1,100,,32260,4,,,1,100,,32261,4,,,1,100,,32263,4,,,1,100,,32262,4,,,1,100,,32264,4,,,1,100,,32267,4,,,1,100,,32265,4,,,1
27101,'H:111:6:Sunday:2:26SEP:1234567',714,,32282,4,,,1,110,,32272,4,,,1,100,,32269,4,,,1,100,,32270,4,,,1,100,,32271,4,,,1,100,,32273,4,,,1,100,,32280,4,,,1,100,,32274,4,,,1,100,,32275,4,,,1,100,,32277,4,,,1,100,,32276,4,,,1,100,,32278,4,,,1,100,,32281,4,,,1,100,,32279,4,,,1
27101,'H:121:0:Weekday:1:26SEP:12345',624,,32283,4,,,1,100,,32284,4,,,1,100,,32293,4,,,1,200,,32285,4,,,1,200,,32286,4,,,1,200,,32287,4,,,1,200,,32288,4,,,1,200,,32289,4,,,1,100,,32290,4,,,1,100,,32291,4,,,1,100,,32292,4,,,1
27101,'H:121:0:Weekday:2:26SEP:12345',624,,32294,4,,,1,100,,32295,4,,,1,100,,32304,4,,,1,200,,32296,4,,,1,200,,32297,4,,,1,200,,32298,4,,,1,200,,32299,4,,,1,200,,32300,4,,,1,100,,32301,4,,,1,100,,32302,4,,,1,100,,32303,4,,,1
27101,'H:171:5:Saturday:1:26SEP:6',714,,32305,4,,,1,110,,32311,4,,,1,100,,32308,4,,,1,100,,32312,4,,,1,100,,32309,4,,,1,100,,32314,4,,,1,100,,32310,4,,,1,100,,32315,4,,,1,100,,32307,4,,,1,100,,32313,4,,,1,100,,32306,4,,,1,100,,32316,4,,,1,100,,32317,4,,,1,100,,32318,4,,,1,100,,32319,4,,,1
27101,'H:171:5:Saturday:2:26SEP:6',714,,32320,4,,,1,110,,32326,4,,,1,100,,32323,4,,,1,100,,32327,4,,,1,100,,32324,4,,,1,100,,32329,4,,,1,100,,32325,4,,,1,100,,32330,4,,,1,100,,32322,4,,,1,100,,32328,4,,,1,100,,32321,4,,,1,100,,32331,4,,,1,100,,32332,4,,,1,100,,32333,4,,,1,100,,32334,4,,,1
27101,'KP:321:0:Weekday:1:26SEP:12345',924,,32335,4,,,1,200,,32336,4,,,1,200,,32339,4,,,1,200,,32337,4,,,1,131,,32338,4,0,5,1,69,,32340,4,,,1
27101,'KP:321:0:Weekday:2:26SEP:12345',924,,32341,4,,,1,200,,32342,4,,,1,200,,32345,4,,,1,200,,32343,4,,,1,131,,32344,4,0,5,1,69,,32346,4,,,1
