11700,'H:113:6:Sunday:3:26MAR:1234567',717,,22506,18,,,1,100,,22504,18,,,1,101,,22502,18,,,1,100,,22503,18,,,1,101,,22501,18,,,1,101,,22509,18,,,1,105,,22499,18,,,1,30,,22511,18,,,1,71,,22510,18,,,1,30,,22512,18,,,1,75,,22507,18,,,1,70,,22513,18,,,1,30,,22500,18,,,1,69,,22514,18,,,1,29,,22508,18,,,1,30,,22515,18,,,1,70,,22496,18,,,1,94,,22498,18,,,1,99,,22497,18,,,1,95,,22505,18,,,1
11700,'H:123:0:Weekday:3:26MAR:12345',619,,22522,18,,,1,202,,22516,18,,,1,602,,22520,18,,,1,600,,22517,18,,,1,24,,22523,18,,,1,70,,22518,18,,,1,100,,22519,18,,,1,99,,22521,18,,,1
11700,'H:123:0:Weekday:4:26MAR:12345',619,,22530,18,,,1,202,,22524,18,,,1,602,,22528,18,,,1,600,,22525,18,,,1,24,,22531,18,,,1,70,,22526,18,,,1,100,,22527,18,,,1,99,,22529,18,,,1
11700,'H:173:5:Saturday:3:26MAR:6',617,,22545,18,,,1,101,,22533,18,,,1,100,,22541,18,,,1,101,,22537,18,,,1,101,,22535,18,,,1,102,,22539,18,,,1,101,,22544,18,,,1,36,,22550,18,,,1,70,,22536,18,,,1,29,,22551,18,,,1,70,,22543,18,,,1,30,,22552,18,,,1,75,,22540,18,,,1,69,,22549,18,,,1,30,,22542,18,,,1,69,,22553,18,,,1,30,,22547,18,,,1,70,,22554,18,,,1,30,,22532,18,,,1,93,,22546,18,,,1,99,,22534,18,,,1,95,,22538,18,,,1,99,,22548,18,,,1
11700,'KP:323:0:Weekday:3:26MAR:12345',554,,22561,18,,,1,95,,22556,18,,,1,71,,22562,18,,,1,31,,22557,18,,,1,99,,22555,18,,,1,70,,22560,18,,,1,30,,22577,18,,,1,70,,22574,18,,,1,30,,22559,18,,,1,70,,22576,18,,,1,30,,22573,18,,,1,70,,22558,18,,,1,30,,22575,18,,,1,71,,22572,18,,,1,30,,22578,18,,,1,102,,22580,18,,,1,76,,22579,18,,,1,71,,22571,18,,,1,30,,22570,18,,,1,28,,22567,18,,,1,70,,22566,18,,,1,29,,22568,18,,,1,68,,22565,18,,,1,29,,22563,18,,,1,69,,22569,18,,,1,30,,22564,18,,,1
11700,'KP:323:0:Weekday:4:26MAR:12345',554,,22587,18,,,1,95,,22582,18,,,1,71,,22588,18,,,1,31,,22583,18,,,1,99,,22581,18,,,1,70,,22586,18,,,1,30,,22603,18,,,1,70,,22600,18,,,1,30,,22585,18,,,1,70,,22602,18,,,1,30,,22599,18,,,1,70,,22584,18,,,1,30,,22601,18,,,1,71,,22598,18,,,1,30,,22604,18,,,1,102,,22606,18,,,1,76,,22605,18,,,1,71,,22597,18,,,1,30,,22596,18,,,1,28,,22593,18,,,1,70,,22592,18,,,1,29,,22594,18,,,1,68,,22591,18,,,1,29,,22589,18,,,1,69,,22595,18,,,1,30,,22590,18,,,1
16600,'H:113:6:Sunday:3:26MAR:1234567',658,,23438,31,,,1,98,,23439,31,,,1,100,,23440,31,,,1,99,,23441,31,,,1,99,,23442,31,,,1,99,,23443,31,,,1,99,,23444,31,,,1,100,,23445,31,,,1,100,,23446,31,,,1,100,,23447,31,,,1,100,,23448,31,,,1,101,,23449,31,,,1,101,,23450,31,,,1,100,,23451,31,,,1,100,,23452,31,,,1,101,,23453,31,,,1
16600,'H:123:0:Weekday:3:26MAR:12345',505,,23476,31,,,1,30,,23465,31,,,1,68,,23474,31,,,1,30,,23464,31,,,1,69,,23477,31,,,1,30,,23459,31,,,1,70,,23469,31,,,1,30,,23458,31,,,1,99,,23457,31,,,1,100,,23456,31,,,1,100,,23455,31,,,1,69,,23466,31,,,1,200,,23471,31,,,1,59,,23470,31,,,1,99,,23468,31,,,1,70,,23462,31,,,1,29,,23467,31,,,1,173,,23454,31,,,1,70,,23473,31,,,1,32,,23461,31,,,1,70,,23460,31,,,1,100,,23463,31,,,1,101,,23472,31,,,1,101,,23475,31,,,1
16600,'H:123:0:Weekday:4:26MAR:12345',505,,23500,31,,,1,30,,23489,31,,,1,68,,23498,31,,,1,30,,23488,31,,,1,69,,23501,31,,,1,30,,23483,31,,,1,70,,23493,31,,,1,30,,23482,31,,,1,99,,23481,31,,,1,100,,23480,31,,,1,100,,23479,31,,,1,69,,23490,31,,,1,200,,23495,31,,,1,59,,23494,31,,,1,99,,23492,31,,,1,70,,23486,31,,,1,29,,23491,31,,,1,173,,23478,31,,,1,70,,23497,31,,,1,32,,23485,31,,,1,70,,23484,31,,,1,100,,23487,31,,,1,101,,23496,31,,,1,101,,23499,31,,,1
16600,'H:173:5:Saturday:3:26MAR:6',558,,23502,31,,,1,99,,23503,31,,,1,99,,23505,31,,,1,99,,23506,31,,,1,98,,23507,31,,,1,100,,23504,31,,,1,100,,23508,31,,,1,98,,23510,31,,,1,100,,23511,31,,,1,99,,23515,31,,,1,100,,23513,31,,,1,101,,23516,31,,,1,101,,23514,31,,,1,101,,23512,31,,,1,102,,23517,31,,,1,100,,23509,31,,,1,101,,23518,31,,,1
16600,'KP:323:0:Weekday:3:26MAR:12345',902,,23527,31,,,1,99,,23523,31,,,1,100,,23519,31,,,1,129,,23525,31,,,1,70,,23522,31,,,1,30,,23526,31,,,1,99,,23524,31,,,1,99,,23520,31,,,1,199,,23528,31,,,1,32,,23521,31,,,1
16600,'KP:323:0:Weekday:4:26MAR:12345',902,,23537,31,,,1,99,,23533,31,,,1,100,,23529,31,,,1,129,,23535,31,,,1,70,,23532,31,,,1,30,,23536,31,,,1,99,,23534,31,,,1,99,,23530,31,,,1,199,,23538,31,,,1,32,,23531,31,,,1
