10101,'H:111:6:Sunday:1:26SEP:1234567',650,,27409,1,,,1,100,,27410,1,,,1,100,,27412,1,,,1,100,,27414,1,,,1,100,,27411,1,,,1,100,,27415,1,,,1,100,,27413,1,,,1,70,,27424,1,,,1,30,,27416,1,,,1,70,,27425,1,,,1,30,,27418,1,,,1,70,,27426,1,,,1,30,,27419,1,,,1,70,,27427,1,,,1,30,,27420,1,,,1,70,,27428,1,,,1,30,,27421,1,,,1,100,,27422,1,,,1,100,,27423,1,,,1,100,,27417,1,,,1
10101,'H:111:6:Sunday:2:26SEP:1234567',650,,27429,1,,,1,100,,27430,1,,,1,100,,27432,1,,,1,100,,27434,1,,,1,100,,27431,1,,,1,100,,27435,1,,,1,100,,27433,1,,,1,70,,27444,1,,,1,30,,27436,1,,,1,70,,27445,1,,,1,30,,27438,1,,,1,70,,27446,1,,,1,30,,27439,1,,,1,70,,27447,1,,,1,30,,27440,1,,,1,70,,27448,1,,,1,30,,27441,1,,,1,100,,27442,1,,,1,100,,27443,1,,,1,100,,27437,1,,,1
10101,'H:121:0:Weekday:1:26SEP:12345',505,,27449,1,,,1,30,,27483,1,,,1,70,,27450,1,,,1,30,,27451,1,,,1,70,,27452,1,,,1,30,,27453,1,,,1,70,,27454,1,,,1,30,,27484,1,,,1,100,,27475,1,,,1,70,,27455,1,,,1,30,,27476,1,,,1,70,,27456,1,,,1,30,,27477,1,,,1,70,,27457,1,,,1,30,,27482,1,,,1,70,,27458,1,,,1,30,,27478,1,,,1,70,,27459,1,,,1,30,,27460,1,,,1,70,,27461,1,,,1,30,,27462,1,,,1,70,,27463,1,,,1,30,,27464,1,,,1,70,,27468,1,,,1,30,,27470,1,,,1,70,,27466,1,,,1,30,,27465,1,,,1,70,,27467,1,,,1,30,,27469,1,,,1,70,,27471,1,,,1,30,,27479,1,,,1,70,,27472,1,,,1,30,,27480,1,,,1,70,,27473,1,,,1,30,,27481,1,,,1,70,,27474,1,,,1
10101,'H:121:0:Weekday:2:26SEP:12345',505,,27485,1,,,1,30,,27519,1,,,1,70,,27486,1,,,1,30,,27487,1,,,1,70,,27488,1,,,1,30,,27489,1,,,1,70,,27490,1,,,1,30,,27520,1,,,1,100,,27511,1,,,1,70,,27491,1,,,1,30,,27512,1,,,1,70,,27492,1,,,1,30,,27513,1,,,1,70,,27493,1,,,1,30,,27518,1,,,1,70,,27494,1,,,1,30,,27514,1,,,1,70,,27495,1,,,1,30,,27496,1,,,1,70,,27497,1,,,1,30,,27498,1,,,1,70,,27499,1,,,1,30,,27500,1,,,1,70,,27504,1,,,1,30,,27506,1,,,1,70,,27502,1,,,1,30,,27501,1,,,1,70,,27503,1,,,1,30,,27505,1,,,1,70,,27507,1,,,1,30,,27515,1,,,1,70,,27508,1,,,1,30,,27516,1,,,1,70,,27509,1,,,1,30,,27517,1,,,1,70,,27510,1,,,1
10101,'H:171:5:Saturday:1:26SEP:6',650,,27523,1,,,1,100,,27532,1,,,1,100,,27524,1,,,1,100,,27525,1,,,1,100,,27526,1,,,1,70,,27537,1,,,1,30,,27534,1,,,1,70,,27538,1,,,1,30,,27528,1,,,1,70,,27539,1,,,1,30,,27529,1,,,1,70,,27540,1,,,1,30,,27535,1,,,1,70,,27541,1,,,1,30,,27527,1,,,1,70,,27542,1,,,1,30,,27536,1,,,1,70,,27543,1,,,1,30,,27521,1,,,1,100,,27530,1,,,1,100,,27533,1,,,1,100,,27531,1,,,1,100,,27522,1,,,1
10101,'H:171:5:Saturday:2:26SEP:6',650,,27546,1,,,1,100,,27555,1,,,1,100,,27547,1,,,1,100,,27548,1,,,1,100,,27549,1,,,1,70,,27560,1,,,1,30,,27557,1,,,1,70,,27561,1,,,1,30,,27551,1,,,1,70,,27562,1,,,1,30,,27552,1,,,1,70,,27563,1,,,1,30,,27558,1,,,1,70,,27564,1,,,1,30,,27550,1,,,1,70,,27565,1,,,1,30,,27559,1,,,1,70,,27566,1,,,1,30,,27544,1,,,1,100,,27553,1,,,1,100,,27556,1,,,1,100,,27554,1,,,1,100,,27545,1,,,1
10101,'KP:321:0:Weekday:1:26SEP:12345',905,,27567,1,,,1
10101,'KP:321:0:Weekday:2:26SEP:12345',905,,27568,1,,,1
11401,'H:111:6:Sunday:1:26SEP:1234567',746,,29097,1,,,1,99,,29098,1,,,1,100,,29099,1,,,1,98,,29100,1,,,1,99,,29101,1,,,1,100,,29102,1,,,1,99,,29103,1,,,1,100,,29104,1,,,1,101,,29105,1,,,1,100,,29106,1,,,1,101,,29107,1,,,1,102,,29108,1,,,1,100,,29109,1,,,1,101,,29110,1,,,1
11401,'H:111:6:Sunday:2:26SEP:1234567',746,,29111,1,,,1,99,,29112,1,,,1,100,,29113,1,,,1,98,,29114,1,,,1,99,,29115,1,,,1,100,,29116,1,,,1,99,,29117,1,,,1,100,,29118,1,,,1,101,,29119,1,,,1,100,,29120,1,,,1,101,,29121,1,,,1,102,,29122,1,,,1,100,,29123,1,,,1,101,,29124,1,,,1
11401,'H:121:0:Weekday:1:26SEP:12345',452,,29150,1,,,1,70,,29151,1,,,1,28,,29141,1,,,1,69,,29142,1,,,1,28,,29127,1,,,1,69,,29154,1,,,1,99,,29128,1,,,1,30,,29129,1,,,1,71,,29144,1,,,1,30,,29130,1,,,1,70,,29147,1,,,1,30,,29152,1,,,1,70,,29148,1,,,1,98,,29149,1,,,1,30,,29132,1,,,1,70,,29146,1,,,1,30,,29131,1,,,1,68,,29145,1,,,1,30,,29153,1,,,1,70,,29133,1,,,1,30,,29134,1,,,1,71,,29136,1,,,1,30,,29135,1,,,1,70,,29137,1,,,1,31,,29138,1,,,1,72,,29143,1,,,1,30,,29126,1,,,1,102,,29140,1,,,1,102,,29125,1,,,1,101,,29139,1,,,1
11401,'H:121:0:Weekday:2:26SEP:12345',452,,29180,1,,,1,70,,29181,1,,,1,28,,29171,1,,,1,69,,29172,1,,,1,28,,29157,1,,,1,69,,29184,1,,,1,99,,29158,1,,,1,30,,29159,1,,,1,71,,29174,1,,,1,30,,29160,1,,,1,70,,29177,1,,,1,30,,29182,1,,,1,70,,29178,1,,,1,98,,29179,1,,,1,30,,29162,1,,,1,70,,29176,1,,,1,30,,29161,1,,,1,68,,29175,1,,,1,30,,29183,1,,,1,70,,29163,1,,,1,30,,29164,1,,,1,71,,29166,1,,,1,30,,29165,1,,,1,70,,29167,1,,,1,31,,29168,1,,,1,72,,29173,1,,,1,30,,29156,1,,,1,102,,29170,1,,,1,102,,29155,1,,,1,101,,29169,1,,,1
11401,'H:171:5:Saturday:1:26SEP:6',647,,29185,1,,,1,99,,29187,1,,,1,98,,29188,1,,,1,100,,29186,1,,,1,98,,29189,1,,,1,100,,29191,1,,,1,99,,29192,1,,,1,100,,29190,1,,,1,99,,29195,1,,,1,100,,29193,1,,,1,102,,29196,1,,,1,101,,29194,1,,,1,101,,29197,1,,,1,101,,29198,1,,,1,101,,29199,1,,,1,101,,29200,1,,,1
11401,'H:171:5:Saturday:2:26SEP:6',647,,29201,1,,,1,99,,29203,1,,,1,98,,29204,1,,,1,100,,29202,1,,,1,98,,29205,1,,,1,100,,29207,1,,,1,99,,29208,1,,,1,100,,29206,1,,,1,99,,29211,1,,,1,100,,29209,1,,,1,102,,29212,1,,,1,101,,29210,1,,,1,101,,29213,1,,,1,101,,29214,1,,,1,101,,29215,1,,,1,101,,29216,1,,,1
11401,'KP:321:0:Weekday:1:26SEP:12345',744,,29218,1,,,1,401,,29217,1,,,1
11401,'KP:321:0:Weekday:2:26SEP:12345',744,,29220,1,,,1,401,,29219,1,,,1
13000,'H:111:6:Sunday:1:26SEP:1234567',706,,30235,29,,,1,101,,30237,29,,,1,101,,30236,29,,,1,100,,30238,29,,,1,101,,30241,29,,,1,100,,30239,29,,,1,101,,30240,29,,,1,100,,30243,29,,,1,99,,30242,29,,,1,100,,30244,29,,,1,100,,30245,29,,,1,100,,30246,29,,,1,99,,30247,29,,,1,99,,30248,29,,,1,100,,30249,29,,,1
13000,'H:111:6:Sunday:2:26SEP:1234567',706,,30250,29,,,1,101,,30252,29,,,1,101,,30251,29,,,1,100,,30253,29,,,1,101,,30256,29,,,1,100,,30254,29,,,1,101,,30255,29,,,1,100,,30258,29,,,1,99,,30257,29,,,1,100,,30259,29,,,1,100,,30260,29,,,1,100,,30261,29,,,1,99,,30262,29,,,1,99,,30263,29,,,1,100,,30264,29,,,1
13000,'H:121:0:Weekday:1:26SEP:12345',536,,30284,29,,,1,71,,30287,29,,,1,30,,30273,29,,,1,71,,30288,29,,,1,31,,30265,29,,,1,71,,30275,29,,,1,30,,30266,29,,,1,70,,30289,29,,,1,29,,30274,29,,,1,70,,30291,29,,,1,30,,30283,29,,,1,70,,30292,29,,,1,30,,30280,29,,,1,70,,30293,29,,,1,30,,30281,29,,,1,70,,30294,29,,,1,30,,30282,29,,,1,70,,30295,29,,,1,30,,30279,29,,,1,71,,30296,29,,,1,30,,30267,29,,,1,71,,30285,29,,,1,30,,30277,29,,,1,70,,30276,29,,,1,30,,30268,29,,,1,69,,30278,29,,,1,29,,30269,29,,,1,70,,30290,29,,,1,30,,30270,29,,,1,99,,30271,29,,,1,99,,30272,29,,,1,99,,30286,29,,,1
13000,'H:121:0:Weekday:2:26SEP:12345',536,,30316,29,,,1,71,,30319,29,,,1,30,,30305,29,,,1,71,,30320,29,,,1,31,,30297,29,,,1,71,,30307,29,,,1,30,,30298,29,,,1,70,,30321,29,,,1,29,,30306,29,,,1,70,,30323,29,,,1,30,,30315,29,,,1,70,,30324,29,,,1,30,,30312,29,,,1,70,,30325,29,,,1,30,,30313,29,,,1,70,,30326,29,,,1,30,,30314,29,,,1,70,,30327,29,,,1,30,,30311,29,,,1,71,,30328,29,,,1,30,,30299,29,,,1,71,,30317,29,,,1,30,,30309,29,,,1,70,,30308,29,,,1,30,,30300,29,,,1,69,,30310,29,,,1,29,,30301,29,,,1,70,,30322,29,,,1,30,,30302,29,,,1,99,,30303,29,,,1,99,,30304,29,,,1,99,,30318,29,,,1
13000,'H:171:5:Saturday:1:26SEP:6',606,,30344,29,,,1,100,,30329,29,,,1,101,,30330,29,,,1,100,,30331,29,,,1,101,,30332,29,,,1,101,,30333,29,,,1,101,,30334,29,,,1,100,,30335,29,,,1,100,,30336,29,,,1,100,,30337,29,,,1,100,,30338,29,,,1,100,,30339,29,,,1,99,,30340,29,,,1,100,,30341,29,,,1,99,,30342,29,,,1,99,,30343,29,,,1,100,,30345,29,,,1
13000,'H:171:5:Saturday:2:26SEP:6',606,,30361,29,,,1,100,,30346,29,,,1,101,,30347,29,,,1,100,,30348,29,,,1,101,,30349,29,,,1,101,,30350,29,,,1,101,,30351,29,,,1,100,,30352,29,,,1,100,,30353,29,,,1,100,,30354,29,,,1,100,,30355,29,,,1,100,,30356,29,,,1,99,,30357,29,,,1,100,,30358,29,,,1,99,,30359,29,,,1,99,,30360,29,,,1,100,,30362,29,,,1
13001,'H:111:6:Sunday:1:26SEP:1234567',701,,30377,23,,,1,99,,30363,23,,,1,59,,30364,23,,,1,99,,30365,23,,,1,99,,30366,23,,,1,145,,30367,23,,,1,99,,30368,23,,,1,99,,30369,23,,,1,59,,30370,23,,,1,100,,30371,23,,,1,142,,30372,23,,,1,100,,30374,23,,,1,56,,30373,23,,,1,96,,30375,23,,,1,101,,30376,23,,,1
13001,'H:111:6:Sunday:2:26SEP:1234567',701,,30392,23,,,1,99,,30378,23,,,1,59,,30379,23,,,1,99,,30380,23,,,1,99,,30381,23,,,1,145,,30382,23,,,1,99,,30383,23,,,1,99,,30384,23,,,1,59,,30385,23,,,1,100,,30386,23,,,1,142,,30387,23,,,1,100,,30389,23,,,1,56,,30388,23,,,1,96,,30390,23,,,1,101,,30391,23,,,1
13001,'H:121:0:Weekday:1:26SEP:12345',445,,30415,23,,,1,68,,30417,23,,,1,29,,30400,23,,,1,69,,30418,23,,,1,29,,30401,23,,,1,69,,30394,23,,,1,30,,30402,23,,,1,70,,30396,23,,,1,31,,30403,23,,,1,70,,30419,23,,,1,31,,30393,23,,,1,70,,30420,23,,,1,29,,30411,23,,,1,69,,30421,23,,,1,30,,30409,23,,,1,70,,30422,23,,,1,30,,30407,23,,,1,70,,30423,23,,,1,29,,30408,23,,,1,70,,30424,23,,,1,29,,30410,23,,,1,69,,30405,23,,,1,30,,30414,23,,,1,70,,30406,23,,,1,31,,30413,23,,,1,70,,30395,23,,,1,30,,30404,23,,,1,70,,30397,23,,,1,32,,30412,23,,,1,102,,30398,23,,,1,106,,30399,23,,,1,96,,30416,23,,,1
13001,'H:121:0:Weekday:2:26SEP:12345',445,,30447,23,,,1,68,,30449,23,,,1,29,,30432,23,,,1,69,,30450,23,,,1,29,,30433,23,,,1,69,,30426,23,,,1,30,,30434,23,,,1,70,,30428,23,,,1,31,,30435,23,,,1,70,,30451,23,,,1,31,,30425,23,,,1,70,,30452,23,,,1,29,,30443,23,,,1,69,,30453,23,,,1,30,,30441,23,,,1,70,,30454,23,,,1,30,,30439,23,,,1,70,,30455,23,,,1,29,,30440,23,,,1,70,,30456,23,,,1,29,,30442,23,,,1,69,,30437,23,,,1,30,,30446,23,,,1,70,,30438,23,,,1,31,,30445,23,,,1,70,,30427,23,,,1,30,,30436,23,,,1,70,,30429,23,,,1,32,,30444,23,,,1,102,,30430,23,,,1,106,,30431,23,,,1,96,,30448,23,,,1
13001,'H:171:5:Saturday:1:26SEP:6',600,,30473,23,,,1,100,,30457,23,,,1,100,,30458,23,,,1,57,,30459,23,,,1,100,,30460,23,,,1,98,,30461,23,,,1,145,,30462,23,,,1,100,,30463,23,,,1,100,,30464,23,,,1,100,,30465,23,,,1,100,,30466,23,,,1,100,,30467,23,,,1,100,,30468,23,,,1,57,,30469,23,,,1,95,,30470,23,,,1,100,,30471,23,,,1,101,,30472,23,,,1
13001,'H:171:5:Saturday:2:26SEP:6',600,,30490,23,,,1,100,,30474,23,,,1,100,,30475,23,,,1,57,,30476,23,,,1,100,,30477,23,,,1,98,,30478,23,,,1,145,,30479,23,,,1,100,,30480,23,,,1,100,,30481,23,,,1,100,,30482,23,,,1,100,,30483,23,,,1,100,,30484,23,,,1,100,,30485,23,,,1,57,,30486,23,,,1,95,,30487,23,,,1,100,,30488,23,,,1,101,,30489,23,,,1
