28000,'H:123:0:Weekday:3:26MAR:12345',653,,24777,2,,,1,203,,24781,2,,,1,647,,24780,2,,,1,99,,24779,2,,,1,100,,24778,2,,,1
28000,'H:123:0:Weekday:4:26MAR:12345',653,,24795,2,,,1,203,,24799,2,,,1,647,,24798,2,,,1,99,,24797,2,,,1,100,,24796,2,,,1
28000,'KP:323:0:Weekday:3:26MAR:12345',756,,24819,2,,,1,646,,24816,2,,,1
28000,'KP:323:0:Weekday:4:26MAR:12345',756,,24825,2,,,1,646,,24822,2,,,1
28001,'H:113:6:Sunday:3:26MAR:1234567',755,,24828,28,,,1,100,,24827,28,,,1,102,,24829,28,,,1,100,,24838,28,,,1,101,,24830,28,,,1,100,,24831,28,,,1,100,,24832,28,,,1,100,,24833,28,,,1,100,,24834,28,,,1,100,,24839,28,,,1,100,,24836,28,,,1,100,,24835,28,,,1,100,,24837,28,,,1
28001,'H:123:0:Weekday:3:26MAR:12345',627,,24841,28,,,1,100,,24840,28,,,1,101,,24842,28,,,1,100,,24856,28,,,1,100,,24843,28,,,1,201,,24844,28,,,1,202,,24845,28,,,1,198,,24851,28,,,1,100,,24847,28,,,1,97,,24848,28,,,1,98,,24849,28,,,1,104,,24850,28,,,1
28001,'H:123:0:Weekday:4:26MAR:12345',627,,24858,28,,,1,100,,24857,28,,,1,101,,24859,28,,,1,100,,24873,28,,,1,100,,24860,28,,,1,201,,24861,28,,,1,202,,24862,28,,,1,198,,24868,28,,,1,100,,24864,28,,,1,97,,24865,28,,,1,98,,24866,28,,,1,104,,24867,28,,,1
28001,'H:173:5:Saturday:3:26MAR:6',756,,24882,28,,,1,100,,24874,28,,,1,101,,24885,28,,,1,102,,24880,28,,,1,100,,24883,28,,,1,100,,24881,28,,,1,141,,24879,28,,,1,100,,24876,28,,,1,100,,24878,28,,,1,100,,24875,28,,,1,59,,24877,28,,,1,99,,24884,28,,,1,100,,24886,28,,,1
28001,'KP:323:0:Weekday:3:26MAR:12345',1129,,24887,28,,,1,202,,24890,28,,,1,195,,24888,28,,,1
28001,'KP:323:0:Weekday:4:26MAR:12345',1129,,24892,28,,,1,202,,24895,28,,,1,195,,24893,28,,,1
