10300,'H:111:6:Sunday:3:26SEP:1234567',703,,36037,55,,,1,99,,36038,55,,,1,100,,36039,55,,,1,100,,36040,55,,,1,100,,36041,55,,,1,100,,36042,55,,,1,100,,36043,55,,,1,100,,36045,55,,,1,100,,36046,55,,,1,100,,36047,55,,,1,100,,36044,55,,,1,100,,36048,55,,,1,100,,36050,55,,,1,100,,36051,55,,,1,100,,36052,55,,,1,100,,36049,55,,,1,101,,36053,55,,,1
10300,'H:121:0:Weekday:3:26SEP:12345',507,,36062,55,,,1,30,,36063,55,,,1,70,,36064,55,,,1,30,,36083,55,,,1,70,,36065,55,,,1,30,,36084,55,,,1,69,,36066,55,,,1,30,,36085,55,,,1,70,,36067,55,,,1,30,,36068,55,,,1,70,,36069,55,,,1,30,,36070,55,,,1,70,,36072,55,,,1,30,,36073,55,,,1,70,,36074,55,,,1,30,,36071,55,,,1,70,,36075,55,,,1,30,,36076,55,,,1,70,,36077,55,,,1,30,,36078,55,,,1,70,,36079,55,,,1,30,,36088,55,,,1,70,,36080,55,,,1,30,,36081,55,,,1,70,,36082,55,,,1,30,,36059,55,,,1,70,,36058,55,,,1,30,,36060,55,,,1,70,,36061,55,,,1,30,,36086,55,,,1,71,,36054,55,,,1,30,,36087,55,,,1,70,,36056,55,,,1,100,,36057,55,,,1,100,,36055,55,,,1
10300,'H:171:5:Saturday:3:26SEP:6',702,,36089,55,,,1,100,,36090,55,,,1,100,,36091,55,,,1,100,,36092,55,,,1,100,,36093,55,,,1,100,,36094,55,,,1,100,,36095,55,,,1,100,,36096,55,,,1,100,,36097,55,,,1,100,,36098,55,,,1,100,,36099,55,,,1,100,,36100,55,,,1,100,,36101,55,,,1,100,,36102,55,,,1,100,,36103,55,,,1,100,,36104,55,,,1,100,,36105,55,,,1,100,,36106,55,,,1
11200,'H:111:6:Sunday:3:26SEP:1234567',704,,36373,20,,,1,30,,36388,20,,,1,70,,36374,20,,,1,30,,36389,20,,,1,70,,36375,20,,,1,30,,36390,20,,,1,70,,36376,20,,,1,30,,36391,20,,,1,70,,36379,20,,,1,30,,36392,20,,,1,70,,36380,20,,,1,30,,36393,20,,,1,70,,36382,20,,,1,30,,36394,20,,,1,70,,36378,20,,,1,30,,36395,20,,,1,70,,36377,20,,,1,30,,36396,20,,,1,70,,36383,20,,,1,30,,36397,20,,,1,70,,36381,20,,,1,30,,36398,20,,,1,70,,36384,20,,,1,100,,36385,20,,,1,100,,36386,20,,,1,100,,36387,20,,,1
11200,'H:121:0:Weekday:3:26SEP:12345',512,,36416,20,,,1,30,,36417,20,,,1,70,,36400,20,,,1,30,,36436,20,,,1,70,,36402,20,,,1,20,,36426,20,,,1,20,,36431,20,,,1,60,,36401,20,,,1,20,,36428,20,,,1,20,,36432,20,,,1,60,,36399,20,,,1,30,,36425,20,,,1,70,,36403,20,,,1,30,,36418,20,,,1,70,,36404,20,,,1,30,,36420,20,,,1,70,,36405,20,,,1,30,,36422,20,,,1,70,,36406,20,,,1,30,,36421,20,,,1,70,,36407,20,,,1,20,,36424,20,,,1,20,,36433,20,,,1,60,,36408,20,,,1,20,,36429,20,,,1,20,,36434,20,,,1,60,,36411,20,,,1,20,,36427,20,,,1,20,,36435,20,,,1,60,,36412,20,,,1,30,,36430,20,,,1,70,,36409,20,,,1,30,,36419,20,,,1,70,,36410,20,,,1,30,,36423,20,,,1,70,,36413,20,,,1,100,,36414,20,,,1,100,,36415,20,,,1
11200,'H:171:5:Saturday:3:26SEP:6',704,,36440,20,,,1,30,,36460,20,,,1,70,,36442,20,,,1,30,,36459,20,,,1,70,,36439,20,,,1,30,,36457,20,,,1,70,,36437,20,,,1,30,,36463,20,,,1,70,,36441,20,,,1,30,,36461,20,,,1,70,,36443,20,,,1,30,,36456,20,,,1,70,,36444,20,,,1,30,,36452,20,,,1,70,,36446,20,,,1,30,,36455,20,,,1,70,,36448,20,,,1,30,,36462,20,,,1,70,,36445,20,,,1,30,,36458,20,,,1,70,,36449,20,,,1,30,,36453,20,,,1,70,,36447,20,,,1,30,,36454,20,,,1,70,,36450,20,,,1,100,,36451,20,,,1,100,,36438,20,,,1
16601,'H:111:6:Sunday:3:26SEP:1234567',704,,37383,23,,,1,100,,37384,23,,,1,100,,37385,23,,,1,100,,37386,23,,,1,100,,37387,23,,,1,100,,37388,23,,,1,100,,37389,23,,,1,100,,37390,23,,,1,100,,37391,23,,,1,100,,37392,23,,,1,100,,37394,23,,,1,100,,37396,23,,,1,100,,37393,23,,,1,100,,37397,23,,,1,100,,37395,23,,,1
16601,'H:121:0:Weekday:3:26SEP:12345',612,,37406,23,,,1,30,,37403,23,,,1,70,,37417,23,,,1,100,,37410,23,,,1,199,,37407,23,,,1,30,,37413,23,,,1,100,,37414,23,,,1,100,,37411,23,,,1,200,,37401,23,,,1,70,,37415,23,,,1,30,,37412,23,,,1,100,,37404,23,,,1,100,,37400,23,,,1,70,,37408,23,,,1,30,,37416,23,,,1,101,,37399,23,,,1,70,,37398,23,,,1,100,,37402,23,,,1,100,,37405,23,,,1,100,,37409,23,,,1
16601,'H:171:5:Saturday:3:26SEP:6',604,,37420,23,,,1,100,,37418,23,,,1,100,,37419,23,,,1,100,,37422,23,,,1,100,,37425,23,,,1,100,,37421,23,,,1,100,,37426,23,,,1,100,,37424,23,,,1,100,,37423,23,,,1,100,,37428,23,,,1,100,,37429,23,,,1,100,,37430,23,,,1,100,,37427,23,,,1,100,,37431,23,,,1,100,,37432,23,,,1,100,,37433,23,,,1,100,,37434,23,,,1
16601,'KP:321:0:Weekday:3:26SEP:12345',512,,37439,23,,,1,30,,37444,23,,,1,200,,37437,23,,,1,99,,37436,23,,,1,70,,37447,23,,,1,30,,37435,23,,,1,170,,37448,23,,,1,100,,37440,23,,,1,100,,37441,23,,,1,30,,37445,23,,,1,70,,37442,23,,,1,200,,37443,23,,,1,100,,37446,23,,,1,200,,37438,23,,,1
