10300,'H:111:6:Sunday:1:26SEP:1234567',700,,27933,50,,,1,59,,27934,50,,,1,100,,27935,50,,,1,99,,27936,50,,,1,100,,27937,50,,,1,100,,27938,50,,,1,100,,27939,50,,,1,100,,27941,50,,,1,100,,27942,50,,,1,100,,27943,50,,,1,100,,27940,50,,,1,100,,27944,50,,,1,100,,27946,50,,,1,101,,27947,50,,,1,100,,27948,50,,,1,100,,27945,50,,,1,141,,27949,50,,,1
10300,'H:111:6:Sunday:2:26SEP:1234567',700,,27950,50,,,1,59,,27951,50,,,1,100,,27952,50,,,1,99,,27953,50,,,1,100,,27954,50,,,1,100,,27955,50,,,1,100,,27956,50,,,1,100,,27958,50,,,1,100,,27959,50,,,1,100,,27960,50,,,1,100,,27957,50,,,1,100,,27961,50,,,1,100,,27963,50,,,1,101,,27964,50,,,1,100,,27965,50,,,1,100,,27962,50,,,1,141,,27966,50,,,1
10300,'H:121:0:Weekday:1:26SEP:12345',504,,27975,50,,,1,29,,27976,50,,,1,70,,27977,50,,,1,29,,27996,50,,,1,69,,27978,50,,,1,30,,27997,50,,,1,70,,27979,50,,,1,30,,27998,50,,,1,70,,27980,50,,,1,30,,27981,50,,,1,70,,27982,50,,,1,30,,27983,50,,,1,70,,27985,50,,,1,30,,27986,50,,,1,70,,27987,50,,,1,29,,27984,50,,,1,70,,27988,50,,,1,29,,27989,50,,,1,30,,27990,50,,,1,70,,27991,50,,,1,30,,27992,50,,,1,70,,28001,50,,,1,30,,27993,50,,,1,70,,27994,50,,,1,30,,27995,50,,,1,71,,27972,50,,,1,70,,27971,50,,,1,31,,27973,50,,,1,70,,27974,50,,,1,30,,27999,50,,,1,71,,27967,50,,,1,30,,28000,50,,,1,70,,27969,50,,,1,100,,27970,50,,,1,101,,27968,50,,,1
10300,'H:121:0:Weekday:2:26SEP:12345',504,,28010,50,,,1,29,,28011,50,,,1,70,,28012,50,,,1,29,,28031,50,,,1,69,,28013,50,,,1,30,,28032,50,,,1,70,,28014,50,,,1,30,,28033,50,,,1,70,,28015,50,,,1,30,,28016,50,,,1,70,,28017,50,,,1,30,,28018,50,,,1,70,,28020,50,,,1,30,,28021,50,,,1,70,,28022,50,,,1,29,,28019,50,,,1,70,,28023,50,,,1,29,,28024,50,,,1,30,,28025,50,,,1,70,,28026,50,,,1,30,,28027,50,,,1,70,,28036,50,,,1,30,,28028,50,,,1,70,,28029,50,,,1,30,,28030,50,,,1,71,,28007,50,,,1,70,,28006,50,,,1,31,,28008,50,,,1,70,,28009,50,,,1,30,,28034,50,,,1,71,,28002,50,,,1,30,,28035,50,,,1,70,,28004,50,,,1,100,,28005,50,,,1,101,,28003,50,,,1
10300,'H:171:5:Saturday:1:26SEP:6',658,,28037,50,,,1,100,,28038,50,,,1,100,,28039,50,,,1,100,,28040,50,,,1,100,,28041,50,,,1,98,,28042,50,,,1,100,,28043,50,,,1,100,,28044,50,,,1,100,,28045,50,,,1,100,,28046,50,,,1,100,,28047,50,,,1,100,,28048,50,,,1,101,,28049,50,,,1,101,,28050,50,,,1,100,,28051,50,,,1,101,,28052,50,,,1,100,,28053,50,,,1,100,,28054,50,,,1
10300,'H:171:5:Saturday:2:26SEP:6',658,,28055,50,,,1,100,,28056,50,,,1,100,,28057,50,,,1,100,,28058,50,,,1,100,,28059,50,,,1,98,,28060,50,,,1,100,,28061,50,,,1,100,,28062,50,,,1,100,,28063,50,,,1,100,,28064,50,,,1,100,,28065,50,,,1,100,,28066,50,,,1,101,,28067,50,,,1,101,,28068,50,,,1,100,,28069,50,,,1,101,,28070,50,,,1,100,,28071,50,,,1,100,,28072,50,,,1
11200,'H:111:6:Sunday:1:26SEP:1234567',703,,28605,15,,,1,30,,28620,15,,,1,69,,28606,15,,,1,30,,28621,15,,,1,70,,28607,15,,,1,30,,28622,15,,,1,70,,28608,15,,,1,30,,28623,15,,,1,70,,28611,15,,,1,29,,28624,15,,,1,70,,28612,15,,,1,30,,28625,15,,,1,70,,28614,15,,,1,30,,28626,15,,,1,70,,28610,15,,,1,30,,28627,15,,,1,70,,28609,15,,,1,30,,28628,15,,,1,70,,28615,15,,,1,30,,28629,15,,,1,70,,28613,15,,,1,30,,28630,15,,,1,71,,28616,15,,,1,100,,28617,15,,,1,100,,28618,15,,,1,100,,28619,15,,,1
11200,'H:111:6:Sunday:2:26SEP:1234567',703,,28631,15,,,1,30,,28646,15,,,1,69,,28632,15,,,1,30,,28647,15,,,1,70,,28633,15,,,1,30,,28648,15,,,1,70,,28634,15,,,1,30,,28649,15,,,1,70,,28637,15,,,1,29,,28650,15,,,1,70,,28638,15,,,1,30,,28651,15,,,1,70,,28640,15,,,1,30,,28652,15,,,1,70,,28636,15,,,1,30,,28653,15,,,1,70,,28635,15,,,1,30,,28654,15,,,1,70,,28641,15,,,1,30,,28655,15,,,1,70,,28639,15,,,1,30,,28656,15,,,1,71,,28642,15,,,1,100,,28643,15,,,1,100,,28644,15,,,1,100,,28645,15,,,1
11200,'H:121:0:Weekday:1:26SEP:12345',510,,28674,15,,,1,30,,28675,15,,,1,70,,28658,15,,,1,30,,28694,15,,,1,70,,28660,15,,,1,20,,28684,15,,,1,20,,28689,15,,,1,59,,28659,15,,,1,20,,28686,15,,,1,20,,28690,15,,,1,60,,28657,15,,,1,30,,28683,15,,,1,70,,28661,15,,,1,30,,28676,15,,,1,70,,28662,15,,,1,30,,28678,15,,,1,70,,28663,15,,,1,30,,28680,15,,,1,70,,28664,15,,,1,30,,28679,15,,,1,70,,28665,15,,,1,20,,28682,15,,,1,20,,28691,15,,,1,60,,28666,15,,,1,20,,28687,15,,,1,20,,28692,15,,,1,60,,28669,15,,,1,20,,28685,15,,,1,20,,28693,15,,,1,60,,28670,15,,,1,30,,28688,15,,,1,70,,28667,15,,,1,30,,28677,15,,,1,70,,28668,15,,,1,31,,28681,15,,,1,70,,28671,15,,,1,100,,28672,15,,,1,100,,28673,15,,,1
11200,'H:121:0:Weekday:2:26SEP:12345',510,,28712,15,,,1,30,,28713,15,,,1,70,,28696,15,,,1,30,,28732,15,,,1,70,,28698,15,,,1,20,,28722,15,,,1,20,,28727,15,,,1,59,,28697,15,,,1,20,,28724,15,,,1,20,,28728,15,,,1,60,,28695,15,,,1,30,,28721,15,,,1,70,,28699,15,,,1,30,,28714,15,,,1,70,,28700,15,,,1,30,,28716,15,,,1,70,,28701,15,,,1,30,,28718,15,,,1,70,,28702,15,,,1,30,,28717,15,,,1,70,,28703,15,,,1,20,,28720,15,,,1,20,,28729,15,,,1,60,,28704,15,,,1,20,,28725,15,,,1,20,,28730,15,,,1,60,,28707,15,,,1,20,,28723,15,,,1,20,,28731,15,,,1,60,,28708,15,,,1,30,,28726,15,,,1,70,,28705,15,,,1,30,,28715,15,,,1,70,,28706,15,,,1,31,,28719,15,,,1,70,,28709,15,,,1,100,,28710,15,,,1,100,,28711,15,,,1
11200,'H:171:5:Saturday:1:26SEP:6',702,,28736,15,,,1,30,,28756,15,,,1,70,,28738,15,,,1,30,,28755,15,,,1,70,,28735,15,,,1,30,,28753,15,,,1,70,,28733,15,,,1,30,,28759,15,,,1,70,,28737,15,,,1,29,,28757,15,,,1,70,,28739,15,,,1,30,,28752,15,,,1,70,,28740,15,,,1,30,,28748,15,,,1,70,,28742,15,,,1,30,,28751,15,,,1,70,,28744,15,,,1,30,,28758,15,,,1,70,,28741,15,,,1,30,,28754,15,,,1,70,,28745,15,,,1,31,,28749,15,,,1,70,,28743,15,,,1,30,,28750,15,,,1,70,,28746,15,,,1,100,,28747,15,,,1,100,,28734,15,,,1
11200,'H:171:5:Saturday:2:26SEP:6',702,,28763,15,,,1,30,,28783,15,,,1,70,,28765,15,,,1,30,,28782,15,,,1,70,,28762,15,,,1,30,,28780,15,,,1,70,,28760,15,,,1,30,,28786,15,,,1,70,,28764,15,,,1,29,,28784,15,,,1,70,,28766,15,,,1,30,,28779,15,,,1,70,,28767,15,,,1,30,,28775,15,,,1,70,,28769,15,,,1,30,,28778,15,,,1,70,,28771,15,,,1,30,,28785,15,,,1,70,,28768,15,,,1,30,,28781,15,,,1,70,,28772,15,,,1,31,,28776,15,,,1,70,,28770,15,,,1,30,,28777,15,,,1,70,,28773,15,,,1,100,,28774,15,,,1,100,,28761,15,,,1
