20101,'H:111:6:Sunday:1:26SEP:1234567',807,,30923,38,,,1,100,,30909,38,,,1,101,,30911,38,,,1,50,,30912,38,,,1,81,,30914,38,,,1,81,,30915,38,,,1,80,,30913,38,,,1,41,,30910,38,,,1,80,,30917,38,,,1,80,,30918,38,,,1,40,,30919,38,,,1,80,,30920,38,,,1,80,,30916,38,,,1,40,,30924,38,,,1,79,,30925,38,,,1,39,,30926,38,,,1,79,,30927,38,,,1,80,,30928,38,,,1,89,,30921,38,,,1,99,,30922,38,,,1
20101,'H:121:0:Weekday:1:26SEP:12345',633,,30952,38,,,1,222,,30966,38,,,1,69,,30962,38,,,1,477,,30963,38,,,1,102,,30960,38,,,1,31,,30965,38,,,1,171,,30961,38,,,1,96,,30955,38,,,1,27,,30956,38,,,1,29,,30964,38,,,1,68,,30954,38,,,1,29,,30953,38,,,1,68,,30949,38,,,1,29,,30951,38,,,1,69,,30950,38,,,1,30,,30958,38,,,1,68,,30959,38,,,1,29,,30957,38,,,1
20101,'H:171:5:Saturday:1:26SEP:6',805,,30991,38,,,1,102,,30985,38,,,1,102,,30986,38,,,1,91,,30997,38,,,1,41,,30990,38,,,1,81,,30987,38,,,1,81,,30988,38,,,1,40,,30999,38,,,1,80,,30993,38,,,1,80,,30989,38,,,1,40,,30992,38,,,1,80,,30998,38,,,1,80,,30995,38,,,1,40,,31001,38,,,1,78,,31002,38,,,1,79,,31003,38,,,1,38,,31004,38,,,1,78,,31005,38,,,1,90,,30996,38,,,1,99,,30994,38,,,1,99,,31000,38,,,1
20101,'KP:321:0:Weekday:1:26SEP:12345',714,,31027,38,,,1,40,,31028,38,,,1,71,,31035,38,,,1,129,,31036,38,,,1,71,,31037,38,,,1,31,,31038,38,,,1,71,,31039,38,,,1,31,,31033,38,,,1,71,,31041,38,,,1,71,,31040,38,,,1,30,,31029,38,,,1,102,,31032,38,,,1,173,,31031,38,,,1,30,,31034,38,,,1,99,,31030,38,,,1
20201,'H:111:6:Sunday:1:26SEP:1234567',716,,31238,46,,,1,122,,31219,46,,,1,102,,31220,46,,,1,100,,31222,46,,,1,80,,31223,46,,,1,81,,31221,46,,,1,40,,31225,46,,,1,81,,31224,46,,,1,80,,31226,46,,,1,40,,31227,46,,,1,80,,31228,46,,,1,81,,31230,46,,,1,40,,31229,46,,,1,80,,31231,46,,,1,80,,31233,46,,,1,39,,31234,46,,,1,78,,31235,46,,,1,80,,31236,46,,,1,40,,31237,46,,,1,99,,31232,46,,,1,97,,31239,46,,,1
20201,'H:121:0:Weekday:1:26SEP:12345',533,,31278,46,,,1,202,,31269,46,,,1,76,,31275,46,,,1,31,,31280,46,,,1,202,,31276,46,,,1,71,,31277,46,,,1,31,,31274,46,,,1,71,,31279,46,,,1,235,,31273,46,,,1,103,,31266,46,,,1,170,,31265,46,,,1,95,,31267,46,,,1,92,,31268,46,,,1,98,,31264,46,,,1,30,,31262,46,,,1,69,,31261,46,,,1,30,,31270,46,,,1,70,,31271,46,,,1,29,,31272,46,,,1,91,,31263,46,,,1
20201,'H:171:5:Saturday:1:26SEP:6',648,,31322,46,,,1,71,,31315,46,,,1,120,,31306,46,,,1,102,,31308,46,,,1,101,,31314,46,,,1,81,,31303,46,,,1,81,,31302,46,,,1,42,,31311,46,,,1,80,,31312,46,,,1,80,,31304,46,,,1,40,,31301,46,,,1,80,,31305,46,,,1,80,,31307,46,,,1,40,,31309,46,,,1,80,,31310,46,,,1,79,,31317,46,,,1,40,,31318,46,,,1,76,,31319,46,,,1,79,,31320,46,,,1,40,,31321,46,,,1,99,,31313,46,,,1,100,,31316,46,,,1,99,,31323,46,,,1
20201,'KP:321:0:Weekday:1:26SEP:12345',614,,31347,46,,,1,41,,31355,46,,,1,258,,31356,46,,,1,30,,31357,46,,,1,70,,31360,46,,,1,235,,31358,46,,,1,70,,31359,46,,,1,30,,31361,46,,,1,72,,31348,46,,,1,103,,31353,46,,,1,102,,31354,46,,,1,31,,31349,46,,,1,96,,31350,46,,,1,94,,31351,46,,,1,95,,31352,46,,,1
20901,'H:111:6:Sunday:1:26SEP:1234567',828,,31468,31,,,1,101,,31467,31,,,1,101,,31479,31,,,1,100,,31471,31,,,1,101,,31476,31,,,1,100,,31469,31,,,1,101,,31470,31,,,1,100,,31477,31,,,1,99,,31472,31,,,1,100,,31475,31,,,1,99,,31473,31,,,1,100,,31474,31,,,1,100,,31478,31,,,1
20901,'H:121:0:Weekday:1:26SEP:12345',538,,31506,31,,,1,104,,31493,31,,,1,101,,31496,31,,,1,102,,31494,31,,,1,103,,31498,31,,,1,97,,31495,31,,,1,102,,31497,31,,,1,93,,31499,31,,,1,100,,31500,31,,,1,100,,31501,31,,,1,102,,31502,31,,,1,100,,31509,31,,,1,100,,31508,31,,,1,99,,31507,31,,,1,99,,31503,31,,,1,102,,31504,31,,,1,97,,31505,31,,,1,100,,31510,31,,,1
20901,'H:171:5:Saturday:1:26SEP:6',729,,31531,31,,,1,101,,31529,31,,,1,102,,31542,31,,,1,101,,31536,31,,,1,102,,31540,31,,,1,101,,31532,31,,,1,101,,31530,31,,,1,99,,31543,31,,,1,100,,31535,31,,,1,98,,31538,31,,,1,100,,31534,31,,,1,99,,31533,31,,,1,98,,31541,31,,,1,99,,31537,31,,,1,99,,31539,31,,,1
24001,'H:111:6:Sunday:1:26SEP:1234567',734,,32066,42,,,1,100,,32059,42,,,1,100,,32054,42,,,1,95,,32060,42,,,1,105,,32053,42,,,1,100,,32061,42,,,1,100,,32055,42,,,1,100,,32062,42,,,1,95,,32056,42,,,1,100,,32063,42,,,1,100,,32057,42,,,1,105,,32064,42,,,1,100,,32058,42,,,1,100,,32065,42,,,1
24001,'H:121:0:Weekday:1:26SEP:12345',637,,32095,42,,,1,100,,32081,42,,,1,100,,32084,42,,,1,100,,32082,42,,,1,105,,32083,42,,,1,99,,32087,42,,,1,100,,32086,42,,,1,100,,32088,42,,,1,102,,32089,42,,,1,100,,32085,42,,,1,100,,32090,42,,,1,98,,32094,42,,,1,100,,32091,42,,,1,101,,32092,42,,,1,100,,32093,42,,,1,100,,32096,42,,,1,100,,32097,42,,,1
24001,'H:171:5:Saturday:1:26SEP:6',734,,32121,42,,,1,100,,32123,42,,,1,95,,32117,42,,,1,100,,32122,42,,,1,100,,32116,42,,,1,104,,32124,42,,,1,101,,32119,42,,,1,100,,32126,42,,,1,95,,32120,42,,,1,100,,32125,42,,,1,100,,32127,42,,,1,105,,32118,42,,,1,100,,32115,42,,,1,100,,32128,42,,,1,100,,32129,42,,,1
90500,'H:121:0:Weekday:1:26SEP:12345',439,,35325,7,,,1,105,,35331,7,,,1,170,,35330,7,,,1,1130,,35328,7,,,1,100,,35329,7,,,1,100,,35327,7,,,1,100,,35326,7,,,1
90500,'KP:321:0:Weekday:1:26SEP:12345',614,,35348,7,,,1,30,,35350,7,,,1,100,,35345,7,,,1,100,,35346,7,,,1,100,,35341,7,,,1,100,,35339,7,,,1,100,,35340,7,,,1,100,,35351,7,,,1,100,,35349,7,,,1,100,,35343,7,,,1,100,,35344,7,,,1,100,,35347,7,,,1,100,,35342,7,,,1
90501,'H:121:0:Weekday:1:26SEP:12345',1721,,35367,5,,,1,103,,35365,5,,,1,95,,35366,5,,,1,99,,35369,5,,,1,100,,35368,5,,,1
90501,'KP:321:0:Weekday:1:26SEP:12345',618,,35380,5,,,1,100,,35379,5,,,1,99,,35378,5,,,1,100,,35376,5,,,1,100,,35377,5,,,1,102,,35385,5,,,1,100,,35383,5,,,1,100,,35384,5,,,1,102,,35386,5,,,1,92,,35382,5,,,1,102,,35381,5,,,1,36,,35375,5,,,1,96,,35387,5,,,1
90701,'H:121:0:Weekday:1:26SEP:12345',1509,,35410,11,,,1,26,,35411,11,,,1,77,,35412,11,,,1,90,,35409,11,,,1
