20100,'H:111:6:Sunday:1:26SEP:1234567',739,,30758,16,,,1,100,,30760,16,,,1,98,,30761,16,,,1,80,,30759,16,,,1,40,,30762,16,,,1,80,,30757,16,,,1,79,,30763,16,,,1,40,,30764,16,,,1,80,,30765,16,,,1,80,,30766,16,,,1,40,,30768,16,,,1,80,,30769,16,,,1,80,,30770,16,,,1,40,,30772,16,,,1,80,,30773,16,,,1,80,,30774,16,,,1,40,,30775,16,,,1,80,,30776,16,,,1,100,,30767,16,,,1,101,,30771,16,,,1
20100,'H:111:6:Sunday:2:26SEP:1234567',739,,30778,16,,,1,100,,30780,16,,,1,98,,30781,16,,,1,80,,30779,16,,,1,40,,30782,16,,,1,80,,30777,16,,,1,79,,30783,16,,,1,40,,30784,16,,,1,80,,30785,16,,,1,80,,30786,16,,,1,40,,30788,16,,,1,80,,30789,16,,,1,80,,30790,16,,,1,40,,30792,16,,,1,80,,30793,16,,,1,80,,30794,16,,,1,40,,30795,16,,,1,80,,30796,16,,,1,100,,30787,16,,,1,101,,30791,16,,,1
20100,'H:121:0:Weekday:1:26SEP:12345',514,,30800,16,,,1,38,,30810,16,,,1,75,,30817,16,,,1,29,,30801,16,,,1,269,,30816,16,,,1,30,,30811,16,,,1,268,,30806,16,,,1,30,,30814,16,,,1,169,,30807,16,,,1,100,,30808,16,,,1,29,,30809,16,,,1,70,,30813,16,,,1,31,,30815,16,,,1,102,,30802,16,,,1,101,,30797,16,,,1,70,,30812,16,,,1,30,,30798,16,,,1,70,,30799,16,,,1,33,,30803,16,,,1,70,,30804,16,,,1,90,,30805,16,,,1
20100,'H:121:0:Weekday:2:26SEP:12345',514,,30821,16,,,1,38,,30831,16,,,1,75,,30838,16,,,1,29,,30822,16,,,1,269,,30837,16,,,1,30,,30832,16,,,1,268,,30827,16,,,1,30,,30835,16,,,1,169,,30828,16,,,1,100,,30829,16,,,1,29,,30830,16,,,1,70,,30834,16,,,1,31,,30836,16,,,1,102,,30823,16,,,1,101,,30818,16,,,1,70,,30833,16,,,1,30,,30819,16,,,1,70,,30820,16,,,1,33,,30824,16,,,1,70,,30825,16,,,1,90,,30826,16,,,1
20100,'H:171:5:Saturday:1:26SEP:6',638,,30851,16,,,1,99,,30841,16,,,1,99,,30850,16,,,1,100,,30842,16,,,1,80,,30843,16,,,1,39,,30848,16,,,1,80,,30849,16,,,1,80,,30840,16,,,1,40,,30852,16,,,1,80,,30844,16,,,1,79,,30839,16,,,1,40,,30853,16,,,1,80,,30845,16,,,1,80,,30847,16,,,1,40,,30856,16,,,1,80,,30857,16,,,1,81,,30858,16,,,1,41,,30855,16,,,1,80,,30859,16,,,1,100,,30846,16,,,1,101,,30854,16,,,1,100,,30860,16,,,1
20100,'H:171:5:Saturday:2:26SEP:6',638,,30873,16,,,1,99,,30863,16,,,1,99,,30872,16,,,1,100,,30864,16,,,1,80,,30865,16,,,1,39,,30870,16,,,1,80,,30871,16,,,1,80,,30862,16,,,1,40,,30874,16,,,1,80,,30866,16,,,1,79,,30861,16,,,1,40,,30875,16,,,1,80,,30867,16,,,1,80,,30869,16,,,1,40,,30878,16,,,1,80,,30879,16,,,1,81,,30880,16,,,1,41,,30877,16,,,1,80,,30881,16,,,1,100,,30868,16,,,1,101,,30876,16,,,1,100,,30882,16,,,1
20100,'KP:321:0:Weekday:1:26SEP:12345',725,,30889,16,,,1,29,,30883,16,,,1,71,,30884,16,,,1,30,,30890,16,,,1,169,,30891,16,,,1,30,,30892,16,,,1,69,,30893,16,,,1,30,,30894,16,,,1,169,,30888,16,,,1,30,,30895,16,,,1,100,,30885,16,,,1,271,,30886,16,,,1,101,,30887,16,,,1
20100,'KP:321:0:Weekday:2:26SEP:12345',725,,30902,16,,,1,29,,30896,16,,,1,71,,30897,16,,,1,30,,30903,16,,,1,169,,30904,16,,,1,30,,30905,16,,,1,69,,30906,16,,,1,30,,30907,16,,,1,169,,30901,16,,,1,30,,30908,16,,,1,100,,30898,16,,,1,271,,30899,16,,,1,101,,30900,16,,,1
20200,'H:111:6:Sunday:1:26SEP:1234567',607,,31078,26,,,1,100,,31071,26,,,1,100,,31058,26,,,1,99,,31057,26,,,1,50,,31059,26,,,1,80,,31060,26,,,1,80,,31061,26,,,1,40,,31064,26,,,1,79,,31062,26,,,1,80,,31065,26,,,1,40,,31063,26,,,1,79,,31067,26,,,1,80,,31066,26,,,1,40,,31068,26,,,1,80,,31072,26,,,1,80,,31073,26,,,1,42,,31074,26,,,1,80,,31075,26,,,1,80,,31076,26,,,1,91,,31069,26,,,1,100,,31070,26,,,1,100,,31077,26,,,1
20200,'H:111:6:Sunday:2:26SEP:1234567',607,,31100,26,,,1,100,,31093,26,,,1,100,,31080,26,,,1,99,,31079,26,,,1,50,,31081,26,,,1,80,,31082,26,,,1,80,,31083,26,,,1,40,,31086,26,,,1,79,,31084,26,,,1,80,,31087,26,,,1,40,,31085,26,,,1,79,,31089,26,,,1,80,,31088,26,,,1,40,,31090,26,,,1,80,,31094,26,,,1,80,,31095,26,,,1,42,,31096,26,,,1,80,,31097,26,,,1,80,,31098,26,,,1,91,,31091,26,,,1,100,,31092,26,,,1,100,,31099,26,,,1
20200,'H:121:0:Weekday:1:26SEP:12345',454,,31117,26,,,1,158,,31104,26,,,1,197,,31105,26,,,1,31,,31106,26,,,1,70,,31114,26,,,1,30,,31118,26,,,1,199,,31116,26,,,1,69,,31115,26,,,1,228,,31113,26,,,1,100,,31107,26,,,1,103,,31108,26,,,1,200,,31102,26,,,1,71,,31101,26,,,1,101,,31103,26,,,1,30,,31110,26,,,1,71,,31111,26,,,1,36,,31112,26,,,1
20200,'H:121:0:Weekday:2:26SEP:12345',454,,31135,26,,,1,158,,31122,26,,,1,197,,31123,26,,,1,31,,31124,26,,,1,70,,31132,26,,,1,30,,31136,26,,,1,199,,31134,26,,,1,69,,31133,26,,,1,228,,31131,26,,,1,100,,31125,26,,,1,103,,31126,26,,,1,200,,31120,26,,,1,71,,31119,26,,,1,101,,31121,26,,,1,30,,31128,26,,,1,71,,31129,26,,,1,36,,31130,26,,,1
20200,'H:171:5:Saturday:1:26SEP:6',508,,31160,26,,,1,30,,31154,26,,,1,70,,31138,26,,,1,100,,31139,26,,,1,99,,31150,26,,,1,99,,31144,26,,,1,50,,31137,26,,,1,80,,31140,26,,,1,80,,31148,26,,,1,38,,31142,26,,,1,80,,31141,26,,,1,80,,31143,26,,,1,40,,31151,26,,,1,80,,31145,26,,,1,80,,31146,26,,,1,40,,31147,26,,,1,80,,31155,26,,,1,80,,31156,26,,,1,41,,31157,26,,,1,81,,31158,26,,,1,80,,31159,26,,,1,90,,31152,26,,,1,100,,31149,26,,,1,102,,31153,26,,,1
20200,'H:171:5:Saturday:2:26SEP:6',508,,31184,26,,,1,30,,31178,26,,,1,70,,31162,26,,,1,100,,31163,26,,,1,99,,31174,26,,,1,99,,31168,26,,,1,50,,31161,26,,,1,80,,31164,26,,,1,80,,31172,26,,,1,38,,31166,26,,,1,80,,31165,26,,,1,80,,31167,26,,,1,40,,31175,26,,,1,80,,31169,26,,,1,80,,31170,26,,,1,40,,31171,26,,,1,80,,31179,26,,,1,80,,31180,26,,,1,41,,31181,26,,,1,81,,31182,26,,,1,80,,31183,26,,,1,90,,31176,26,,,1,100,,31173,26,,,1,102,,31177,26,,,1
20200,'KP:321:0:Weekday:1:26SEP:12345',533,,31186,26,,,1,109,,31188,26,,,1,68,,31196,26,,,1,29,,31201,26,,,1,271,,31197,26,,,1,30,,31198,26,,,1,69,,31200,26,,,1,129,,31193,26,,,1,70,,31199,26,,,1,30,,31195,26,,,1,69,,31189,26,,,1,99,,31194,26,,,1,100,,31190,26,,,1,103,,31191,26,,,1,30,,31192,26,,,1,70,,31187,26,,,1,132,,31185,26,,,1
20200,'KP:321:0:Weekday:2:26SEP:12345',533,,31203,26,,,1,109,,31205,26,,,1,68,,31213,26,,,1,29,,31218,26,,,1,271,,31214,26,,,1,30,,31215,26,,,1,69,,31217,26,,,1,129,,31210,26,,,1,70,,31216,26,,,1,30,,31212,26,,,1,69,,31206,26,,,1,99,,31211,26,,,1,100,,31207,26,,,1,103,,31208,26,,,1,30,,31209,26,,,1,70,,31204,26,,,1,132,,31202,26,,,1
