10900,'H:113:6:Sunday:3:26MAR:1234567',842,,21916,35,,,1,103,,21920,35,,,1,101,,21911,35,,,1,101,,21912,35,,,1,103,,21923,35,,,1,101,,21914,35,,,1,99,,21919,35,,,1,99,,21913,35,,,1,99,,21915,35,,,1,98,,21922,35,,,1,99,,21918,35,,,1,98,,21921,35,,,1,100,,21917,35,,,1,98,,21924,35,,,1
10900,'H:123:0:Weekday:3:26MAR:12345',538,,21938,35,,,1,108,,21932,35,,,1,111,,21928,35,,,1,95,,21934,35,,,1,103,,21941,35,,,1,99,,21926,35,,,1,100,,21940,35,,,1,102,,21939,35,,,1,100,,21931,35,,,1,103,,21937,35,,,1,141,,21929,35,,,1,101,,21933,35,,,1,99,,21936,35,,,1,57,,21930,35,,,1,94,,21927,35,,,1,98,,21925,35,,,1,100,,21935,35,,,1
10900,'H:123:0:Weekday:4:26MAR:12345',538,,21955,35,,,1,108,,21949,35,,,1,111,,21945,35,,,1,95,,21951,35,,,1,103,,21958,35,,,1,99,,21943,35,,,1,100,,21957,35,,,1,102,,21956,35,,,1,100,,21948,35,,,1,103,,21954,35,,,1,141,,21946,35,,,1,101,,21950,35,,,1,99,,21953,35,,,1,57,,21947,35,,,1,94,,21944,35,,,1,98,,21942,35,,,1,100,,21952,35,,,1
10900,'H:173:5:Saturday:3:26MAR:6',744,,21963,35,,,1,102,,21966,35,,,1,101,,21962,35,,,1,104,,21959,35,,,1,101,,21971,35,,,1,101,,21964,35,,,1,101,,21969,35,,,1,100,,21960,35,,,1,97,,21961,35,,,1,100,,21973,35,,,1,100,,21965,35,,,1,96,,21970,35,,,1,99,,21967,35,,,1,99,,21968,35,,,1,99,,21972,35,,,1
20100,'H:113:6:Sunday:3:26MAR:1234567',816,,23640,35,,,1,101,,23642,35,,,1,101,,23643,35,,,1,40,,23641,35,,,1,80,,23644,35,,,1,80,,23639,35,,,1,40,,23645,35,,,1,80,,23646,35,,,1,80,,23647,35,,,1,40,,23648,35,,,1,80,,23650,35,,,1,80,,23651,35,,,1,40,,23652,35,,,1,80,,23654,35,,,1,79,,23655,35,,,1,40,,23656,35,,,1,80,,23657,35,,,1,80,,23658,35,,,1,100,,23649,35,,,1,100,,23653,35,,,1
20100,'H:123:0:Weekday:3:26MAR:12345',551,,23663,35,,,1,188,,23664,35,,,1,100,,23665,35,,,1,70,,23666,35,,,1,631,,23667,35,,,1,200,,23674,35,,,1,69,,23668,35,,,1,29,,23669,35,,,1,70,,23670,35,,,1,30,,23659,35,,,1,70,,23661,35,,,1,30,,23660,35,,,1,70,,23662,35,,,1,30,,23671,35,,,1,69,,23672,35,,,1,50,,23673,35,,,1
20100,'H:123:0:Weekday:4:26MAR:12345',551,,23679,35,,,1,188,,23680,35,,,1,100,,23681,35,,,1,70,,23682,35,,,1,631,,23683,35,,,1,200,,23690,35,,,1,69,,23684,35,,,1,29,,23685,35,,,1,70,,23686,35,,,1,30,,23675,35,,,1,70,,23677,35,,,1,30,,23676,35,,,1,70,,23678,35,,,1,30,,23687,35,,,1,69,,23688,35,,,1,50,,23689,35,,,1
20100,'H:173:5:Saturday:3:26MAR:6',716,,23703,35,,,1,100,,23693,35,,,1,101,,23702,35,,,1,101,,23694,35,,,1,40,,23695,35,,,1,80,,23700,35,,,1,80,,23701,35,,,1,40,,23692,35,,,1,80,,23704,35,,,1,80,,23696,35,,,1,40,,23691,35,,,1,80,,23705,35,,,1,80,,23697,35,,,1,40,,23699,35,,,1,80,,23708,35,,,1,80,,23709,35,,,1,40,,23710,35,,,1,80,,23707,35,,,1,79,,23711,35,,,1,99,,23698,35,,,1,100,,23706,35,,,1
20100,'KP:323:0:Weekday:3:26MAR:12345',633,,23729,35,,,1,76,,23726,35,,,1,100,,23725,35,,,1,130,,23728,35,,,1,70,,23727,35,,,1,30,,23719,35,,,1,70,,23713,35,,,1,30,,23720,35,,,1,70,,23718,35,,,1,30,,23723,35,,,1,70,,23724,35,,,1,30,,23721,35,,,1,70,,23712,35,,,1,30,,23714,35,,,1,70,,23716,35,,,1,101,,23715,35,,,1,30,,23717,35,,,1,70,,23722,35,,,1
20100,'KP:323:0:Weekday:4:26MAR:12345',633,,23747,35,,,1,76,,23744,35,,,1,100,,23743,35,,,1,130,,23746,35,,,1,70,,23745,35,,,1,30,,23737,35,,,1,70,,23731,35,,,1,30,,23738,35,,,1,70,,23736,35,,,1,30,,23741,35,,,1,70,,23742,35,,,1,30,,23739,35,,,1,70,,23730,35,,,1,30,,23732,35,,,1,70,,23734,35,,,1,101,,23733,35,,,1,30,,23735,35,,,1,70,,23740,35,,,1
20200,'H:113:6:Sunday:3:26MAR:1234567',747,,23869,45,,,1,100,,23856,45,,,1,101,,23855,45,,,1,90,,23857,45,,,1,80,,23858,45,,,1,40,,23859,45,,,1,80,,23862,45,,,1,81,,23860,45,,,1,40,,23863,45,,,1,80,,23861,45,,,1,79,,23865,45,,,1,40,,23864,45,,,1,80,,23866,45,,,1,80,,23870,45,,,1,40,,23871,45,,,1,80,,23872,45,,,1,80,,23873,45,,,1,40,,23874,45,,,1,90,,23867,45,,,1,100,,23868,45,,,1
20200,'H:123:0:Weekday:3:26MAR:12345',457,,23890,6,,,1,75,,23875,45,,,1,81,,23878,45,,,1,40,,23882,45,,,1,71,,23883,45,,,1,130,,23884,45,,,1,70,,23885,45,,,1,530,,23886,45,,,1,171,,23887,45,,,1,31,,23888,45,,,1,70,,23889,45,,,1,127,,23881,45,,,1,70,,23879,45,,,1,30,,23876,45,,,1,70,,23877,45,,,1,30,,23880,45,,,1,70,,23891,45,,,1,30,,23892,45,,,1,74,,23893,45,,,1
20200,'H:123:0:Weekday:4:26MAR:12345',457,,23909,6,,,1,75,,23894,45,,,1,81,,23897,45,,,1,40,,23901,45,,,1,71,,23902,45,,,1,130,,23903,45,,,1,70,,23904,45,,,1,530,,23905,45,,,1,171,,23906,45,,,1,31,,23907,45,,,1,70,,23908,45,,,1,127,,23900,45,,,1,70,,23898,45,,,1,30,,23895,45,,,1,70,,23896,45,,,1,30,,23899,45,,,1,70,,23910,45,,,1,30,,23911,45,,,1,74,,23912,45,,,1
20200,'H:173:5:Saturday:3:26MAR:6',616,,23930,45,,,1,30,,23914,45,,,1,100,,23915,45,,,1,101,,23926,45,,,1,100,,23920,45,,,1,91,,23913,45,,,1,80,,23916,45,,,1,40,,23924,45,,,1,80,,23918,45,,,1,80,,23917,45,,,1,40,,23919,45,,,1,80,,23927,45,,,1,80,,23921,45,,,1,40,,23922,45,,,1,80,,23923,45,,,1,80,,23931,45,,,1,40,,23932,45,,,1,80,,23933,45,,,1,80,,23934,45,,,1,40,,23935,45,,,1,89,,23928,45,,,1,100,,23925,45,,,1,99,,23929,45,,,1
20200,'KP:323:0:Weekday:3:26MAR:12345',754,,23949,45,,,1,70,,23950,45,,,1,130,,23951,45,,,1,70,,23947,45,,,1,30,,23936,45,,,1,70,,23938,45,,,1,30,,23942,45,,,1,70,,23946,45,,,1,30,,23941,45,,,1,70,,23948,45,,,1,30,,23945,45,,,1,70,,23937,45,,,1,101,,23944,45,,,1,30,,23940,45,,,1,200,,23939,45,,,1,69,,23943,45,,,1
20200,'KP:323:0:Weekday:4:26MAR:12345',754,,23965,45,,,1,70,,23966,45,,,1,130,,23967,45,,,1,70,,23963,45,,,1,30,,23952,45,,,1,70,,23954,45,,,1,30,,23958,45,,,1,70,,23962,45,,,1,30,,23957,45,,,1,70,,23964,45,,,1,30,,23961,45,,,1,70,,23953,45,,,1,101,,23960,45,,,1,30,,23956,45,,,1,200,,23955,45,,,1,69,,23959,45,,,1
