10901,'H:113:6:Sunday:3:26MAR:1234567',751,,21974,3,,,1,100,,21986,3,,,1,100,,21978,3,,,1,100,,21983,3,,,1,100,,21975,3,,,1,100,,21976,3,,,1,100,,21984,3,,,1,100,,21979,3,,,1,100,,21982,3,,,1,100,,21977,3,,,1,100,,21980,3,,,1,100,,21985,3,,,1,100,,21981,3,,,1,100,,21987,3,,,1
10901,'H:123:0:Weekday:3:26MAR:12345',451,,21989,3,,,1,100,,21999,3,,,1,100,,22000,3,,,1,100,,22003,3,,,1,100,,22005,3,,,1,100,,21995,3,,,1,100,,21998,3,,,1,90,,21994,3,,,1,100,,21993,3,,,1,95,,22004,3,,,1,100,,21997,3,,,1,100,,21992,3,,,1,100,,22002,3,,,1,105,,21996,3,,,1,100,,22001,3,,,1,110,,21990,3,,,1,150,,21991,3,,,1,100,,21988,3,,,1
10901,'H:123:0:Weekday:4:26MAR:12345',451,,22007,3,,,1,100,,22017,3,,,1,100,,22018,3,,,1,100,,22021,3,,,1,100,,22023,3,,,1,100,,22013,3,,,1,100,,22016,3,,,1,90,,22012,3,,,1,100,,22011,3,,,1,95,,22022,3,,,1,100,,22015,3,,,1,100,,22010,3,,,1,100,,22020,3,,,1,105,,22014,3,,,1,100,,22019,3,,,1,110,,22008,3,,,1,150,,22009,3,,,1,100,,22006,3,,,1
10901,'H:173:5:Saturday:3:26MAR:6',651,,22024,3,,,1,100,,22037,3,,,1,100,,22030,3,,,1,100,,22035,3,,,1,100,,22026,3,,,1,100,,22025,3,,,1,100,,22038,3,,,1,100,,22029,3,,,1,100,,22033,3,,,1,100,,22027,3,,,1,100,,22028,3,,,1,100,,22036,3,,,1,100,,22031,3,,,1,100,,22034,3,,,1,100,,22032,3,,,1
20101,'H:113:6:Sunday:3:26MAR:1234567',710,,23762,4,,,1,100,,23748,4,,,1,100,,23750,4,,,1,90,,23751,4,,,1,40,,23753,4,,,1,80,,23754,4,,,1,80,,23752,4,,,1,39,,23749,4,,,1,80,,23756,4,,,1,40,,23757,4,,,1,80,,23758,4,,,1,80,,23759,4,,,1,40,,23755,4,,,1,80,,23763,4,,,1,80,,23764,4,,,1,40,,23765,4,,,1,80,,23766,4,,,1,80,,23767,4,,,1,91,,23760,4,,,1,100,,23761,4,,,1
20101,'H:123:0:Weekday:3:26MAR:12345',534,,23771,4,,,1,80,,23772,4,,,1,39,,23776,4,,,1,570,,23777,4,,,1,226,,23784,4,,,1,169,,23778,4,,,1,30,,23779,4,,,1,71,,23780,4,,,1,32,,23774,4,,,1,70,,23775,4,,,1,30,,23773,4,,,1,72,,23768,4,,,1,31,,23770,4,,,1,70,,23769,4,,,1,30,,23782,4,,,1,70,,23783,4,,,1,30,,23781,4,,,1
20101,'H:123:0:Weekday:4:26MAR:12345',534,,23788,4,,,1,80,,23789,4,,,1,39,,23793,4,,,1,570,,23794,4,,,1,226,,23801,4,,,1,169,,23795,4,,,1,30,,23796,4,,,1,71,,23797,4,,,1,32,,23791,4,,,1,70,,23792,4,,,1,30,,23790,4,,,1,72,,23785,4,,,1,31,,23787,4,,,1,70,,23786,4,,,1,30,,23799,4,,,1,70,,23800,4,,,1,30,,23798,4,,,1
20101,'H:173:5:Saturday:3:26MAR:6',710,,23808,4,,,1,100,,23802,4,,,1,100,,23803,4,,,1,49,,23814,4,,,1,79,,23807,4,,,1,80,,23804,4,,,1,40,,23805,4,,,1,80,,23816,4,,,1,80,,23810,4,,,1,40,,23806,4,,,1,80,,23809,4,,,1,80,,23815,4,,,1,40,,23812,4,,,1,80,,23818,4,,,1,80,,23819,4,,,1,40,,23820,4,,,1,81,,23821,4,,,1,80,,23822,4,,,1,90,,23813,4,,,1,101,,23811,4,,,1,100,,23817,4,,,1
20101,'KP:323:0:Weekday:3:26MAR:12345',723,,23837,4,,,1,30,,23838,4,,,1,70,,23833,4,,,1,30,,23823,4,,,1,70,,23835,4,,,1,30,,23830,4,,,1,70,,23827,4,,,1,30,,23836,4,,,1,70,,23832,4,,,1,30,,23824,4,,,1,100,,23831,4,,,1,70,,23826,4,,,1,28,,23829,4,,,1,69,,23834,4,,,1,98,,23825,4,,,1,30,,23828,4,,,1
20101,'KP:323:0:Weekday:4:26MAR:12345',723,,23853,4,,,1,30,,23854,4,,,1,70,,23849,4,,,1,30,,23839,4,,,1,70,,23851,4,,,1,30,,23846,4,,,1,70,,23843,4,,,1,30,,23852,4,,,1,70,,23848,4,,,1,30,,23840,4,,,1,100,,23847,4,,,1,70,,23842,4,,,1,28,,23845,4,,,1,69,,23850,4,,,1,98,,23841,4,,,1,30,,23844,4,,,1
20201,'H:113:6:Sunday:3:26MAR:1234567',620,,23987,4,,,1,120,,23968,4,,,1,100,,23969,4,,,1,100,,23971,4,,,1,80,,23972,4,,,1,80,,23970,4,,,1,40,,23974,4,,,1,79,,23973,4,,,1,40,,23975,4,,,1,80,,23976,4,,,1,80,,23977,4,,,1,40,,23979,4,,,1,80,,23978,4,,,1,80,,23980,4,,,1,40,,23982,4,,,1,80,,23983,4,,,1,80,,23984,4,,,1,40,,23985,4,,,1,80,,23986,4,,,1,101,,23981,4,,,1
20201,'H:123:0:Weekday:3:26MAR:12345',436,,23988,4,,,1,79,,23989,4,,,1,119,,24004,4,,,1,674,,23994,4,,,1,97,,24003,4,,,1,30,,23996,4,,,1,98,,23997,4,,,1,70,,23995,4,,,1,30,,23998,4,,,1,70,,23999,4,,,1,32,,24000,4,,,1,71,,24001,4,,,1,30,,24002,4,,,1,72,,23993,4,,,1,30,,23991,4,,,1,71,,23990,4,,,1,30,,24005,4,,,1,70,,24006,4,,,1,30,,24007,4,,,1,91,,23992,4,,,1
20201,'H:123:0:Weekday:4:26MAR:12345',436,,24008,4,,,1,79,,24009,4,,,1,119,,24024,4,,,1,674,,24014,4,,,1,97,,24023,4,,,1,30,,24016,4,,,1,98,,24017,4,,,1,70,,24015,4,,,1,30,,24018,4,,,1,70,,24019,4,,,1,32,,24020,4,,,1,71,,24021,4,,,1,30,,24022,4,,,1,72,,24013,4,,,1,30,,24011,4,,,1,71,,24010,4,,,1,30,,24025,4,,,1,70,,24026,4,,,1,30,,24027,4,,,1,91,,24012,4,,,1
20201,'H:173:5:Saturday:3:26MAR:6',550,,24049,4,,,1,70,,24042,4,,,1,120,,24033,4,,,1,100,,24035,4,,,1,100,,24041,4,,,1,79,,24030,4,,,1,39,,24029,4,,,1,80,,24038,4,,,1,80,,24039,4,,,1,40,,24031,4,,,1,80,,24028,4,,,1,80,,24032,4,,,1,40,,24034,4,,,1,80,,24036,4,,,1,80,,24037,4,,,1,40,,24044,4,,,1,80,,24045,4,,,1,80,,24046,4,,,1,41,,24047,4,,,1,80,,24048,4,,,1,100,,24040,4,,,1,101,,24043,4,,,1
20201,'KP:323:0:Weekday:3:26MAR:12345',554,,24061,4,,,1,154,,24062,4,,,1,30,,24059,4,,,1,70,,24064,4,,,1,30,,24052,4,,,1,70,,24055,4,,,1,30,,24057,4,,,1,70,,24060,4,,,1,30,,24063,4,,,1,70,,24058,4,,,1,30,,24050,4,,,1,70,,24053,4,,,1,30,,24056,4,,,1,99,,24054,4,,,1,166,,24051,4,,,1
20201,'KP:323:0:Weekday:4:26MAR:12345',554,,24076,4,,,1,154,,24077,4,,,1,30,,24074,4,,,1,70,,24079,4,,,1,30,,24067,4,,,1,70,,24070,4,,,1,30,,24072,4,,,1,70,,24075,4,,,1,30,,24078,4,,,1,70,,24073,4,,,1,30,,24065,4,,,1,70,,24068,4,,,1,30,,24071,4,,,1,99,,24069,4,,,1,166,,24066,4,,,1
