10101,'H:113:6:Sunday:2:26MAR:1234567',716,,16943,34,4,,1,101,,16944,34,4,,1,105,,16946,34,4,,1,101,,16948,34,4,,1,100,,16945,34,4,,1,102,,16949,34,4,,1,102,,16947,34,4,,1,30,,16958,34,4,,1,70,,16950,34,4,,1,30,,16959,34,4,,1,69,,16952,34,4,,1,30,,16960,34,4,,1,70,,16953,34,4,,1,30,,16961,34,4,,1,70,,16954,34,4,,1,28,,16962,34,4,,1,70,,16955,34,4,,1,100,,16956,34,4,,1,98,,16957,34,4,,1,99,,16951,34,4,,1
10101,'H:123:0:Weekday:2:26MAR:12345',533,,16963,34,4,,1,103,,16964,34,4,,1,72,,16965,34,4,,1,32,,16966,34,4,,1,72,,16967,34,4,,1,31,,16968,34,4,,1,98,,16969,34,4,,1,70,,16990,34,4,,1,31,,16970,34,4,,1,72,,16991,34,4,,1,30,,16971,34,4,,1,70,,16992,34,4,,1,30,,16972,34,4,,1,101,,16973,34,4,,1,72,,16993,34,4,,1,31,,16974,34,4,,1,71,,16975,34,4,,1,30,,16976,34,4,,1,71,,16977,34,4,,1,30,,16978,34,4,,1,70,,16979,34,4,,1,30,,16983,34,4,,1,66,,16985,34,4,,1,30,,16981,34,4,,1,68,,16980,34,4,,1,29,,16982,34,4,,1,67,,16984,34,4,,1,30,,16986,34,4,,1,69,,16994,34,4,,1,30,,16987,34,4,,1,67,,16995,34,4,,1,29,,16988,34,4,,1,69,,16996,34,4,,1,29,,16989,34,4,,1
10101,'H:173:5:Saturday:2:26MAR:6',718,,16999,34,4,,1,103,,17008,34,4,,1,102,,17000,34,4,,1,102,,17001,34,4,,1,103,,17002,34,4,,1,31,,17013,34,4,,1,70,,17010,34,4,,1,30,,17014,34,4,,1,70,,17004,34,4,,1,30,,17015,34,4,,1,70,,17005,34,4,,1,30,,17016,34,4,,1,70,,17011,34,4,,1,30,,17017,34,4,,1,69,,17003,34,4,,1,30,,17018,34,4,,1,69,,17012,34,4,,1,30,,17019,34,4,,1,70,,16997,34,4,,1,99,,17006,34,4,,1,97,,17009,34,4,,1,98,,17007,34,4,,1,98,,16998,34,4,,1
10101,'KP:323:0:Weekday:2:26MAR:12345',603,,17020,34,4,,1,308,,17022,34,4,,1,403,,17021,34,4,,1
10601,'H:113:6:Sunday:2:26MAR:1234567',735,,17411,44,4,,1,100,,17397,44,4,,1,103,,17398,44,4,,1,102,,17399,44,4,,1,103,,17400,44,4,,1,101,,17401,44,4,,1,100,,17402,44,4,,1,100,,17403,44,4,,1,99,,17405,44,4,,1,100,,17406,44,4,,1,100,,17407,44,4,,1,99,,17404,44,4,,1,100,,17408,44,4,,1,98,,17409,44,4,,1,98,,17410,44,4,,1
10601,'H:123:0:Weekday:2:26MAR:12345',552,,17412,44,4,,1,105,,17413,44,4,,1,144,,17414,44,4,,1,103,,17415,44,4,,1,97,,17416,44,4,,1,99,,17417,44,4,,1,102,,17419,44,4,,1,101,,17420,44,4,,1,101,,17421,44,4,,1,100,,17418,44,4,,1,109,,17423,44,4,,1,199,,17424,44,4,,1,94,,17422,44,4,,1,96,,17425,44,4,,1,98,,17426,44,4,,1,54,,17427,44,4,,1,98,,17428,44,4,,1
10601,'H:173:5:Saturday:2:26MAR:6',634,,17443,44,4,,1,100,,17442,44,4,,1,104,,17429,44,4,,1,100,,17430,44,4,,1,101,,17431,44,4,,1,103,,17432,44,4,,1,102,,17434,44,4,,1,100,,17435,44,4,,1,99,,17436,44,4,,1,100,,17433,44,4,,1,100,,17437,44,4,,1,100,,17438,44,4,,1,100,,17439,44,4,,1,99,,17440,44,4,,1,97,,17441,44,4,,1,98,,17444,44,4,,1,100,,17445,44,4,,1
10601,'KP:323:0:Weekday:2:26MAR:12345',1713,,17446,44,4,,1
10900,'H:113:6:Sunday:2:26MAR:1234567',834,,17452,30,,,1,103,,17456,30,,,1,100,,17447,30,,,1,101,,17448,30,,,1,103,,17459,30,,,1,101,,17450,30,,,1,99,,17455,30,,,1,99,,17449,30,,,1,99,,17451,30,,,1,98,,17458,30,,,1,99,,17454,30,,,1,99,,17457,30,,,1,100,,17453,30,,,1,98,,17460,30,,,1
10900,'H:123:0:Weekday:2:26MAR:12345',530,,17474,30,,,1,107,,17468,30,,,1,107,,17464,30,,,1,96,,17470,30,,,1,104,,17477,30,,,1,100,,17462,30,,,1,100,,17476,30,,,1,100,,17475,30,,,1,100,,17467,30,,,1,103,,17473,30,,,1,101,,17465,30,,,1,100,,17469,30,,,1,99,,17472,30,,,1,98,,17466,30,,,1,97,,17463,30,,,1,98,,17461,30,,,1,100,,17471,30,,,1
10900,'H:173:5:Saturday:2:26MAR:6',735,,17482,30,,,1,101,,17485,30,,,1,101,,17481,30,,,1,104,,17478,30,,,1,101,,17490,30,,,1,101,,17483,30,,,1,101,,17488,30,,,1,100,,17479,30,,,1,97,,17480,30,,,1,100,,17492,30,,,1,100,,17484,30,,,1,97,,17489,30,,,1,99,,17486,30,,,1,99,,17487,30,,,1,99,,17491,30,,,1
20100,'H:113:6:Sunday:2:26MAR:1234567',811,,18621,30,,,1,101,,18623,30,,,1,100,,18624,30,,,1,40,,18622,30,,,1,80,,18625,30,,,1,80,,18620,30,,,1,40,,18626,30,,,1,80,,18627,30,,,1,80,,18628,30,,,1,40,,18629,30,,,1,80,,18631,30,,,1,80,,18632,30,,,1,40,,18633,30,,,1,80,,18635,30,,,1,80,,18636,30,,,1,40,,18637,30,,,1,80,,18638,30,,,1,80,,18639,30,,,1,100,,18630,30,,,1,100,,18634,30,,,1
20100,'H:123:0:Weekday:2:26MAR:12345',546,,18644,30,,,1,187,,18645,30,,,1,100,,18646,30,,,1,70,,18647,30,,,1,631,,18648,30,,,1,200,,18655,30,,,1,69,,18649,30,,,1,29,,18650,30,,,1,70,,18651,30,,,1,30,,18640,30,,,1,70,,18642,30,,,1,30,,18641,30,,,1,70,,18643,30,,,1,30,,18652,30,,,1,70,,18653,30,,,1,50,,18654,30,,,1
20100,'H:173:5:Saturday:2:26MAR:6',711,,18668,30,,,1,100,,18658,30,,,1,101,,18667,30,,,1,100,,18659,30,,,1,40,,18660,30,,,1,80,,18665,30,,,1,80,,18666,30,,,1,40,,18657,30,,,1,80,,18669,30,,,1,80,,18661,30,,,1,40,,18656,30,,,1,80,,18670,30,,,1,80,,18662,30,,,1,40,,18664,30,,,1,80,,18673,30,,,1,80,,18674,30,,,1,40,,18675,30,,,1,80,,18672,30,,,1,80,,18676,30,,,1,99,,18663,30,,,1,100,,18671,30,,,1
20100,'KP:323:0:Weekday:2:26MAR:12345',627,,18694,30,,,1,76,,18691,30,,,1,100,,18690,30,,,1,130,,18693,30,,,1,70,,18692,30,,,1,30,,18684,30,,,1,70,,18678,30,,,1,30,,18685,30,,,1,70,,18683,30,,,1,30,,18688,30,,,1,70,,18689,30,,,1,30,,18686,30,,,1,70,,18677,30,,,1,30,,18679,30,,,1,70,,18681,30,,,1,101,,18680,30,,,1,30,,18682,30,,,1,70,,18687,30,,,1
20200,'H:113:6:Sunday:2:26MAR:1234567',741,,18783,40,,,1,100,,18770,40,,,1,101,,18769,40,,,1,90,,18771,40,,,1,80,,18772,40,,,1,40,,18773,40,,,1,80,,18776,40,,,1,81,,18774,40,,,1,40,,18777,40,,,1,80,,18775,40,,,1,79,,18779,40,,,1,40,,18778,40,,,1,80,,18780,40,,,1,80,,18784,40,,,1,40,,18785,40,,,1,80,,18786,40,,,1,80,,18787,40,,,1,40,,18788,40,,,1,90,,18781,40,,,1,100,,18782,40,,,1
20200,'H:123:0:Weekday:2:26MAR:12345',452,,18804,1,,,1,74,,18789,40,,,1,81,,18792,40,,,1,40,,18796,40,,,1,71,,18797,40,,,1,130,,18798,40,,,1,70,,18799,40,,,1,530,,18800,40,,,1,171,,18801,40,,,1,31,,18802,40,,,1,70,,18803,40,,,1,127,,18795,40,,,1,70,,18793,40,,,1,30,,18790,40,,,1,70,,18791,40,,,1,30,,18794,40,,,1,70,,18805,40,,,1,30,,18806,40,,,1,74,,18807,40,,,1
20200,'H:173:5:Saturday:2:26MAR:6',610,,18825,40,,,1,30,,18809,40,,,1,100,,18810,40,,,1,101,,18821,40,,,1,100,,18815,40,,,1,91,,18808,40,,,1,80,,18811,40,,,1,40,,18819,40,,,1,80,,18813,40,,,1,80,,18812,40,,,1,40,,18814,40,,,1,80,,18822,40,,,1,80,,18816,40,,,1,40,,18817,40,,,1,80,,18818,40,,,1,80,,18826,40,,,1,40,,18827,40,,,1,80,,18828,40,,,1,80,,18829,40,,,1,40,,18830,40,,,1,89,,18823,40,,,1,100,,18820,40,,,1,99,,18824,40,,,1
20200,'KP:323:0:Weekday:2:26MAR:12345',748,,18844,40,,,1,70,,18845,40,,,1,130,,18846,40,,,1,70,,18842,40,,,1,30,,18831,40,,,1,70,,18833,40,,,1,30,,18837,40,,,1,70,,18841,40,,,1,30,,18836,40,,,1,70,,18843,40,,,1,30,,18840,40,,,1,70,,18832,40,,,1,101,,18839,40,,,1,30,,18835,40,,,1,200,,18834,40,,,1,69,,18838,40,,,1
