10901,'H:113:6:Sunday:3:26MAR:1234567',820,,21974,27,,,1,102,,21986,27,,,1,101,,21978,27,,,1,101,,21983,27,,,1,101,,21975,27,,,1,100,,21976,27,,,1,100,,21984,27,,,1,100,,21979,27,,,1,100,,21982,27,,,1,100,,21977,27,,,1,98,,21980,27,,,1,100,,21985,27,,,1,100,,21981,27,,,1,99,,21987,27,,,1
10901,'H:123:0:Weekday:3:26MAR:12345',519,,21989,27,,,1,103,,21999,27,,,1,105,,22000,27,,,1,99,,22003,27,,,1,99,,22005,27,,,1,99,,21995,27,,,1,101,,21998,27,,,1,91,,21994,27,,,1,103,,21993,27,,,1,97,,22004,27,,,1,99,,21997,27,,,1,103,,21992,27,,,1,102,,22002,27,,,1,100,,21996,27,,,1,97,,22001,27,,,1,107,,21990,27,,,1,109,,21991,27,,,1,98,,21988,27,,,1
10901,'H:123:0:Weekday:4:26MAR:12345',519,,22007,27,,,1,103,,22017,27,,,1,105,,22018,27,,,1,99,,22021,27,,,1,99,,22023,27,,,1,99,,22013,27,,,1,101,,22016,27,,,1,91,,22012,27,,,1,103,,22011,27,,,1,97,,22022,27,,,1,99,,22015,27,,,1,103,,22010,27,,,1,102,,22020,27,,,1,100,,22014,27,,,1,97,,22019,27,,,1,107,,22008,27,,,1,109,,22009,27,,,1,98,,22006,27,,,1
10901,'H:173:5:Saturday:3:26MAR:6',721,,22024,27,,,1,102,,22037,27,,,1,101,,22030,27,,,1,101,,22035,27,,,1,100,,22026,27,,,1,101,,22025,27,,,1,101,,22038,27,,,1,100,,22029,27,,,1,100,,22033,27,,,1,100,,22027,27,,,1,100,,22028,27,,,1,99,,22036,27,,,1,99,,22031,27,,,1,99,,22034,27,,,1,99,,22032,27,,,1
27000,'H:123:0:Weekday:3:26MAR:12345',519,,24609,31,,,1,108,,24610,31,,,1,101,,24611,31,,,1,898,,24608,16,,,1,594,,24612,31,,,1
27000,'H:123:0:Weekday:4:26MAR:12345',519,,24614,31,,,1,108,,24615,31,,,1,101,,24616,31,,,1,898,,24613,17,,,1,594,,24617,32,,,1
27100,'H:113:6:Sunday:3:26MAR:1234567',748,,24626,45,,,1,100,,24627,45,,,1,102,,24637,45,,,1,101,,24628,45,,,1,100,,24629,45,,,1,103,,24630,45,,,1,101,,24631,45,,,1,101,,24632,45,,,1,100,,24639,45,,,1,100,,24633,45,,,1,97,,24634,45,,,1,100,,24635,45,,,1,98,,24636,45,,,1,98,,24638,45,,,1
27100,'H:123:0:Weekday:3:26MAR:12345',600,,24641,31,,,1,205,,24642,31,,,1,33,,24643,45,,,1,65,,24640,31,,,1,351,,24644,45,,,1,101,,24653,45,,,1,103,,24646,45,,,1,143,,24647,45,,,1,107,,24645,45,,,1,98,,24648,45,,,1,95,,24650,45,,,1,47,,24651,45,,,1,100,,24652,45,,,1,100,,24649,45,,,1
27100,'H:123:0:Weekday:4:26MAR:12345',600,,24655,31,,,1,205,,24656,31,,,1,33,,24657,46,,,1,65,,24654,32,,,1,351,,24658,46,,,1,101,,24667,46,,,1,103,,24660,46,,,1,143,,24661,46,,,1,107,,24659,46,,,1,98,,24662,46,,,1,95,,24664,46,,,1,47,,24665,46,,,1,100,,24666,46,,,1,100,,24663,46,,,1
27100,'H:173:5:Saturday:3:26MAR:6',750,,24677,45,,,1,100,,24669,45,,,1,104,,24678,45,,,1,101,,24670,45,,,1,101,,24676,45,,,1,100,,24668,45,,,1,100,,24675,45,,,1,100,,24671,45,,,1,100,,24679,45,,,1,99,,24672,45,,,1,99,,24674,45,,,1,98,,24673,45,,,1,99,,24680,45,,,1,100,,24681,45,,,1,100,,24682,45,,,1
27100,'KP:323:0:Weekday:3:26MAR:12345',703,,24685,31,,,1,251,,24683,45,,,1,101,,24686,45,,,1,99,,24684,45,,,1
27100,'KP:323:0:Weekday:4:26MAR:12345',703,,24689,31,,,1,251,,24687,46,,,1,101,,24690,46,,,1,99,,24688,46,,,1
90801,'H:123:0:Weekday:3:26MAR:12345',1645,,27062,27,,,1,96,,27064,27,,,1,194,,27063,27,,,1
90801,'H:123:0:Weekday:4:26MAR:12345',1645,,27065,28,,,1,96,,27067,28,,,1,194,,27066,28,,,1
90801,'KP:323:0:Weekday:3:26MAR:12345',1823,,27068,27,,,1,77,,27069,27,,,1
90801,'KP:323:0:Weekday:4:26MAR:12345',1823,,27070,28,,,1,77,,27071,28,,,1
