10100,'H:111:6:Sunday:1:26SEP:1234567',721,,27256,30,,,1,101,,27262,30,,,1,102,,27253,30,,,1,101,,27254,30,,,1,101,,27258,30,,,1,100,,27263,30,,,1,101,,27255,30,,,1,30,,27266,30,,,1,70,,27259,30,,,1,30,,27267,30,,,1,70,,27260,30,,,1,30,,27268,30,,,1,70,,27252,30,,,1,30,,27269,30,,,1,69,,27257,30,,,1,29,,27270,30,,,1,70,,27251,30,,,1,99,,27261,30,,,1,98,,27264,30,,,1,99,,27265,30,,,1
10100,'H:111:6:Sunday:2:26SEP:1234567',721,,27276,30,,,1,101,,27282,30,,,1,102,,27273,30,,,1,101,,27274,30,,,1,101,,27278,30,,,1,100,,27283,30,,,1,101,,27275,30,,,1,30,,27286,30,,,1,70,,27279,30,,,1,30,,27287,30,,,1,70,,27280,30,,,1,30,,27288,30,,,1,70,,27272,30,,,1,30,,27289,30,,,1,69,,27277,30,,,1,29,,27290,30,,,1,70,,27271,30,,,1,99,,27281,30,,,1,98,,27284,30,,,1,99,,27285,30,,,1
10100,'H:121:0:Weekday:1:26SEP:12345',546,,27292,30,,,1,72,,27293,30,,,1,32,,27324,30,,,1,105,,27295,30,,,1,70,,27291,30,,,1,30,,27296,30,,,1,68,,27294,30,,,1,30,,27297,30,,,1,70,,27322,30,,,1,30,,27298,30,,,1,100,,27300,30,,,1,71,,27318,30,,,1,31,,27301,30,,,1,71,,27317,30,,,1,30,,27302,30,,,1,70,,27323,30,,,1,31,,27299,30,,,1,71,,27303,30,,,1,31,,27304,30,,,1,70,,27306,30,,,1,30,,27307,30,,,1,70,,27308,30,,,1,28,,27305,30,,,1,69,,27310,30,,,1,29,,27311,30,,,1,68,,27312,30,,,1,28,,27309,30,,,1,69,,27313,30,,,1,30,,27319,30,,,1,69,,27314,30,,,1,29,,27320,30,,,1,69,,27315,30,,,1,29,,27321,30,,,1,79,,27316,30,,,1
10100,'H:121:0:Weekday:2:26SEP:12345',546,,27326,30,,,1,72,,27327,30,,,1,32,,27358,30,,,1,105,,27329,30,,,1,70,,27325,30,,,1,30,,27330,30,,,1,68,,27328,30,,,1,30,,27331,30,,,1,70,,27356,30,,,1,30,,27332,30,,,1,100,,27334,30,,,1,71,,27352,30,,,1,31,,27335,30,,,1,71,,27351,30,,,1,30,,27336,30,,,1,70,,27357,30,,,1,31,,27333,30,,,1,71,,27337,30,,,1,31,,27338,30,,,1,70,,27340,30,,,1,30,,27341,30,,,1,70,,27342,30,,,1,28,,27339,30,,,1,69,,27344,30,,,1,29,,27345,30,,,1,68,,27346,30,,,1,28,,27343,30,,,1,69,,27347,30,,,1,30,,27353,30,,,1,69,,27348,30,,,1,29,,27354,30,,,1,69,,27349,30,,,1,29,,27355,30,,,1,79,,27350,30,,,1
10100,'H:171:5:Saturday:1:26SEP:6',618,,27368,30,,,1,105,,27359,30,,,1,101,,27367,30,,,1,101,,27370,30,,,1,103,,27360,30,,,1,101,,27366,30,,,1,30,,27375,30,,,1,70,,27372,30,,,1,30,,27376,30,,,1,70,,27361,30,,,1,30,,27377,30,,,1,70,,27373,30,,,1,30,,27378,30,,,1,70,,27362,30,,,1,30,,27379,30,,,1,70,,27363,30,,,1,29,,27380,30,,,1,70,,27364,30,,,1,27,,27381,30,,,1,70,,27369,30,,,1,100,,27365,30,,,1,100,,27374,30,,,1,98,,27371,30,,,1
10100,'H:171:5:Saturday:2:26SEP:6',618,,27391,30,,,1,105,,27382,30,,,1,101,,27390,30,,,1,101,,27393,30,,,1,103,,27383,30,,,1,101,,27389,30,,,1,30,,27398,30,,,1,70,,27395,30,,,1,30,,27399,30,,,1,70,,27384,30,,,1,30,,27400,30,,,1,70,,27396,30,,,1,30,,27401,30,,,1,70,,27385,30,,,1,30,,27402,30,,,1,70,,27386,30,,,1,29,,27403,30,,,1,70,,27387,30,,,1,27,,27404,30,,,1,70,,27392,30,,,1,100,,27388,30,,,1,100,,27397,30,,,1,98,,27394,30,,,1
10100,'KP:321:0:Weekday:1:26SEP:12345',723,,27406,30,,,1,400,,27405,30,,,1
10100,'KP:321:0:Weekday:2:26SEP:12345',723,,27408,30,,,1,400,,27407,30,,,1
90900,'H:111:6:Sunday:1:26SEP:1234567',645,,35437,8,,,1,80,,35438,8,,,1,100,,35439,8,,,1,84,,35440,8,,,1,45,,35441,8,,,1,84,,35442,8,,,1,84,,35443,8,,,1,85,,35444,8,,,1,100,,35445,8,,,1,50,,35446,8,,,1,90,,35447,8,,,1,80,,35448,8,,,1,90,,35449,8,,,1,40,,35450,8,,,1,91,,35452,8,,,1,81,,35453,8,,,1,85,,35454,8,,,1,91,,35451,8,,,1,35,,35455,8,,,1,85,,35456,8,,,1,75,,35457,8,,,1
90900,'H:111:6:Sunday:2:26SEP:1234567',645,,35458,8,,,1,80,,35459,8,,,1,100,,35460,8,,,1,84,,35461,8,,,1,45,,35462,8,,,1,84,,35463,8,,,1,84,,35464,8,,,1,85,,35465,8,,,1,100,,35466,8,,,1,50,,35467,8,,,1,90,,35468,8,,,1,80,,35469,8,,,1,90,,35470,8,,,1,40,,35471,8,,,1,91,,35473,8,,,1,81,,35474,8,,,1,85,,35475,8,,,1,91,,35472,8,,,1,35,,35476,8,,,1,85,,35477,8,,,1,75,,35478,8,,,1
90900,'H:121:0:Weekday:1:26SEP:12345',546,,35479,8,,,1,99,,35480,8,,,1,80,,35481,8,,,1,99,,35482,8,,,1,129,,35483,8,,,1,84,,35484,8,,,1,86,,35485,8,,,1,84,,35486,8,,,1,100,,35487,8,,,1,50,,35488,8,,,1,89,,35489,8,,,1,79,,35490,8,,,1,89,,35491,8,,,1,40,,35492,8,,,1,90,,35493,8,,,1,82,,35494,8,,,1,86,,35495,8,,,1,92,,35496,8,,,1,35,,35497,8,,,1,161,,35498,8,,,1
90900,'H:121:0:Weekday:2:26SEP:12345',546,,35499,8,,,1,99,,35500,8,,,1,80,,35501,8,,,1,99,,35502,8,,,1,129,,35503,8,,,1,84,,35504,8,,,1,86,,35505,8,,,1,84,,35506,8,,,1,100,,35507,8,,,1,50,,35508,8,,,1,89,,35509,8,,,1,79,,35510,8,,,1,89,,35511,8,,,1,40,,35512,8,,,1,90,,35513,8,,,1,82,,35514,8,,,1,86,,35515,8,,,1,92,,35516,8,,,1,35,,35517,8,,,1,161,,35518,8,,,1
90900,'H:171:5:Saturday:1:26SEP:6',546,,35519,8,,,1,100,,35520,8,,,1,80,,35522,8,,,1,98,,35523,8,,,1,85,,35524,8,,,1,43,,35521,8,,,1,84,,35525,8,,,1,84,,35526,8,,,1,85,,35527,8,,,1,100,,35528,8,,,1,50,,35529,8,,,1,91,,35530,8,,,1,80,,35531,8,,,1,91,,35532,8,,,1,40,,35533,8,,,1,90,,35534,8,,,1,81,,35535,8,,,1,85,,35536,8,,,1,91,,35537,8,,,1,35,,35538,8,,,1,87,,35539,8,,,1,75,,35540,8,,,1,45,,35541,8,,,1
90900,'H:171:5:Saturday:2:26SEP:6',546,,35542,8,,,1,100,,35543,8,,,1,80,,35545,8,,,1,98,,35546,8,,,1,85,,35547,8,,,1,43,,35544,8,,,1,84,,35548,8,,,1,84,,35549,8,,,1,85,,35550,8,,,1,100,,35551,8,,,1,50,,35552,8,,,1,91,,35553,8,,,1,80,,35554,8,,,1,91,,35555,8,,,1,40,,35556,8,,,1,90,,35557,8,,,1,81,,35558,8,,,1,85,,35559,8,,,1,91,,35560,8,,,1,35,,35561,8,,,1,87,,35562,8,,,1,75,,35563,8,,,1,45,,35564,8,,,1
90900,'KP:321:0:Weekday:1:26SEP:12345',909,,35565,8,,,1
90900,'KP:321:0:Weekday:2:26SEP:12345',909,,35566,8,,,1
