10601,'H:111:6:Sunday:1:26SEP:1234567',729,,28325,42,,,1,100,,28311,42,,,1,102,,28312,42,,,1,102,,28313,42,,,1,102,,28314,42,,,1,101,,28315,42,,,1,100,,28316,42,,,1,100,,28317,42,,,1,100,,28319,42,,,1,100,,28320,42,,,1,100,,28321,42,,,1,99,,28318,42,,,1,100,,28322,42,,,1,98,,28323,42,,,1,99,,28324,42,,,1
10601,'H:111:6:Sunday:2:26SEP:1234567',729,,28340,42,,,1,100,,28326,42,,,1,102,,28327,42,,,1,102,,28328,42,,,1,102,,28329,42,,,1,101,,28330,42,,,1,100,,28331,42,,,1,100,,28332,42,,,1,100,,28334,42,,,1,100,,28335,42,,,1,100,,28336,42,,,1,99,,28333,42,,,1,100,,28337,42,,,1,98,,28338,42,,,1,99,,28339,42,,,1
10601,'H:121:0:Weekday:1:26SEP:12345',545,,28341,42,,,1,105,,28342,42,,,1,103,,28343,42,,,1,103,,28344,42,,,1,98,,28345,42,,,1,99,,28346,42,,,1,101,,28348,42,,,1,101,,28349,42,,,1,101,,28350,42,,,1,100,,28347,42,,,1,148,,28352,42,,,1,100,,28358,42,,,1,99,,28353,42,,,1,55,,28351,42,,,1,96,,28354,42,,,1,98,,28355,42,,,1,96,,28356,42,,,1,98,,28357,42,,,1
10601,'H:121:0:Weekday:2:26SEP:12345',545,,28359,42,,,1,105,,28360,42,,,1,103,,28361,42,,,1,103,,28362,42,,,1,98,,28363,42,,,1,99,,28364,42,,,1,101,,28366,42,,,1,101,,28367,42,,,1,101,,28368,42,,,1,100,,28365,42,,,1,148,,28370,42,,,1,100,,28376,42,,,1,99,,28371,42,,,1,55,,28369,42,,,1,96,,28372,42,,,1,98,,28373,42,,,1,96,,28374,42,,,1,98,,28375,42,,,1
10601,'H:171:5:Saturday:1:26SEP:6',629,,28391,42,,,1,100,,28390,42,,,1,103,,28377,42,,,1,100,,28378,42,,,1,100,,28379,42,,,1,103,,28380,42,,,1,101,,28382,42,,,1,100,,28383,42,,,1,100,,28384,42,,,1,100,,28381,42,,,1,100,,28385,42,,,1,100,,28386,42,,,1,100,,28387,42,,,1,99,,28388,42,,,1,97,,28389,42,,,1,99,,28392,42,,,1,100,,28393,42,,,1
10601,'H:171:5:Saturday:2:26SEP:6',629,,28408,42,,,1,100,,28407,42,,,1,103,,28394,42,,,1,100,,28395,42,,,1,100,,28396,42,,,1,103,,28397,42,,,1,101,,28399,42,,,1,100,,28400,42,,,1,100,,28401,42,,,1,100,,28398,42,,,1,100,,28402,42,,,1,100,,28403,42,,,1,100,,28404,42,,,1,99,,28405,42,,,1,97,,28406,42,,,1,99,,28409,42,,,1,100,,28410,42,,,1
10900,'H:111:6:Sunday:1:26SEP:1234567',832,,28416,33,,,1,102,,28420,33,,,1,100,,28411,33,,,1,101,,28412,33,,,1,102,,28423,33,,,1,101,,28414,33,,,1,99,,28419,33,,,1,100,,28413,33,,,1,99,,28415,33,,,1,99,,28422,33,,,1,99,,28418,33,,,1,98,,28421,33,,,1,100,,28417,33,,,1,98,,28424,33,,,1
10900,'H:111:6:Sunday:2:26SEP:1234567',832,,28430,33,,,1,102,,28434,33,,,1,100,,28425,33,,,1,101,,28426,33,,,1,102,,28437,33,,,1,101,,28428,33,,,1,99,,28433,33,,,1,100,,28427,33,,,1,99,,28429,33,,,1,99,,28436,33,,,1,99,,28432,33,,,1,98,,28435,33,,,1,100,,28431,33,,,1,98,,28438,33,,,1
10900,'H:121:0:Weekday:1:26SEP:12345',528,,28452,33,,,1,105,,28446,33,,,1,106,,28442,33,,,1,97,,28448,33,,,1,104,,28455,33,,,1,101,,28440,33,,,1,100,,28454,33,,,1,101,,28453,33,,,1,100,,28445,33,,,1,102,,28451,33,,,1,101,,28443,33,,,1,100,,28447,33,,,1,99,,28450,33,,,1,98,,28444,33,,,1,97,,28441,33,,,1,99,,28439,33,,,1,100,,28449,33,,,1
10900,'H:121:0:Weekday:2:26SEP:12345',528,,28469,33,,,1,105,,28463,33,,,1,106,,28459,33,,,1,97,,28465,33,,,1,104,,28472,33,,,1,101,,28457,33,,,1,100,,28471,33,,,1,101,,28470,33,,,1,100,,28462,33,,,1,102,,28468,33,,,1,101,,28460,33,,,1,100,,28464,33,,,1,99,,28467,33,,,1,98,,28461,33,,,1,97,,28458,33,,,1,99,,28456,33,,,1,100,,28466,33,,,1
10900,'H:171:5:Saturday:1:26SEP:6',732,,28477,33,,,1,102,,28480,33,,,1,101,,28476,33,,,1,102,,28473,33,,,1,102,,28485,33,,,1,101,,28478,33,,,1,100,,28483,33,,,1,100,,28474,33,,,1,97,,28475,33,,,1,100,,28487,33,,,1,99,,28479,33,,,1,99,,28484,33,,,1,98,,28481,33,,,1,99,,28482,33,,,1,100,,28486,33,,,1
10900,'H:171:5:Saturday:2:26SEP:6',732,,28492,33,,,1,102,,28495,33,,,1,101,,28491,33,,,1,102,,28488,33,,,1,102,,28500,33,,,1,101,,28493,33,,,1,100,,28498,33,,,1,100,,28489,33,,,1,97,,28490,33,,,1,100,,28502,33,,,1,99,,28494,33,,,1,99,,28499,33,,,1,98,,28496,33,,,1,99,,28497,33,,,1,100,,28501,33,,,1
90100,'H:121:0:Weekday:1:26SEP:12345',454,,35213,20,,,1
90100,'H:121:0:Weekday:2:26SEP:12345',454,,35214,20,,,1
90100,'KP:321:0:Weekday:1:26SEP:12345',524,,35218,20,,,1,30,,35217,20,,,1,65,,35221,20,,,1,29,,35219,20,,,1,67,,35216,20,,,1,30,,35222,20,,,1,72,,35220,20,,,1,33,,35215,20,,,1
90100,'KP:321:0:Weekday:2:26SEP:12345',524,,35226,20,,,1,30,,35225,20,,,1,65,,35229,20,,,1,29,,35227,20,,,1,67,,35224,20,,,1,30,,35230,20,,,1,72,,35228,20,,,1,33,,35223,20,,,1
