10200,'H:111:6:Sunday:1:26SEP:1234567',733,,27569,26,4,,1,70,,27584,26,4,,1,31,,27570,26,4,,1,70,,27585,26,4,,1,31,,27571,26,4,,1,70,,27586,26,4,,1,30,,27572,26,4,,1,70,,27587,26,4,,1,31,,27573,26,4,,1,70,,27588,26,4,,1,30,,27574,26,4,,1,71,,27589,26,4,,1,30,,27575,26,4,,1,70,,27590,26,4,,1,30,,27576,26,4,,1,70,,27591,26,4,,1,30,,27577,26,4,,1,70,,27592,26,4,,1,30,,27579,26,4,,1,69,,27593,26,4,,1,30,,27580,26,4,,1,70,,27594,26,4,,1,29,,27581,26,4,,1,70,,27595,26,4,,1,29,,27578,26,4,,1,100,,27582,26,4,,1,100,,27583,26,4,,1,100,,27596,26,4,,1
10200,'H:121:0:Weekday:1:26SEP:12345',539,,27635,26,4,,1,70,,27632,26,4,,1,27,,27626,26,4,,1,100,,27625,26,4,,1,207,,27627,26,4,,1,70,,27641,26,4,,1,100,,27638,26,4,,1,101,,27642,26,4,,1,206,,27628,26,4,,1,25,,27639,26,4,,1,70,,27640,26,4,,1,101,,27636,26,4,,1,100,,27637,26,4,,1,29,,27634,26,4,,1,168,,27629,26,4,,1,127,,27633,26,4,,1,99,,27630,26,4,,1,100,,27631,26,4,,1
10200,'H:171:5:Saturday:1:26SEP:6',634,,27665,26,4,,1,70,,27666,26,4,,1,30,,27667,26,4,,1,70,,27668,26,4,,1,31,,27669,26,4,,1,101,,27671,26,4,,1,71,,27672,26,4,,1,30,,27673,26,4,,1,72,,27674,26,4,,1,30,,27675,26,4,,1,70,,27676,26,4,,1,30,,27677,26,4,,1,99,,27680,26,4,,1,70,,27681,26,4,,1,30,,27683,26,4,,1,100,,27684,26,4,,1,70,,27685,26,4,,1,30,,27682,26,4,,1,69,,27686,26,4,,1,30,,27687,26,4,,1,70,,27688,26,4,,1,29,,27689,26,4,,1,70,,27690,26,4,,1,30,,27662,26,4,,1,99,,27664,26,4,,1,99,,27663,26,4,,1,100,,27661,26,4,,1
10200,'KP:321:0:Weekday:1:26SEP:12345',706,,27727,26,4,,1,100,,27728,26,4,,1,37,,27732,26,4,,1,70,,27729,26,4,,1,130,,27734,26,4,,1,100,,27721,26,4,,1,101,,27722,26,4,,1,70,,27733,26,4,,1,30,,27723,26,4,,1,201,,27724,26,4,,1,101,,27731,26,4,,1,169,,27730,26,4,,1,29,,27726,26,4,,1,97,,27725,26,4,,1
13000,'H:121:0:Weekday:1:26SEP:12345',833,,30275,50,4,,1
13000,'H:171:5:Saturday:1:26SEP:6',1233,,30334,50,4,,1,100,,30335,50,4,,1,100,,30336,50,4,,1,100,,30337,50,4,,1
16600,'H:111:6:Sunday:1:26SEP:1234567',725,,30491,58,4,,1,102,,30492,58,4,,1,102,,30493,58,4,,1,101,,30494,58,4,,1,100,,30495,58,4,,1,101,,30496,58,4,,1,101,,30497,58,4,,1,100,,30498,58,4,,1,100,,30499,58,4,,1,100,,30500,58,4,,1,99,,30501,58,4,,1,99,,30502,58,4,,1,99,,30503,58,4,,1,99,,30504,58,4,,1,99,,30505,58,4,,1,99,,30506,58,4,,1
16600,'H:121:0:Weekday:1:26SEP:12345',534,,30535,58,4,,1,101,,30533,58,4,,1,205,,30528,58,4,,1,101,,30539,58,4,,1,100,,30540,58,4,,1,201,,30526,58,4,,1,70,,30536,58,4,,1,30,,30541,58,4,,1,101,,30530,58,4,,1,101,,30529,58,4,,1,200,,30527,58,4,,1,70,,30537,58,4,,1,28,,30538,58,4,,1,98,,30532,58,4,,1,99,,30524,58,4,,1,99,,30525,58,4,,1,98,,30531,58,4,,1,98,,30534,58,4,,1
16600,'H:171:5:Saturday:1:26SEP:6',627,,30561,58,4,,1,101,,30562,58,4,,1,101,,30564,58,4,,1,102,,30565,58,4,,1,103,,30566,58,4,,1,100,,30563,58,4,,1,100,,30567,58,4,,1,100,,30569,58,4,,1,100,,30570,58,4,,1,100,,30574,58,4,,1,100,,30572,58,4,,1,100,,30575,58,4,,1,99,,30573,58,4,,1,98,,30571,58,4,,1,99,,30576,58,4,,1,99,,30568,58,4,,1,98,,30577,58,4,,1
16600,'KP:321:0:Weekday:1:26SEP:12345',605,,30603,58,4,,1,103,,30602,58,4,,1,32,,30605,58,4,,1,271,,30598,58,4,,1,100,,30597,58,4,,1,31,,30609,58,4,,1,70,,30596,58,4,,1,201,,30608,58,4,,1,101,,30606,58,4,,1,100,,30607,58,4,,1,30,,30604,58,4,,1,70,,30601,58,4,,1,198,,30595,58,4,,1,98,,30600,58,4,,1
90900,'H:171:5:Saturday:1:26SEP:6',925,,35524,22,4,,1
90900,'KP:321:0:Weekday:1:26SEP:12345',925,,35565,22,4,,1
