12000,'H:113:6:Sunday:3:26MAR:1234567',737,,22891,13,,,1,100,,22892,13,,,1,100,,22893,13,,,1,99,,22890,13,,,1,100,,22894,13,,,1,98,,22895,13,,,1,100,,22896,13,,,1,100,,22897,13,,,1,100,,22898,13,,,1,100,,22899,13,,,1,100,,22900,13,,,1,100,,22901,13,,,1,102,,22889,13,,,1,100,,22902,13,,,1
12000,'H:123:0:Weekday:3:26MAR:12345',430,,22920,13,,,1,85,,22921,13,,,1,28,,22907,13,,,1,68,,22922,13,,,1,28,,22905,13,,,1,70,,22923,13,,,1,29,,22903,13,,,1,71,,22924,13,,,1,30,,22904,13,,,1,70,,22929,13,,,1,33,,22906,13,,,1,70,,22930,13,,,1,30,,22910,13,,,1,70,,22931,13,,,1,30,,22908,13,,,1,70,,22932,13,,,1,29,,22911,13,,,1,69,,22933,13,,,1,30,,22909,13,,,1,70,,22934,13,,,1,29,,22913,13,,,1,67,,22925,13,,,1,29,,22914,13,,,1,70,,22926,13,,,1,29,,22912,13,,,1,71,,22927,13,,,1,32,,22919,13,,,1,70,,22928,13,,,1,34,,22917,13,,,1,99,,22918,13,,,1,101,,22915,13,,,1,102,,22916,13,,,1
12000,'H:123:0:Weekday:4:26MAR:12345',430,,22952,13,,,1,85,,22953,13,,,1,28,,22939,13,,,1,68,,22954,13,,,1,28,,22937,13,,,1,70,,22955,13,,,1,29,,22935,13,,,1,71,,22956,13,,,1,30,,22936,13,,,1,70,,22961,13,,,1,33,,22938,13,,,1,70,,22962,13,,,1,30,,22942,13,,,1,70,,22963,13,,,1,30,,22940,13,,,1,70,,22964,13,,,1,29,,22943,13,,,1,69,,22965,13,,,1,30,,22941,13,,,1,70,,22966,13,,,1,29,,22945,13,,,1,67,,22957,13,,,1,29,,22946,13,,,1,70,,22958,13,,,1,29,,22944,13,,,1,71,,22959,13,,,1,32,,22951,13,,,1,70,,22960,13,,,1,34,,22949,13,,,1,99,,22950,13,,,1,101,,22947,13,,,1,102,,22948,13,,,1
12000,'H:173:5:Saturday:3:26MAR:6',538,,22972,13,,,1,100,,22971,13,,,1,98,,22975,13,,,1,99,,22974,13,,,1,100,,22977,13,,,1,100,,22976,13,,,1,99,,22973,13,,,1,99,,22979,13,,,1,100,,22980,13,,,1,100,,22978,13,,,1,100,,22982,13,,,1,101,,22981,13,,,1,101,,22970,13,,,1,100,,22968,13,,,1,101,,22967,13,,,1,101,,22969,13,,,1,101,,22983,13,,,1
12100,'H:113:6:Sunday:3:26MAR:1234567',711,,23076,18,,,1,102,,23077,18,,,1,102,,23078,18,,,1,100,,23079,18,,,1,101,,23080,18,,,1,101,,23081,18,,,1,101,,23082,18,,,1,100,,23083,18,,,1,100,,23084,18,,,1,99,,23085,18,,,1,100,,23086,18,,,1,100,,23087,18,,,1,99,,23088,18,,,1,99,,23089,18,,,1
12100,'H:123:0:Weekday:3:26MAR:12345',542,,23108,18,,,1,66,,23106,18,,,1,25,,23113,18,,,1,67,,23107,18,,,1,26,,23112,18,,,1,26,,23104,18,,,1,66,,23109,18,,,1,30,,23114,18,,,1,64,,23116,18,,,1,30,,23110,18,,,1,94,,23111,18,,,1,90,,23105,18,,,1,90,,23097,18,,,1,90,,23103,18,,,1,50,,23095,18,,,1,96,,23101,18,,,1,102,,23102,18,,,1,73,,23098,18,,,1,32,,23100,18,,,1,77,,23099,18,,,1,73,,23096,18,,,1,25,,23090,18,,,1,69,,23115,18,,,1,34,,23094,18,,,1,97,,23093,18,,,1,100,,23091,18,,,1,99,,23092,18,,,1
12100,'H:123:0:Weekday:4:26MAR:12345',542,,23135,18,,,1,66,,23133,18,,,1,25,,23140,18,,,1,67,,23134,18,,,1,26,,23139,18,,,1,26,,23131,18,,,1,66,,23136,18,,,1,30,,23141,18,,,1,64,,23143,18,,,1,30,,23137,18,,,1,94,,23138,18,,,1,90,,23132,18,,,1,90,,23124,18,,,1,90,,23130,18,,,1,50,,23122,18,,,1,96,,23128,18,,,1,102,,23129,18,,,1,73,,23125,18,,,1,32,,23127,18,,,1,77,,23126,18,,,1,73,,23123,18,,,1,25,,23117,18,,,1,69,,23142,18,,,1,34,,23121,18,,,1,97,,23120,18,,,1,100,,23118,18,,,1,99,,23119,18,,,1
12100,'H:173:5:Saturday:3:26MAR:6',612,,23145,18,,,1,100,,23146,18,,,1,102,,23147,18,,,1,101,,23144,18,,,1,101,,23148,18,,,1,101,,23149,18,,,1,100,,23150,18,,,1,100,,23151,18,,,1,100,,23152,18,,,1,101,,23153,18,,,1,100,,23154,18,,,1,100,,23155,18,,,1,99,,23156,18,,,1,99,,23157,18,,,1,99,,23158,18,,,1
12100,'KP:323:0:Weekday:3:26MAR:12345',1524,,23159,18,,,1
12100,'KP:323:0:Weekday:4:26MAR:12345',1524,,23160,18,,,1
