27000,'H:121:0:Weekday:1:26SEP:12345',511,,32145,23,,,1,113,,32146,23,,,1,101,,32148,23,,,1,1497,,32147,23,,,1
27000,'H:121:0:Weekday:2:26SEP:12345',511,,32149,23,,,1,113,,32150,23,,,1,101,,32152,23,,,1,1497,,32151,24,,,1
27000,'KP:321:0:Weekday:1:26SEP:12345',1819,,32153,8,,,1
27000,'KP:321:0:Weekday:2:26SEP:12345',1819,,32154,9,,,1
27100,'H:111:6:Sunday:1:26SEP:1234567',745,,32161,37,,,1,100,,32162,37,,,1,102,,32172,37,,,1,101,,32163,37,,,1,100,,32164,37,,,1,102,,32165,37,,,1,101,,32166,37,,,1,101,,32167,37,,,1,100,,32174,37,,,1,100,,32168,37,,,1,98,,32169,37,,,1,100,,32170,37,,,1,98,,32171,37,,,1,98,,32173,37,,,1
27100,'H:111:6:Sunday:2:26SEP:1234567',745,,32175,37,,,1,100,,32176,38,,,1,102,,32186,38,,,1,101,,32177,38,,,1,100,,32178,38,,,1,102,,32179,38,,,1,101,,32180,38,,,1,101,,32181,38,,,1,100,,32188,38,,,1,100,,32182,38,,,1,98,,32183,38,,,1,100,,32184,38,,,1,98,,32185,38,,,1,98,,32187,38,,,1
27100,'H:121:0:Weekday:1:26SEP:12345',658,,32198,23,,,1,142,,32189,23,,,1,104,,32190,37,,,1,101,,32191,37,,,1,101,,32199,37,,,1,199,,32192,37,,,1,204,,32193,37,,,1,199,,32194,37,,,1,194,,32195,37,,,1,198,,32196,37,,,1,100,,32197,37,,,1
27100,'H:121:0:Weekday:2:26SEP:12345',658,,32209,23,,,1,142,,32200,23,,,1,104,,32201,38,,,1,101,,32202,38,,,1,101,,32210,38,,,1,199,,32203,38,,,1,204,,32204,38,,,1,200,,32205,38,,,1,193,,32206,38,,,1,198,,32207,38,,,1,100,,32208,38,,,1
27100,'H:171:5:Saturday:1:26SEP:6',746,,32220,37,,,1,100,,32212,37,,,1,104,,32221,37,,,1,101,,32213,37,,,1,101,,32219,37,,,1,100,,32211,37,,,1,100,,32218,37,,,1,100,,32214,37,,,1,100,,32222,37,,,1,99,,32215,37,,,1,99,,32217,37,,,1,98,,32216,37,,,1,99,,32223,37,,,1,100,,32224,37,,,1,100,,32225,37,,,1
27100,'H:171:5:Saturday:2:26SEP:6',746,,32235,37,,,1,100,,32227,38,,,1,104,,32236,38,,,1,101,,32228,38,,,1,101,,32234,38,,,1,100,,32226,38,,,1,100,,32233,38,,,1,100,,32229,38,,,1,100,,32237,38,,,1,99,,32230,38,,,1,99,,32232,38,,,1,98,,32231,38,,,1,99,,32238,38,,,1,100,,32239,38,,,1,100,,32240,38,,,1
27100,'KP:321:0:Weekday:1:26SEP:12345',550,,32246,23,,,1,284,,32241,37,,,1,371,,32242,37,,,1,201,,32243,37,,,1,205,,32245,37,,,1,195,,32244,37,,,1,194,,32247,37,,,1
27100,'KP:321:0:Weekday:2:26SEP:12345',550,,32253,23,,,1,284,,32248,38,,,1,371,,32249,38,,,1,201,,32250,38,,,1,206,,32252,38,,,1,195,,32251,38,,,1,193,,32254,38,,,1
90801,'H:121:0:Weekday:1:26SEP:12345',1846,,35427,20,,,1
90801,'H:121:0:Weekday:2:26SEP:12345',1846,,35428,21,,,1
90801,'KP:321:0:Weekday:1:26SEP:12345',1639,,35429,20,,,1,88,,35431,20,,,1,87,,35432,20,,,1,109,,35430,20,,,1
90801,'KP:321:0:Weekday:2:26SEP:12345',1639,,35433,21,,,1,89,,35435,21,,,1,86,,35436,21,,,1,109,,35434,21,,,1
