28000,'H:113:6:Sunday:3:26MAR:1234567',829,,24752,42,,,1,101,,24753,42,,,1,100,,24754,42,,,1,100,,24755,42,,,1,100,,24763,42,,,1,100,,24757,42,,,1,100,,24756,42,,,1,100,,24758,42,,,1,100,,24759,42,,,1,99,,24760,42,,,1,100,,24764,42,,,1,100,,24762,42,,,1,100,,24761,42,,,1
28000,'H:123:0:Weekday:3:26MAR:12345',528,,24765,42,,,1,180,,24777,19,,,1,33,,24766,42,,,1,99,,24768,42,,,1,71,,24781,19,,,1,29,,24769,42,,,1,100,,24782,42,,,1,101,,24767,42,,,1,200,,24770,42,,,1,178,,24780,19,,,1,23,,24771,42,,,1,76,,24779,19,,,1,100,,24778,19,,,1,28,,24773,42,,,1,94,,24774,42,,,1,93,,24775,42,,,1,100,,24772,42,,,1,99,,24776,42,,,1
28000,'H:123:0:Weekday:4:26MAR:12345',528,,24783,42,,,1,180,,24795,19,,,1,33,,24784,42,,,1,99,,24786,42,,,1,71,,24799,19,,,1,29,,24787,42,,,1,100,,24800,42,,,1,101,,24785,42,,,1,200,,24788,42,,,1,178,,24798,19,,,1,23,,24789,42,,,1,76,,24797,19,,,1,100,,24796,19,,,1,28,,24791,42,,,1,94,,24792,42,,,1,93,,24793,42,,,1,100,,24790,42,,,1,99,,24794,42,,,1
28000,'H:173:5:Saturday:3:26MAR:6',728,,24813,42,,,1,100,,24801,42,,,1,100,,24809,42,,,1,102,,24802,42,,,1,101,,24811,42,,,1,101,,24812,42,,,1,100,,24803,42,,,1,99,,24804,42,,,1,100,,24806,42,,,1,99,,24805,42,,,1,100,,24807,42,,,1,100,,24808,42,,,1,99,,24810,42,,,1,100,,24814,42,,,1
28000,'KP:323:0:Weekday:3:26MAR:12345',633,,24820,42,,,1,178,,24819,19,,,1,430,,24815,42,,,1,176,,24816,19,,,1,25,,24818,42,,,1,199,,24817,42,,,1
28000,'KP:323:0:Weekday:4:26MAR:12345',633,,24826,42,,,1,178,,24825,19,,,1,430,,24821,42,,,1,176,,24822,19,,,1,25,,24824,42,,,1,199,,24823,42,,,1
90300,'H:123:0:Weekday:3:26MAR:12345',457,,26886,8,,,1
90300,'H:123:0:Weekday:4:26MAR:12345',457,,26887,8,,,1
90300,'KP:323:0:Weekday:3:26MAR:12345',531,,26889,8,,,1,27,,26890,8,,,1,65,,26891,8,,,1,32,,26888,8,,,1,75,,26892,8,,,1,80,,26893,8,,,1
90300,'KP:323:0:Weekday:4:26MAR:12345',531,,26895,8,,,1,27,,26896,8,,,1,65,,26897,8,,,1,32,,26894,8,,,1,75,,26898,8,,,1,80,,26899,8,,,1
