20900,'H:111:6:Sunday:1:26SEP:1234567',805,,31385,10,,,1,100,,31379,10,,,1,100,,31377,10,,,1,101,,31389,10,,,1,101,,31381,10,,,1,101,,31387,10,,,1,100,,31378,10,,,1,101,,31380,10,,,1,100,,31388,10,,,1,100,,31383,10,,,1,99,,31384,10,,,1,99,,31382,10,,,1,100,,31386,10,,,1
20900,'H:111:6:Sunday:2:26SEP:1234567',805,,31398,10,,,1,100,,31392,10,,,1,100,,31390,10,,,1,101,,31402,10,,,1,101,,31394,10,,,1,101,,31400,10,,,1,100,,31391,10,,,1,101,,31393,10,,,1,100,,31401,10,,,1,100,,31396,10,,,1,99,,31397,10,,,1,99,,31395,10,,,1,100,,31399,10,,,1
20900,'H:121:0:Weekday:1:26SEP:12345',608,,31415,10,,,1,101,,31416,10,,,1,100,,31418,10,,,1,100,,31417,10,,,1,100,,31414,10,,,1,100,,31410,10,,,1,102,,31408,10,,,1,97,,31412,10,,,1,100,,31406,10,,,1,100,,31411,10,,,1,100,,31413,10,,,1,100,,31405,10,,,1,100,,31407,10,,,1,99,,31409,10,,,1,100,,31403,10,,,1,100,,31404,10,,,1,98,,31419,10,,,1
20900,'H:121:0:Weekday:2:26SEP:12345',608,,31432,10,,,1,101,,31433,10,,,1,100,,31435,10,,,1,100,,31434,10,,,1,100,,31431,10,,,1,100,,31427,10,,,1,102,,31425,10,,,1,97,,31429,10,,,1,100,,31423,10,,,1,100,,31428,10,,,1,100,,31430,10,,,1,100,,31422,10,,,1,100,,31424,10,,,1,99,,31426,10,,,1,100,,31420,10,,,1,100,,31421,10,,,1,98,,31436,10,,,1
20900,'H:171:5:Saturday:1:26SEP:6',705,,31446,10,,,1,100,,31439,10,,,1,100,,31437,10,,,1,101,,31449,10,,,1,100,,31442,10,,,1,102,,31448,10,,,1,100,,31440,10,,,1,100,,31438,10,,,1,101,,31451,10,,,1,100,,31443,10,,,1,100,,31447,10,,,1,100,,31441,10,,,1,99,,31444,10,,,1,99,,31450,10,,,1,99,,31445,10,,,1
20900,'H:171:5:Saturday:2:26SEP:6',705,,31461,10,,,1,100,,31454,10,,,1,100,,31452,10,,,1,101,,31464,10,,,1,100,,31457,10,,,1,102,,31463,10,,,1,100,,31455,10,,,1,100,,31453,10,,,1,101,,31466,10,,,1,100,,31458,10,,,1,100,,31462,10,,,1,100,,31456,10,,,1,99,,31459,10,,,1,99,,31465,10,,,1,99,,31460,10,,,1
22200,'H:111:6:Sunday:1:26SEP:1234567',754,,31765,36,,,1,91,,31764,36,,,1,90,,31756,36,,,1,91,,31751,36,,,1,92,,31754,36,,,1,92,,31760,36,,,1,91,,31752,36,,,1,50,,31757,36,,,1,90,,31759,36,,,1,90,,31753,36,,,1,88,,31755,36,,,1,90,,31761,36,,,1,50,,31762,36,,,1,89,,31758,36,,,1,89,,31763,36,,,1
22200,'H:111:6:Sunday:2:26SEP:1234567',754,,31780,36,,,1,91,,31779,36,,,1,90,,31771,36,,,1,91,,31766,36,,,1,92,,31769,36,,,1,92,,31775,36,,,1,91,,31767,36,,,1,50,,31772,36,,,1,90,,31774,36,,,1,90,,31768,36,,,1,88,,31770,36,,,1,90,,31776,36,,,1,50,,31777,36,,,1,89,,31773,36,,,1,89,,31778,36,,,1
22200,'H:121:0:Weekday:1:26SEP:12345',647,,31783,36,,,1,84,,31781,36,,,1,93,,31784,36,,,1,95,,31782,36,,,1,91,,31785,36,,,1,90,,31787,36,,,1,51,,31788,36,,,1,90,,31789,36,,,1,91,,31786,36,,,1,90,,31791,36,,,1,90,,31792,36,,,1,92,,31793,36,,,1,50,,31790,36,,,1,86,,31794,36,,,1,89,,31796,36,,,1,88,,31797,36,,,1,90,,31795,36,,,1
22200,'H:121:0:Weekday:2:26SEP:12345',647,,31800,36,,,1,84,,31798,36,,,1,93,,31801,36,,,1,95,,31799,36,,,1,91,,31802,36,,,1,90,,31804,36,,,1,51,,31805,36,,,1,90,,31806,36,,,1,91,,31803,36,,,1,90,,31808,36,,,1,90,,31809,36,,,1,92,,31810,36,,,1,50,,31807,36,,,1,86,,31811,36,,,1,89,,31813,36,,,1,88,,31814,36,,,1,90,,31812,36,,,1
22200,'H:171:5:Saturday:1:26SEP:6',613,,31829,36,,,1,90,,31815,36,,,1,52,,31816,36,,,1,92,,31826,36,,,1,90,,31830,36,,,1,92,,31831,36,,,1,91,,31822,36,,,1,91,,31817,36,,,1,91,,31818,36,,,1,51,,31825,36,,,1,90,,31824,36,,,1,89,,31827,36,,,1,89,,31821,36,,,1,90,,31823,36,,,1,89,,31828,36,,,1,48,,31819,36,,,1,90,,31820,36,,,1,83,,31832,36,,,1
22200,'H:171:5:Saturday:2:26SEP:6',613,,31847,36,,,1,90,,31833,36,,,1,52,,31834,36,,,1,92,,31844,36,,,1,90,,31848,36,,,1,92,,31849,36,,,1,91,,31840,36,,,1,91,,31835,36,,,1,91,,31836,36,,,1,51,,31843,36,,,1,90,,31842,36,,,1,89,,31845,36,,,1,89,,31839,36,,,1,90,,31841,36,,,1,89,,31846,36,,,1,48,,31837,36,,,1,90,,31838,36,,,1,83,,31850,36,,,1
