11201,'H:113:6:Sunday:3:26MAR:1234567',722,,22177,36,,,1,30,,22191,36,,,1,70,,22178,36,,,1,30,,22192,36,,,1,71,,22179,36,,,1,30,,22193,36,,,1,71,,22176,36,,,1,30,,22194,36,,,1,70,,22180,36,,,1,30,,22195,36,,,1,70,,22181,36,,,1,30,,22197,36,,,1,71,,22182,36,,,1,30,,22198,36,,,1,70,,22183,36,,,1,30,,22199,36,,,1,70,,22185,36,,,1,30,,22196,36,,,1,70,,22187,36,,,1,30,,22200,36,,,1,70,,22188,36,,,1,29,,22201,36,,,1,70,,22184,36,,,1,100,,22189,36,,,1,100,,22186,36,,,1,99,,22190,36,,,1
11201,'H:123:0:Weekday:3:26MAR:12345',531,,22219,36,,,1,70,,22223,36,,,1,31,,22215,36,,,1,70,,22230,36,,,1,30,,22204,36,,,1,20,,22232,36,,,1,60,,22235,36,,,1,21,,22207,36,,,1,21,,22231,36,,,1,60,,22236,36,,,1,20,,22203,36,,,1,70,,22228,36,,,1,30,,22205,36,,,1,70,,22220,36,,,1,30,,22217,36,,,1,70,,22224,36,,,1,30,,22216,36,,,1,71,,22221,36,,,1,30,,22218,36,,,1,71,,22222,36,,,1,30,,22209,36,,,1,21,,22225,36,,,1,60,,22237,36,,,1,20,,22214,36,,,1,21,,22234,36,,,1,60,,22238,36,,,1,20,,22206,36,,,1,21,,22229,36,,,1,60,,22239,36,,,1,20,,22208,36,,,1,19,,22233,36,,,1,60,,22240,36,,,1,19,,22202,36,,,1,69,,22226,36,,,1,29,,22211,36,,,1,69,,22227,36,,,1,30,,22212,36,,,1,99,,22210,36,,,1,100,,22213,36,,,1
11201,'H:123:0:Weekday:4:26MAR:12345',531,,22258,36,,,1,70,,22262,36,,,1,31,,22254,36,,,1,70,,22269,36,,,1,30,,22243,36,,,1,20,,22271,36,,,1,60,,22274,36,,,1,21,,22246,36,,,1,21,,22270,36,,,1,60,,22275,36,,,1,20,,22242,36,,,1,70,,22267,36,,,1,30,,22244,36,,,1,70,,22259,36,,,1,30,,22256,36,,,1,70,,22263,36,,,1,30,,22255,36,,,1,71,,22260,36,,,1,30,,22257,36,,,1,71,,22261,36,,,1,30,,22248,36,,,1,21,,22264,36,,,1,60,,22276,36,,,1,20,,22253,36,,,1,21,,22273,36,,,1,60,,22277,36,,,1,20,,22245,36,,,1,21,,22268,36,,,1,60,,22278,36,,,1,20,,22247,36,,,1,19,,22272,36,,,1,60,,22279,36,,,1,19,,22241,36,,,1,69,,22265,36,,,1,29,,22250,36,,,1,69,,22266,36,,,1,30,,22251,36,,,1,99,,22249,36,,,1,100,,22252,36,,,1
11201,'H:173:5:Saturday:3:26MAR:6',723,,22282,36,,,1,30,,22297,36,,,1,70,,22281,36,,,1,30,,22301,36,,,1,71,,22284,36,,,1,30,,22300,36,,,1,70,,22280,36,,,1,30,,22302,36,,,1,72,,22283,36,,,1,30,,22296,36,,,1,70,,22290,36,,,1,30,,22305,36,,,1,70,,22291,36,,,1,30,,22303,36,,,1,70,,22288,36,,,1,30,,22304,36,,,1,70,,22285,36,,,1,30,,22299,36,,,1,70,,22286,36,,,1,30,,22306,36,,,1,70,,22287,36,,,1,30,,22298,36,,,1,70,,22289,36,,,1,29,,22295,36,,,1,69,,22292,36,,,1,100,,22293,36,,,1,100,,22294,36,,,1
12101,'H:113:6:Sunday:3:26MAR:1234567',730,,23161,33,,,1,101,,23162,33,,,1,102,,23163,33,,,1,100,,23164,33,,,1,102,,23165,33,,,1,101,,23166,33,,,1,100,,23167,33,,,1,100,,23169,33,,,1,100,,23170,33,,,1,99,,23171,33,,,1,99,,23168,33,,,1,99,,23172,33,,,1,100,,23173,33,,,1,99,,23174,33,,,1
12101,'H:123:0:Weekday:3:26MAR:12345',528,,23192,33,,,1,30,,23175,33,,,1,68,,23190,33,,,1,25,,23195,33,,,1,67,,23199,33,,,1,26,,23197,33,,,1,67,,23200,33,,,1,25,,23189,33,,,1,69,,23183,33,,,1,96,,23191,33,,,1,55,,23193,33,,,1,90,,23194,33,,,1,90,,23184,33,,,1,90,,23185,33,,,1,91,,23196,33,,,1,97,,23178,33,,,1,34,,23187,33,,,1,72,,23198,33,,,1,32,,23181,33,,,1,74,,23179,33,,,1,30,,23186,33,,,1,67,,23176,33,,,1,31,,23177,33,,,1,68,,23188,33,,,1,29,,23202,33,,,1,92,,23180,33,,,1,99,,23182,33,,,1,99,,23201,33,,,1
12101,'H:123:0:Weekday:4:26MAR:12345',528,,23220,33,,,1,30,,23203,33,,,1,68,,23218,33,,,1,25,,23223,33,,,1,67,,23227,33,,,1,26,,23225,33,,,1,67,,23228,33,,,1,25,,23217,33,,,1,69,,23211,33,,,1,96,,23219,33,,,1,55,,23221,33,,,1,90,,23222,33,,,1,90,,23212,33,,,1,90,,23213,33,,,1,91,,23224,33,,,1,97,,23206,33,,,1,34,,23215,33,,,1,72,,23226,33,,,1,32,,23209,33,,,1,74,,23207,33,,,1,30,,23214,33,,,1,67,,23204,33,,,1,31,,23205,33,,,1,68,,23216,33,,,1,29,,23230,33,,,1,92,,23208,33,,,1,99,,23210,33,,,1,99,,23229,33,,,1
12101,'H:173:5:Saturday:3:26MAR:6',628,,23231,33,,,1,100,,23232,33,,,1,104,,23233,33,,,1,101,,23234,33,,,1,102,,23235,33,,,1,100,,23236,33,,,1,102,,23237,33,,,1,100,,23238,33,,,1,100,,23239,33,,,1,100,,23240,33,,,1,100,,23241,33,,,1,100,,23242,33,,,1,98,,23243,33,,,1,99,,23244,33,,,1,98,,23245,33,,,1
16600,'H:113:6:Sunday:3:26MAR:1234567',652,,23438,27,,,1,97,,23439,27,,,1,99,,23440,27,,,1,98,,23441,27,,,1,98,,23442,27,,,1,98,,23443,27,,,1,99,,23444,27,,,1,99,,23445,27,,,1,100,,23446,27,,,1,101,,23447,27,,,1,101,,23448,27,,,1,102,,23449,27,,,1,101,,23450,27,,,1,101,,23451,27,,,1,101,,23452,27,,,1,101,,23453,27,,,1
16600,'H:123:0:Weekday:3:26MAR:12345',459,,23476,27,,,1,70,,23465,27,,,1,26,,23474,27,,,1,70,,23464,27,,,1,29,,23477,27,,,1,70,,23459,27,,,1,29,,23469,27,,,1,70,,23458,27,,,1,99,,23457,27,,,1,100,,23456,27,,,1,100,,23455,27,,,1,29,,23466,27,,,1,198,,23471,27,,,1,99,,23470,27,,,1,99,,23468,27,,,1,69,,23462,27,,,1,29,,23467,27,,,1,173,,23454,27,,,1,31,,23473,27,,,1,73,,23461,27,,,1,31,,23460,27,,,1,100,,23463,27,,,1,102,,23472,27,,,1,103,,23475,27,,,1
16600,'H:123:0:Weekday:4:26MAR:12345',459,,23500,27,,,1,70,,23489,27,,,1,26,,23498,27,,,1,70,,23488,27,,,1,29,,23501,27,,,1,70,,23483,27,,,1,29,,23493,27,,,1,70,,23482,27,,,1,99,,23481,27,,,1,100,,23480,27,,,1,100,,23479,27,,,1,29,,23490,27,,,1,198,,23495,27,,,1,99,,23494,27,,,1,99,,23492,27,,,1,69,,23486,27,,,1,29,,23491,27,,,1,173,,23478,27,,,1,31,,23497,27,,,1,73,,23485,27,,,1,31,,23484,27,,,1,100,,23487,27,,,1,102,,23496,27,,,1,103,,23499,27,,,1
16600,'H:173:5:Saturday:3:26MAR:6',552,,23502,27,,,1,99,,23503,27,,,1,97,,23505,27,,,1,99,,23506,27,,,1,96,,23507,27,,,1,100,,23504,27,,,1,98,,23508,27,,,1,98,,23510,27,,,1,99,,23511,27,,,1,99,,23515,27,,,1,101,,23513,27,,,1,101,,23516,27,,,1,102,,23514,27,,,1,101,,23512,27,,,1,104,,23517,27,,,1,101,,23509,27,,,1,101,,23518,27,,,1
16600,'KP:323:0:Weekday:3:26MAR:12345',853,,23527,27,,,1,99,,23523,27,,,1,100,,23519,27,,,1,167,,23525,27,,,1,30,,23522,27,,,1,70,,23526,27,,,1,99,,23524,27,,,1,99,,23520,27,,,1,198,,23528,27,,,1,32,,23521,27,,,1
16600,'KP:323:0:Weekday:4:26MAR:12345',853,,23537,27,,,1,99,,23533,27,,,1,100,,23529,27,,,1,167,,23535,27,,,1,30,,23532,27,,,1,70,,23536,27,,,1,99,,23534,27,,,1,99,,23530,27,,,1,198,,23538,27,,,1,32,,23531,27,,,1
16601,'H:113:6:Sunday:3:26MAR:1234567',722,,23539,34,,,1,101,,23540,34,,,1,101,,23541,34,,,1,102,,23542,34,,,1,101,,23543,34,,,1,101,,23544,34,,,1,100,,23545,34,,,1,100,,23546,34,,,1,100,,23547,34,,,1,100,,23548,34,,,1,100,,23550,34,,,1,99,,23552,34,,,1,100,,23549,34,,,1,99,,23553,34,,,1,99,,23551,34,,,1
16601,'H:123:0:Weekday:3:26MAR:12345',530,,23566,34,,,1,71,,23575,34,,,1,31,,23567,34,,,1,70,,23562,34,,,1,101,,23560,34,,,1,31,,23576,34,,,1,70,,23559,34,,,1,100,,23558,34,,,1,30,,23568,34,,,1,201,,23569,34,,,1,101,,23570,34,,,1,100,,23571,34,,,1,71,,23557,34,,,1,132,,23572,34,,,1,70,,23563,34,,,1,99,,23556,34,,,1,29,,23573,34,,,1,98,,23565,34,,,1,70,,23555,34,,,1,30,,23554,34,,,1,99,,23561,34,,,1,98,,23564,34,,,1,99,,23574,34,,,1
16601,'H:123:0:Weekday:4:26MAR:12345',530,,23589,34,,,1,71,,23598,34,,,1,31,,23590,34,,,1,70,,23585,34,,,1,101,,23583,34,,,1,31,,23599,34,,,1,70,,23582,34,,,1,100,,23581,34,,,1,30,,23591,34,,,1,201,,23592,34,,,1,101,,23593,34,,,1,100,,23594,34,,,1,71,,23580,34,,,1,132,,23595,34,,,1,70,,23586,34,,,1,99,,23579,34,,,1,29,,23596,34,,,1,98,,23588,34,,,1,70,,23578,34,,,1,30,,23577,34,,,1,99,,23584,34,,,1,98,,23587,34,,,1,99,,23597,34,,,1
16601,'H:173:5:Saturday:3:26MAR:6',622,,23602,34,,,1,101,,23600,34,,,1,102,,23601,34,,,1,101,,23604,34,,,1,101,,23607,34,,,1,101,,23603,34,,,1,101,,23608,34,,,1,100,,23606,34,,,1,101,,23605,34,,,1,101,,23610,34,,,1,100,,23611,34,,,1,99,,23612,34,,,1,99,,23609,34,,,1,99,,23613,34,,,1,99,,23614,34,,,1,99,,23615,34,,,1,98,,23616,34,,,1
16601,'KP:323:0:Weekday:3:26MAR:12345',733,,23625,34,,,1,201,,23617,34,,,1,171,,23627,34,,,1,30,,23620,34,,,1,70,,23626,34,,,1,101,,23622,34,,,1,100,,23618,34,,,1,131,,23624,34,,,1,71,,23619,34,,,1,133,,23621,34,,,1,165,,23623,34,,,1
16601,'KP:323:0:Weekday:4:26MAR:12345',733,,23636,34,,,1,201,,23628,34,,,1,171,,23638,34,,,1,30,,23631,34,,,1,70,,23637,34,,,1,101,,23633,34,,,1,100,,23629,34,,,1,131,,23635,34,,,1,71,,23630,34,,,1,133,,23632,34,,,1,165,,23634,34,,,1
