10900,'H:113:6:Sunday:3:26MAR:1234567',807,,21916,15,,,1,101,,21920,15,,,1,100,,21911,15,,,1,100,,21912,15,,,1,100,,21923,15,,,1,101,,21914,15,,,1,100,,21919,15,,,1,100,,21913,15,,,1,99,,21915,15,,,1,100,,21922,15,,,1,100,,21918,15,,,1,100,,21921,15,,,1,100,,21917,15,,,1,99,,21924,15,,,1
10900,'H:123:0:Weekday:3:26MAR:12345',504,,21938,15,,,1,102,,21932,15,,,1,102,,21928,15,,,1,100,,21934,15,,,1,105,,21941,15,,,1,100,,21926,15,,,1,100,,21940,15,,,1,100,,21939,15,,,1,100,,21931,15,,,1,100,,21937,15,,,1,101,,21929,15,,,1,100,,21933,15,,,1,100,,21936,15,,,1,99,,21930,15,,,1,99,,21927,15,,,1,99,,21925,15,,,1,100,,21935,15,,,1
10900,'H:123:0:Weekday:4:26MAR:12345',504,,21955,15,,,1,102,,21949,15,,,1,102,,21945,15,,,1,100,,21951,15,,,1,105,,21958,15,,,1,100,,21943,15,,,1,100,,21957,15,,,1,100,,21956,15,,,1,100,,21948,15,,,1,100,,21954,15,,,1,101,,21946,15,,,1,100,,21950,15,,,1,100,,21953,15,,,1,99,,21947,15,,,1,99,,21944,15,,,1,99,,21942,15,,,1,100,,21952,15,,,1
10900,'H:173:5:Saturday:3:26MAR:6',708,,21963,15,,,1,100,,21966,15,,,1,101,,21962,15,,,1,101,,21959,15,,,1,100,,21971,15,,,1,101,,21964,15,,,1,100,,21969,15,,,1,100,,21960,15,,,1,99,,21961,15,,,1,100,,21973,15,,,1,99,,21965,15,,,1,100,,21970,15,,,1,100,,21967,15,,,1,99,,21968,15,,,1,100,,21972,15,,,1
27001,'H:123:0:Weekday:3:26MAR:12345',537,,24620,10,,,1,121,,24618,10,0,5,1,1042,,24619,10,0,5,1
27001,'H:123:0:Weekday:4:26MAR:12345',537,,24623,10,,,1,121,,24621,10,0,5,1,1042,,24622,10,0,5,1
27001,'KP:323:0:Weekday:3:26MAR:12345',558,,24624,10,0,5,1
27001,'KP:323:0:Weekday:4:26MAR:12345',558,,24625,10,0,5,1
27101,'H:113:6:Sunday:3:26MAR:1234567',718,,24704,10,,,1,110,,24694,10,,,1,100,,24691,10,,,1,100,,24692,10,,,1,100,,24693,10,,,1,100,,24695,10,,,1,100,,24702,10,,,1,100,,24696,10,,,1,100,,24697,10,,,1,100,,24699,10,,,1,100,,24698,10,,,1,100,,24700,10,,,1,100,,24703,10,,,1,100,,24701,10,,,1
27101,'H:123:0:Weekday:3:26MAR:12345',628,,24705,10,,,1,400,,24706,10,,,1,100,,24717,10,,,1,101,,24707,10,,,1,100,,24709,10,,,1,100,,24708,10,,,1,100,,24710,10,,,1,100,,24715,10,,,1,100,,24711,10,,,1,100,,24712,10,,,1,100,,24713,10,,,1,99,,24716,10,,,1,100,,24714,10,,,1
27101,'H:123:0:Weekday:4:26MAR:12345',628,,24718,10,,,1,400,,24719,10,,,1,100,,24730,10,,,1,101,,24720,10,,,1,100,,24722,10,,,1,100,,24721,10,,,1,100,,24723,10,,,1,100,,24728,10,,,1,100,,24724,10,,,1,100,,24725,10,,,1,100,,24726,10,,,1,99,,24729,10,,,1,100,,24727,10,,,1
27101,'H:173:5:Saturday:3:26MAR:6',718,,24731,10,,,1,110,,24737,10,,,1,100,,24734,10,,,1,101,,24738,10,,,1,100,,24735,10,,,1,100,,24740,10,,,1,100,,24736,10,,,1,100,,24741,10,,,1,100,,24733,10,,,1,100,,24739,10,,,1,100,,24732,10,,,1,99,,24742,10,,,1,100,,24743,10,,,1,100,,24744,10,,,1,100,,24745,10,,,1
27101,'KP:323:0:Weekday:3:26MAR:12345',728,,24746,10,,,1,100,,24748,10,,,1,100,,24747,10,,,1
27101,'KP:323:0:Weekday:4:26MAR:12345',728,,24749,10,,,1,100,,24751,10,,,1,100,,24750,10,,,1
90800,'H:123:0:Weekday:3:26MAR:12345',432,,27052,4,,,1
90800,'H:123:0:Weekday:4:26MAR:12345',432,,27053,4,,,1
90800,'KP:323:0:Weekday:3:26MAR:12345',502,,27055,4,,,1,55,,27054,4,,,1,75,,27057,4,,,1,110,,27056,4,,,1
90800,'KP:323:0:Weekday:4:26MAR:12345',502,,27059,4,,,1,55,,27058,4,,,1,75,,27061,4,,,1,110,,27060,4,,,1
