27000,'H:121:0:Weekday:1:26SEP:12345',503,,32145,21,,,1,112,,32146,21,,,1,101,,32148,21,,,1,1497,,32147,21,,,1
27000,'H:121:0:Weekday:2:26SEP:12345',503,,32149,21,,,1,112,,32150,21,,,1,101,,32152,21,,,1,1498,,32151,22,,,1
27000,'KP:321:0:Weekday:1:26SEP:12345',1808,,32153,6,,,1
27000,'KP:321:0:Weekday:2:26SEP:12345',1809,,32154,7,,,1
27100,'H:111:6:Sunday:1:26SEP:1234567',736,,32161,35,,,1,100,,32162,35,,,1,101,,32172,35,,,1,101,,32163,35,,,1,100,,32164,35,,,1,102,,32165,35,,,1,101,,32166,35,,,1,101,,32167,35,,,1,100,,32174,35,,,1,100,,32168,35,,,1,98,,32169,35,,,1,100,,32170,35,,,1,99,,32171,35,,,1,98,,32173,35,,,1
27100,'H:111:6:Sunday:2:26SEP:1234567',736,,32175,35,,,1,101,,32176,36,,,1,102,,32186,36,,,1,101,,32177,36,,,1,100,,32178,36,,,1,102,,32179,36,,,1,100,,32180,36,,,1,101,,32181,36,,,1,100,,32188,36,,,1,100,,32182,36,,,1,98,,32183,36,,,1,100,,32184,36,,,1,99,,32185,36,,,1,98,,32187,36,,,1
27100,'H:121:0:Weekday:1:26SEP:12345',648,,32198,21,,,1,102,,32189,21,,,1,104,,32190,35,,,1,101,,32191,35,,,1,101,,32199,35,,,1,199,,32192,35,,,1,204,,32193,35,,,1,198,,32194,35,,,1,195,,32195,35,,,1,198,,32196,35,,,1,100,,32197,35,,,1
27100,'H:121:0:Weekday:2:26SEP:12345',648,,32209,21,,,1,102,,32200,21,,,1,106,,32201,36,,,1,101,,32202,36,,,1,100,,32210,36,,,1,199,,32203,36,,,1,244,,32204,36,,,1,158,,32205,36,,,1,196,,32206,36,,,1,198,,32207,36,,,1,100,,32208,36,,,1
27100,'H:171:5:Saturday:1:26SEP:6',737,,32220,35,,,1,100,,32212,35,,,1,103,,32221,35,,,1,101,,32213,35,,,1,101,,32219,35,,,1,100,,32211,35,,,1,100,,32218,35,,,1,100,,32214,35,,,1,100,,32222,35,,,1,99,,32215,35,,,1,99,,32217,35,,,1,98,,32216,35,,,1,99,,32223,35,,,1,100,,32224,35,,,1,100,,32225,35,,,1
27100,'H:171:5:Saturday:2:26SEP:6',737,,32235,35,,,1,101,,32227,36,,,1,103,,32236,36,,,1,101,,32228,36,,,1,101,,32234,36,,,1,100,,32226,36,,,1,100,,32233,36,,,1,100,,32229,36,,,1,100,,32237,36,,,1,99,,32230,36,,,1,100,,32232,36,,,1,98,,32231,36,,,1,99,,32238,36,,,1,100,,32239,36,,,1,100,,32240,36,,,1
27100,'KP:321:0:Weekday:1:26SEP:12345',541,,32246,21,,,1,283,,32241,35,,,1,331,,32242,35,,,1,201,,32243,35,,,1,244,,32245,35,,,1,155,,32244,35,,,1,195,,32247,35,,,1
27100,'KP:321:0:Weekday:2:26SEP:12345',541,,32253,21,,,1,285,,32248,36,,,1,330,,32249,36,,,1,201,,32250,36,,,1,244,,32252,36,,,1,155,,32251,36,,,1,196,,32254,36,,,1
90801,'H:121:0:Weekday:1:26SEP:12345',1836,,35427,18,,,1
90801,'H:121:0:Weekday:2:26SEP:12345',1837,,35428,19,,,1
90801,'KP:321:0:Weekday:1:26SEP:12345',1626,,35429,18,,,1,89,,35431,18,,,1,88,,35432,18,,,1,110,,35430,18,,,1
90801,'KP:321:0:Weekday:2:26SEP:12345',1628,,35433,19,,,1,89,,35435,19,,,1,87,,35436,19,,,1,110,,35434,19,,,1
