27001,'H:123:0:Weekday:3:26MAR:12345',539,,24620,16,,,1,161,,24618,16,0,5,1,1002,,24619,16,0,5,1
27001,'H:123:0:Weekday:4:26MAR:12345',539,,24623,16,,,1,161,,24621,16,0,5,1,1002,,24622,16,0,5,1
27001,'KP:323:0:Weekday:3:26MAR:12345',600,,24624,16,0,5,1
27001,'KP:323:0:Weekday:4:26MAR:12345',600,,24625,16,0,5,1
27101,'H:113:6:Sunday:3:26MAR:1234567',720,,24704,16,,,1,110,,24694,16,,,1,100,,24691,16,,,1,100,,24692,16,,,1,100,,24693,16,,,1,100,,24695,16,,,1,100,,24702,16,,,1,100,,24696,16,,,1,100,,24697,16,,,1,100,,24699,16,,,1,100,,24698,16,,,1,100,,24700,16,,,1,100,,24703,16,,,1,100,,24701,16,,,1
27101,'H:123:0:Weekday:3:26MAR:12345',630,,24705,16,,,1,400,,24706,16,,,1,100,,24717,16,,,1,102,,24707,16,,,1,100,,24709,16,,,1,101,,24708,16,,,1,100,,24710,16,,,1,100,,24715,16,,,1,99,,24711,16,,,1,99,,24712,16,,,1,100,,24713,16,,,1,99,,24716,16,,,1,100,,24714,16,,,1
27101,'H:123:0:Weekday:4:26MAR:12345',630,,24718,16,,,1,400,,24719,16,,,1,100,,24730,16,,,1,102,,24720,16,,,1,100,,24722,16,,,1,101,,24721,16,,,1,100,,24723,16,,,1,100,,24728,16,,,1,99,,24724,16,,,1,99,,24725,16,,,1,100,,24726,16,,,1,99,,24729,16,,,1,100,,24727,16,,,1
27101,'H:173:5:Saturday:3:26MAR:6',720,,24731,16,,,1,110,,24737,16,,,1,100,,24734,16,,,1,101,,24738,16,,,1,101,,24735,16,,,1,100,,24740,16,,,1,100,,24736,16,,,1,100,,24741,16,,,1,99,,24733,16,,,1,100,,24739,16,,,1,100,,24732,16,,,1,99,,24742,16,,,1,100,,24743,16,,,1,100,,24744,16,,,1,100,,24745,16,,,1
27101,'KP:323:0:Weekday:3:26MAR:12345',731,,24746,16,,,1,100,,24748,16,,,1,99,,24747,16,,,1
27101,'KP:323:0:Weekday:4:26MAR:12345',731,,24749,16,,,1,100,,24751,16,,,1,99,,24750,16,,,1
90800,'H:123:0:Weekday:3:26MAR:12345',434,,27052,10,,,1
90800,'H:123:0:Weekday:4:26MAR:12345',434,,27053,10,,,1
90800,'KP:323:0:Weekday:3:26MAR:12345',504,,27055,10,,,1,55,,27054,10,,,1,75,,27057,10,,,1,110,,27056,10,,,1
90800,'KP:323:0:Weekday:4:26MAR:12345',504,,27059,10,,,1,55,,27058,10,,,1,75,,27061,10,,,1,110,,27060,10,,,1
