16601,'H:111:6:Sunday:1:26SEP:1234567',740,,30625,57,,,1,102,,30626,57,,,1,103,,30627,57,,,1,102,,30628,57,,,1,101,,30629,57,,,1,102,,30630,57,,,1,101,,30631,57,,,1,100,,30632,57,,,1,102,,30633,57,,,1,100,,30634,57,,,1,98,,30636,57,,,1,99,,30638,57,,,1,99,,30635,57,,,1,98,,30639,57,,,1,98,,30637,57,,,1
16601,'H:111:6:Sunday:2:26SEP:1234567',740,,30640,57,,,1,102,,30641,57,,,1,103,,30642,57,,,1,102,,30643,57,,,1,101,,30644,57,,,1,102,,30645,57,,,1,101,,30646,57,,,1,100,,30647,57,,,1,102,,30648,57,,,1,100,,30649,57,,,1,98,,30651,57,,,1,99,,30653,57,,,1,99,,30650,57,,,1,98,,30654,57,,,1,98,,30652,57,,,1
16601,'H:121:0:Weekday:1:26SEP:12345',654,,30663,57,,,1,71,,30660,57,,,1,32,,30674,57,,,1,100,,30667,57,,,1,200,,30664,57,,,1,70,,30670,57,,,1,102,,30671,57,,,1,103,,30668,57,,,1,204,,30658,57,,,1,72,,30672,57,,,1,33,,30669,57,,,1,103,,30661,57,,,1,94,,30657,57,,,1,68,,30665,57,,,1,27,,30673,57,,,1,96,,30656,57,,,1,29,,30655,57,,,1,98,,30659,57,,,1,96,,30662,57,,,1,97,,30666,57,,,1
16601,'H:121:0:Weekday:2:26SEP:12345',654,,30683,57,,,1,71,,30680,57,,,1,32,,30694,57,,,1,100,,30687,57,,,1,200,,30684,57,,,1,70,,30690,57,,,1,102,,30691,57,,,1,103,,30688,57,,,1,204,,30678,57,,,1,72,,30692,57,,,1,33,,30689,57,,,1,103,,30681,57,,,1,94,,30677,57,,,1,68,,30685,57,,,1,27,,30693,57,,,1,96,,30676,57,,,1,29,,30675,57,,,1,98,,30679,57,,,1,96,,30682,57,,,1,97,,30686,57,,,1
16601,'H:171:5:Saturday:1:26SEP:6',639,,30697,57,,,1,102,,30695,57,,,1,104,,30696,57,,,1,101,,30699,57,,,1,103,,30702,57,,,1,102,,30698,57,,,1,103,,30703,57,,,1,101,,30701,57,,,1,102,,30700,57,,,1,102,,30705,57,,,1,100,,30706,57,,,1,98,,30707,57,,,1,97,,30704,57,,,1,99,,30708,57,,,1,97,,30709,57,,,1,97,,30710,57,,,1,97,,30711,57,,,1
16601,'H:171:5:Saturday:2:26SEP:6',639,,30714,57,,,1,102,,30712,57,,,1,104,,30713,57,,,1,101,,30716,57,,,1,103,,30719,57,,,1,102,,30715,57,,,1,103,,30720,57,,,1,101,,30718,57,,,1,102,,30717,57,,,1,102,,30722,57,,,1,100,,30723,57,,,1,98,,30724,57,,,1,97,,30721,57,,,1,99,,30725,57,,,1,97,,30726,57,,,1,97,,30727,57,,,1,97,,30728,57,,,1
16601,'KP:321:0:Weekday:1:26SEP:12345',548,,30733,57,,,1,73,,30738,57,,,1,206,,30731,57,,,1,100,,30730,57,,,1,30,,30741,57,,,1,70,,30729,57,,,1,132,,30742,57,,,1,141,,30734,57,,,1,102,,30735,57,,,1,31,,30739,57,,,1,70,,30736,57,,,1,211,,30737,57,,,1,101,,30740,57,,,1,185,,30732,57,,,1
16601,'KP:321:0:Weekday:2:26SEP:12345',548,,30747,57,,,1,73,,30752,57,,,1,206,,30745,57,,,1,100,,30744,57,,,1,30,,30755,57,,,1,70,,30743,57,,,1,132,,30756,57,,,1,141,,30748,57,,,1,102,,30749,57,,,1,31,,30753,57,,,1,70,,30750,57,,,1,211,,30751,57,,,1,101,,30754,57,,,1,185,,30746,57,,,1
90100,'H:121:0:Weekday:1:26SEP:12345',445,,35213,10,,,1
90100,'H:121:0:Weekday:2:26SEP:12345',445,,35214,10,,,1
90100,'KP:321:0:Weekday:1:26SEP:12345',515,,35218,10,,,1,29,,35217,10,,,1,65,,35221,10,,,1,28,,35219,10,,,1,66,,35216,10,,,1,32,,35222,10,,,1,72,,35220,10,,,1,33,,35215,10,,,1
90100,'KP:321:0:Weekday:2:26SEP:12345',515,,35226,10,,,1,29,,35225,10,,,1,65,,35229,10,,,1,28,,35227,10,,,1,66,,35224,10,,,1,32,,35230,10,,,1,72,,35228,10,,,1,33,,35223,10,,,1
