70201,'H:111:6:Sunday:1:26SEP:1234567',700,,33909,8,,,1,20,,33910,8,,,1,20,,33911,8,,,1,60,,33912,8,,,1,20,,33913,8,,,1,20,,33914,8,,,1,18,,33915,8,,,1,60,,33916,8,,,1,20,,33917,8,,,1,20,,33918,8,,,1,60,,33921,8,,,1,20,,33922,8,,,1,20,,33919,8,,,1,60,,33920,8,,,1,20,,33923,8,,,1,20,,33924,8,,,1,60,,33925,8,,,1,19,,33926,8,,,1,19,,33927,8,,,1,60,,33928,8,,,1,20,,33929,8,,,1,15,,33957,8,,,1,55,,33930,8,,,1,15,,33931,8,,,1,15,,33932,8,,,1,15,,33933,8,,,1,55,,33934,8,,,1,16,,33935,8,,,1,15,,33936,8,,,1,15,,33937,8,,,1,55,,33938,8,,,1,15,,33939,8,,,1,15,,33940,8,,,1,15,,33951,8,,,1,55,,33950,8,,,1,15,,33952,8,,,1,15,,33953,8,,,1,20,,33954,8,,,1,60,,33941,8,,,1,20,,33942,8,,,1,20,,33943,8,,,1,60,,33944,8,,,1,21,,33945,8,,,1,20,,33946,8,,,1,60,,33947,8,,,1,20,,33948,8,,,1,20,,33949,8,,,1,60,,33955,8,,,1,20,,33956,8,,,1
70201,'H:111:6:Sunday:2:26SEP:1234567',700,,33958,8,,,1,20,,33959,8,,,1,20,,33960,8,,,1,60,,33961,8,,,1,20,,33962,8,,,1,20,,33963,8,,,1,18,,33964,8,,,1,60,,33965,8,,,1,20,,33966,8,,,1,20,,33967,8,,,1,60,,33970,8,,,1,20,,33971,8,,,1,20,,33968,8,,,1,60,,33969,8,,,1,20,,33972,8,,,1,20,,33973,8,,,1,60,,33974,8,,,1,19,,33975,8,,,1,19,,33976,8,,,1,60,,33977,8,,,1,20,,33978,8,,,1,15,,34006,8,,,1,55,,33979,8,,,1,15,,33980,8,,,1,15,,33981,8,,,1,15,,33982,8,,,1,55,,33983,8,,,1,16,,33984,8,,,1,15,,33985,8,,,1,15,,33986,8,,,1,55,,33987,8,,,1,15,,33988,8,,,1,15,,33989,8,,,1,15,,34000,8,,,1,55,,33999,8,,,1,15,,34001,8,,,1,15,,34002,8,,,1,20,,34003,8,,,1,60,,33990,8,,,1,20,,33991,8,,,1,20,,33992,8,,,1,60,,33993,8,,,1,21,,33994,8,,,1,20,,33995,8,,,1,60,,33996,8,,,1,20,,33997,8,,,1,20,,33998,8,,,1,60,,34004,8,,,1,20,,34005,8,,,1
70201,'H:121:0:Weekday:1:26SEP:12345',421,,34007,8,,,1,15,,34008,8,,,1,15,,34009,8,,,1,55,,34010,8,,,1,15,,34011,8,,,1,14,,34012,8,,,1,15,,34013,8,,,1,50,,34014,8,,,1,9,,34015,8,,,1,10,,34016,8,,,1,10,,34017,8,,,1,10,,34018,8,,,1,10,,34019,8,,,1,9,,34020,8,,,1,50,,34021,8,,,1,10,,34022,8,,,1,10,,34023,8,,,1,10,,34024,8,,,1,10,,34025,8,,,1,10,,34026,8,,,1,50,,34027,8,,,1,10,,34028,8,,,1,10,,34029,8,,,1,10,,34030,8,,,1,10,,34031,8,,,1,10,,34032,8,,,1,50,,34033,8,,,1,10,,34034,8,,,1,10,,34035,8,,,1,10,,34036,8,,,1,10,,34037,8,,,1,10,,34038,8,,,1,50,,34039,8,,,1,10,,34040,8,,,1,10,,34041,8,,,1,10,,34042,8,,,1,10,,34043,8,,,1,10,,34044,8,,,1,50,,34045,8,,,1,10,,34046,8,,,1,10,,34047,8,,,1,10,,34048,8,,,1,10,,34049,8,,,1,10,,34050,8,,,1,50,,34051,8,,,1,10,,34052,8,,,1,10,,34053,8,,,1,10,,34054,8,,,1,10,,34055,8,,,1,9,,34056,8,,,1,49,,34057,8,,,1,10,,34058,8,,,1,10,,34059,8,,,1,10,,34060,8,,,1,10,,34061,8,,,1,10,,34062,8,,,1,50,,34063,8,,,1,10,,34064,8,,,1,9,,34065,8,,,1,10,,34066,8,,,1,10,,34067,8,,,1,10,,34068,8,,,1,50,,34069,8,,,1,10,,34070,8,,,1,9,,34071,8,,,1,10,,34072,8,,,1,10,,34073,8,,,1,10,,34074,8,,,1,50,,34075,8,,,1,10,,34076,8,,,1,9,,34077,8,,,1,10,,34078,8,,,1,10,,34079,8,,,1,10,,34080,8,,,1,50,,34081,8,,,1,10,,34082,8,,,1,10,,34083,8,,,1,10,,34084,8,,,1,10,,34085,8,,,1,11,,34086,8,,,1,51,,34087,8,,,1,10,,34088,8,,,1,10,,34089,8,,,1,10,,34090,8,,,1,10,,34091,8,,,1,57,,34092,8,,,1,15,,34093,8,,,1,15,,34094,8,,,1,16,,34095,8,,,1,55,,34096,8,,,1,15,,34097,8,,,1,16,,34098,8,,,1,15,,34099,8,,,1,60,,34100,8,,,1,20,,34101,8,,,1,20,,34102,8,,,1,60,,34103,8,,,1,30,,34104,8,,,1,70,,34106,8,,,1,30,,34105,8,,,1
70201,'H:121:0:Weekday:2:26SEP:12345',421,,34107,8,,,1,15,,34108,8,,,1,15,,34109,8,,,1,55,,34110,8,,,1,15,,34111,8,,,1,14,,34112,8,,,1,15,,34113,8,,,1,50,,34114,8,,,1,9,,34115,8,,,1,10,,34116,8,,,1,10,,34117,8,,,1,10,,34118,8,,,1,10,,34119,8,,,1,9,,34120,8,,,1,50,,34121,8,,,1,10,,34122,8,,,1,10,,34123,8,,,1,10,,34124,8,,,1,10,,34125,8,,,1,10,,34126,8,,,1,50,,34127,8,,,1,10,,34128,8,,,1,10,,34129,8,,,1,10,,34130,8,,,1,10,,34131,8,,,1,10,,34132,8,,,1,50,,34133,8,,,1,10,,34134,8,,,1,10,,34135,8,,,1,10,,34136,8,,,1,10,,34137,8,,,1,10,,34138,8,,,1,50,,34139,8,,,1,10,,34140,8,,,1,10,,34141,8,,,1,10,,34142,8,,,1,10,,34143,8,,,1,10,,34144,8,,,1,50,,34145,8,,,1,10,,34146,8,,,1,10,,34147,8,,,1,10,,34148,8,,,1,10,,34149,8,,,1,10,,34150,8,,,1,50,,34151,8,,,1,10,,34152,8,,,1,10,,34153,8,,,1,10,,34154,8,,,1,10,,34155,8,,,1,9,,34156,8,,,1,49,,34157,8,,,1,10,,34158,8,,,1,10,,34159,8,,,1,10,,34160,8,,,1,10,,34161,8,,,1,10,,34162,8,,,1,50,,34163,8,,,1,10,,34164,8,,,1,9,,34165,8,,,1,10,,34166,8,,,1,10,,34167,8,,,1,10,,34168,8,,,1,50,,34169,8,,,1,10,,34170,8,,,1,9,,34171,8,,,1,10,,34172,8,,,1,10,,34173,8,,,1,10,,34174,8,,,1,50,,34175,8,,,1,10,,34176,8,,,1,9,,34177,8,,,1,10,,34178,8,,,1,10,,34179,8,,,1,10,,34180,8,,,1,50,,34181,8,,,1,10,,34182,8,,,1,10,,34183,8,,,1,10,,34184,8,,,1,10,,34185,8,,,1,11,,34186,8,,,1,51,,34187,8,,,1,10,,34188,8,,,1,10,,34189,8,,,1,10,,34190,8,,,1,10,,34191,8,,,1,57,,34192,8,,,1,15,,34193,8,,,1,15,,34194,8,,,1,16,,34195,8,,,1,55,,34196,8,,,1,15,,34197,8,,,1,16,,34198,8,,,1,15,,34199,8,,,1,60,,34200,8,,,1,20,,34201,8,,,1,20,,34202,8,,,1,60,,34203,8,,,1,30,,34204,8,,,1,70,,34206,8,,,1,30,,34205,8,,,1
70201,'H:171:5:Saturday:1:26SEP:6',620,,34207,8,,,1,20,,34208,8,,,1,60,,34209,8,,,1,20,,34210,8,,,1,18,,34212,8,,,1,20,,34213,8,,,1,60,,34214,8,,,1,20,,34211,8,,,1,19,,34215,8,,,1,60,,34216,8,,,1,20,,34217,8,,,1,20,,34218,8,,,1,60,,34219,8,,,1,20,,34220,8,,,1,19,,34221,8,,,1,60,,34222,8,,,1,20,,34223,8,,,1,20,,34224,8,,,1,60,,34225,8,,,1,20,,34226,8,,,1,20,,34227,8,,,1,55,,34228,8,,,1,15,,34229,8,,,1,15,,34230,8,,,1,15,,34232,8,,,1,55,,34233,8,,,1,15,,34234,8,,,1,15,,34231,8,,,1,15,,34235,8,,,1,55,,34236,8,,,1,15,,34237,8,,,1,15,,34238,8,,,1,15,,34239,8,,,1,55,,34240,8,,,1,15,,34241,8,,,1,15,,34242,8,,,1,15,,34243,8,,,1,55,,34244,8,,,1,16,,34256,8,,,1,15,,34257,8,,,1,15,,34258,8,,,1,55,,34259,8,,,1,15,,34260,8,,,1,15,,34261,8,,,1,15,,34245,8,,,1,60,,34246,8,,,1,20,,34247,8,,,1,20,,34248,8,,,1,60,,34249,8,,,1,21,,34250,8,,,1,21,,34251,8,,,1,60,,34252,8,,,1,20,,34253,8,,,1,20,,34254,8,,,1,60,,34255,8,,,1
70201,'H:171:5:Saturday:2:26SEP:6',620,,34262,8,,,1,20,,34263,8,,,1,60,,34264,8,,,1,20,,34265,8,,,1,18,,34267,8,,,1,20,,34268,8,,,1,60,,34269,8,,,1,20,,34266,8,,,1,19,,34270,8,,,1,60,,34271,8,,,1,20,,34272,8,,,1,20,,34273,8,,,1,60,,34274,8,,,1,20,,34275,8,,,1,19,,34276,8,,,1,60,,34277,8,,,1,20,,34278,8,,,1,20,,34279,8,,,1,60,,34280,8,,,1,20,,34281,8,,,1,20,,34282,8,,,1,55,,34283,8,,,1,15,,34284,8,,,1,15,,34285,8,,,1,15,,34287,8,,,1,55,,34288,8,,,1,15,,34289,8,,,1,15,,34286,8,,,1,15,,34290,8,,,1,55,,34291,8,,,1,15,,34292,8,,,1,15,,34293,8,,,1,15,,34294,8,,,1,55,,34295,8,,,1,15,,34296,8,,,1,15,,34297,8,,,1,15,,34298,8,,,1,55,,34299,8,,,1,16,,34311,8,,,1,15,,34312,8,,,1,15,,34313,8,,,1,55,,34314,8,,,1,15,,34315,8,,,1,15,,34316,8,,,1,15,,34300,8,,,1,60,,34301,8,,,1,20,,34302,8,,,1,20,,34303,8,,,1,60,,34304,8,,,1,21,,34305,8,,,1,21,,34306,8,,,1,60,,34307,8,,,1,20,,34308,8,,,1,20,,34309,8,,,1,60,,34310,8,,,1
70301,'H:111:6:Sunday:1:26SEP:1234567',621,,34763,12,,,1,22,,34764,12,,,1,60,,34765,12,,,1,20,,34766,12,,,1,20,,34767,12,,,1,60,,34768,12,,,1,20,,34769,12,,,1,22,,34770,12,,,1,60,,34771,12,,,1,20,,34772,12,,,1,22,,34773,12,,,1,60,,34774,12,,,1,21,,34775,12,,,1,21,,34776,12,,,1,60,,34777,12,,,1,20,,34778,12,,,1,21,,34779,12,,,1,60,,34780,12,,,1,21,,34781,12,,,1,20,,34782,12,,,1,60,,34783,12,,,1,20,,34784,12,,,1,15,,34785,12,,,1,55,,34786,12,,,1,15,,34787,12,,,1,15,,34788,12,,,1,15,,34789,12,,,1,55,,34790,12,,,1,15,,34791,12,,,1,15,,34792,12,,,1,15,,34793,12,,,1,55,,34794,12,,,1,15,,34795,12,,,1,15,,34796,12,,,1,15,,34797,12,,,1,55,,34798,12,,,1,15,,34813,12,,,1,15,,34814,12,,,1,15,,34815,12,,,1,55,,34816,12,,,1,14,,34817,12,,,1,15,,34801,12,,,1,20,,34802,12,,,1,60,,34799,12,,,1,19,,34800,12,,,1,20,,34803,12,,,1,58,,34804,12,,,1,19,,34805,12,,,1,20,,34806,12,,,1,60,,34807,12,,,1,20,,34808,12,,,1,20,,34809,12,,,1,60,,34810,12,,,1,20,,34811,12,,,1,20,,34812,12,,,1
70301,'H:111:6:Sunday:2:26SEP:1234567',621,,34818,12,,,1,22,,34819,12,,,1,60,,34820,12,,,1,20,,34821,12,,,1,20,,34822,12,,,1,60,,34823,12,,,1,20,,34824,12,,,1,22,,34825,12,,,1,60,,34826,12,,,1,20,,34827,12,,,1,22,,34828,12,,,1,60,,34829,12,,,1,21,,34830,12,,,1,21,,34831,12,,,1,60,,34832,12,,,1,20,,34833,12,,,1,21,,34834,12,,,1,60,,34835,12,,,1,21,,34836,12,,,1,20,,34837,12,,,1,60,,34838,12,,,1,20,,34839,12,,,1,15,,34840,12,,,1,55,,34841,12,,,1,15,,34842,12,,,1,15,,34843,12,,,1,15,,34844,12,,,1,55,,34845,12,,,1,15,,34846,12,,,1,15,,34847,12,,,1,15,,34848,12,,,1,55,,34849,12,,,1,15,,34850,12,,,1,15,,34851,12,,,1,15,,34852,12,,,1,55,,34853,12,,,1,15,,34868,12,,,1,15,,34869,12,,,1,15,,34870,12,,,1,55,,34871,12,,,1,14,,34872,12,,,1,15,,34856,12,,,1,20,,34857,12,,,1,60,,34854,12,,,1,19,,34855,12,,,1,20,,34858,12,,,1,58,,34859,12,,,1,19,,34860,12,,,1,20,,34861,12,,,1,60,,34862,12,,,1,20,,34863,12,,,1,20,,34864,12,,,1,60,,34865,12,,,1,20,,34866,12,,,1,20,,34867,12,,,1
70301,'H:121:0:Weekday:1:26SEP:12345',438,,34900,12,,,1,15,,34945,12,,,1,55,,34905,12,,,1,16,,34950,12,,,1,17,,34911,12,,,1,16,,34957,12,,,1,55,,34917,12,,,1,15,,34962,12,,,1,10,,34923,12,,,1,10,,34969,12,,,1,10,,34930,12,,,1,50,,34890,12,,,1,11,,34878,12,,,1,10,,34882,12,,,1,10,,34886,12,,,1,11,,34891,12,,,1,10,,34942,12,,,1,50,,34874,12,,,1,10,,34903,12,,,1,10,,34948,12,,,1,10,,34907,12,,,1,11,,34955,12,,,1,50,,34915,12,,,1,10,,34961,12,,,1,10,,34922,12,,,1,10,,34967,12,,,1,10,,34928,12,,,1,10,,34974,12,,,1,50,,34885,12,,,1,10,,34919,12,,,1,10,,34889,12,,,1,10,,34964,12,,,1,10,,34925,12,,,1,10,,34971,12,,,1,50,,34932,12,,,1,10,,34875,12,,,1,10,,34887,12,,,1,11,,34880,12,,,1,10,,34884,12,,,1,10,,34938,12,,,1,50,,34954,12,,,1,10,,34881,12,,,1,10,,34914,12,,,1,11,,34960,12,,,1,11,,34921,12,,,1,10,,34966,12,,,1,50,,34927,12,,,1,10,,34973,12,,,1,10,,34877,12,,,1,11,,34876,12,,,1,10,,34883,12,,,1,10,,34879,12,,,1,50,,34888,12,,,1,10,,34953,12,,,1,10,,34894,12,,,1,10,,34929,12,,,1,10,,34937,12,,,1,10,,34898,12,,,1,51,,34968,12,,,1,11,,34936,12,,,1,10,,34947,12,,,1,10,,34897,12,,,1,10,,34941,12,,,1,10,,34902,12,,,1,52,,34943,12,,,1,10,,34908,12,,,1,11,,34952,12,,,1,10,,34913,12,,,1,11,,34959,12,,,1,51,,34920,12,,,1,10,,34965,12,,,1,10,,34926,12,,,1,10,,34972,12,,,1,10,,34933,12,,,1,10,,34909,12,,,1,50,,34935,12,,,1,10,,34873,12,,,1,10,,34896,12,,,1,9,,34940,12,,,1,10,,34901,12,,,1,10,,34946,12,,,1,8,,34906,12,,,1,47,,34951,12,,,1,9,,34912,12,,,1,10,,34958,12,,,1,8,,34918,12,,,1,14,,34963,12,,,1,55,,34924,12,,,1,15,,34970,12,,,1,15,,34931,12,,,1,15,,34893,12,,,1,54,,34934,12,,,1,14,,34892,12,,,1,15,,34895,12,,,1,14,,34975,12,,,1,14,,34976,12,,,1,54,,34977,12,,,1,15,,34939,12,,,1,19,,34899,12,,,1,60,,34944,12,,,1,19,,34904,12,,,1,20,,34949,12,,,1,60,,34910,12,,,1,20,,34956,12,,,1,35,,34916,12,,,1
70301,'H:121:0:Weekday:2:26SEP:12345',438,,35005,12,,,1,15,,35050,12,,,1,55,,35010,12,,,1,16,,35055,12,,,1,17,,35016,12,,,1,16,,35062,12,,,1,55,,35022,12,,,1,15,,35067,12,,,1,10,,35028,12,,,1,10,,35074,12,,,1,10,,35035,12,,,1,50,,34995,12,,,1,11,,34983,12,,,1,10,,34987,12,,,1,10,,34991,12,,,1,11,,34996,12,,,1,10,,35047,12,,,1,50,,34979,12,,,1,10,,35008,12,,,1,10,,35053,12,,,1,10,,35012,12,,,1,11,,35060,12,,,1,50,,35020,12,,,1,10,,35066,12,,,1,10,,35027,12,,,1,10,,35072,12,,,1,10,,35033,12,,,1,10,,35079,12,,,1,50,,34990,12,,,1,10,,35024,12,,,1,10,,34994,12,,,1,10,,35069,12,,,1,10,,35030,12,,,1,10,,35076,12,,,1,50,,35037,12,,,1,10,,34980,12,,,1,10,,34992,12,,,1,11,,34985,12,,,1,10,,34989,12,,,1,10,,35043,12,,,1,50,,35059,12,,,1,10,,34986,12,,,1,10,,35019,12,,,1,11,,35065,12,,,1,11,,35026,12,,,1,10,,35071,12,,,1,50,,35032,12,,,1,10,,35078,12,,,1,10,,34982,12,,,1,11,,34981,12,,,1,10,,34988,12,,,1,10,,34984,12,,,1,50,,34993,12,,,1,10,,35058,12,,,1,10,,34999,12,,,1,10,,35034,12,,,1,10,,35042,12,,,1,10,,35003,12,,,1,51,,35073,12,,,1,11,,35041,12,,,1,10,,35052,12,,,1,10,,35002,12,,,1,10,,35046,12,,,1,10,,35007,12,,,1,52,,35048,12,,,1,10,,35013,12,,,1,11,,35057,12,,,1,10,,35018,12,,,1,11,,35064,12,,,1,51,,35025,12,,,1,10,,35070,12,,,1,10,,35031,12,,,1,10,,35077,12,,,1,10,,35038,12,,,1,10,,35014,12,,,1,50,,35040,12,,,1,10,,34978,12,,,1,10,,35001,12,,,1,9,,35045,12,,,1,10,,35006,12,,,1,10,,35051,12,,,1,8,,35011,12,,,1,47,,35056,12,,,1,9,,35017,12,,,1,10,,35063,12,,,1,8,,35023,12,,,1,14,,35068,12,,,1,55,,35029,12,,,1,15,,35075,12,,,1,15,,35036,12,,,1,15,,34998,12,,,1,54,,35039,12,,,1,14,,34997,12,,,1,15,,35000,12,,,1,14,,35080,12,,,1,14,,35081,12,,,1,54,,35082,12,,,1,15,,35044,12,,,1,19,,35004,12,,,1,60,,35049,12,,,1,19,,35009,12,,,1,20,,35054,12,,,1,60,,35015,12,,,1,20,,35061,12,,,1,35,,35021,12,,,1
70301,'H:171:5:Saturday:1:26SEP:6',621,,35083,12,,,1,21,,35084,12,,,1,60,,35085,12,,,1,20,,35086,12,,,1,22,,35087,12,,,1,60,,35088,12,,,1,20,,35089,12,,,1,16,,35090,12,,,1,15,,35091,12,,,1,56,,35092,12,,,1,16,,35093,12,,,1,16,,35094,12,,,1,15,,35095,12,,,1,56,,35096,12,,,1,15,,35097,12,,,1,16,,35098,12,,,1,55,,35099,12,,,1,15,,35100,12,,,1,16,,35101,12,,,1,16,,35102,12,,,1,56,,35103,12,,,1,15,,35104,12,,,1,16,,35106,12,,,1,15,,35107,12,,,1,55,,35108,12,,,1,15,,35105,12,,,1,15,,35109,12,,,1,15,,35110,12,,,1,55,,35111,12,,,1,15,,35112,12,,,1,15,,35114,12,,,1,15,,35115,12,,,1,55,,35116,12,,,1,15,,35113,12,,,1,15,,35117,12,,,1,15,,35118,12,,,1,55,,35119,12,,,1,15,,35120,12,,,1,15,,35121,12,,,1,15,,35122,12,,,1,55,,35123,12,,,1,15,,35124,12,,,1,15,,35125,12,,,1,14,,35126,12,,,1,55,,35127,12,,,1,15,,35128,12,,,1,15,,35129,12,,,1,14,,35130,12,,,1,54,,35131,12,,,1,15,,35132,12,,,1,14,,35133,12,,,1,15,,35134,12,,,1,55,,35135,12,,,1,15,,35136,12,,,1,15,,35137,12,,,1,15,,35138,12,,,1,14,,35139,12,,,1,55,,35140,12,,,1,15,,35141,12,,,1,19,,35142,12,,,1,60,,35143,12,,,1,19,,35144,12,,,1,19,,35145,12,,,1,60,,35146,12,,,1,20,,35147,12,,,1
70301,'H:171:5:Saturday:2:26SEP:6',621,,35148,12,,,1,21,,35149,12,,,1,60,,35150,12,,,1,20,,35151,12,,,1,22,,35152,12,,,1,60,,35153,12,,,1,20,,35154,12,,,1,16,,35155,12,,,1,15,,35156,12,,,1,56,,35157,12,,,1,16,,35158,12,,,1,16,,35159,12,,,1,15,,35160,12,,,1,56,,35161,12,,,1,15,,35162,12,,,1,16,,35163,12,,,1,55,,35164,12,,,1,15,,35165,12,,,1,16,,35166,12,,,1,16,,35167,12,,,1,56,,35168,12,,,1,15,,35169,12,,,1,16,,35171,12,,,1,15,,35172,12,,,1,55,,35173,12,,,1,15,,35170,12,,,1,15,,35174,12,,,1,15,,35175,12,,,1,55,,35176,12,,,1,15,,35177,12,,,1,15,,35179,12,,,1,15,,35180,12,,,1,55,,35181,12,,,1,15,,35178,12,,,1,15,,35182,12,,,1,15,,35183,12,,,1,55,,35184,12,,,1,15,,35185,12,,,1,15,,35186,12,,,1,15,,35187,12,,,1,55,,35188,12,,,1,15,,35189,12,,,1,15,,35190,12,,,1,14,,35191,12,,,1,55,,35192,12,,,1,15,,35193,12,,,1,15,,35194,12,,,1,14,,35195,12,,,1,54,,35196,12,,,1,15,,35197,12,,,1,14,,35198,12,,,1,15,,35199,12,,,1,55,,35200,12,,,1,15,,35201,12,,,1,15,,35202,12,,,1,15,,35203,12,,,1,14,,35204,12,,,1,55,,35205,12,,,1,15,,35206,12,,,1,19,,35207,12,,,1,60,,35208,12,,,1,19,,35209,12,,,1,19,,35210,12,,,1,60,,35211,12,,,1,20,,35212,12,,,1
