22000,'H:111:6:Sunday:1:26SEP:1234567',730,,31559,25,,,1,101,,31560,25,,,1,101,,31561,25,,,1,100,,31562,25,,,1,102,,31563,25,,,1,101,,31566,25,,,1,100,,31567,25,,,1,101,,31564,25,,,1,100,,31565,25,,,1,99,,31568,25,,,1,100,,31569,25,,,1,100,,31570,25,,,1,99,,31571,25,,,1,100,,31572,25,,,1
22000,'H:111:6:Sunday:2:26SEP:1234567',730,,31573,25,,,1,101,,31574,25,,,1,101,,31575,25,,,1,100,,31576,25,,,1,102,,31577,25,,,1,101,,31580,25,,,1,100,,31581,25,,,1,101,,31578,25,,,1,100,,31579,25,,,1,99,,31582,25,,,1,100,,31583,25,,,1,100,,31584,25,,,1,99,,31585,25,,,1,100,,31586,25,,,1
22000,'H:121:0:Weekday:1:26SEP:12345',531,,31603,25,,,1,102,,31587,25,,,1,101,,31589,25,,,1,105,,31590,25,,,1,100,,31588,25,,,1,105,,31591,25,,,1,100,,31595,25,,,1,105,,31593,25,,,1,100,,31594,25,,,1,102,,31597,25,,,1,100,,31598,25,,,1,98,,31599,25,,,1,98,,31596,25,,,1,100,,31592,25,,,1,91,,31601,25,,,1,98,,31600,25,,,1,99,,31602,25,,,1,100,,31604,25,,,1
22000,'H:121:0:Weekday:2:26SEP:12345',531,,31621,25,,,1,102,,31605,25,,,1,101,,31607,25,,,1,105,,31608,25,,,1,100,,31606,25,,,1,105,,31609,25,,,1,100,,31613,25,,,1,105,,31611,25,,,1,100,,31612,25,,,1,102,,31615,25,,,1,100,,31616,25,,,1,98,,31617,25,,,1,98,,31614,25,,,1,100,,31610,25,,,1,91,,31619,25,,,1,98,,31618,25,,,1,99,,31620,25,,,1,100,,31622,25,,,1
22000,'H:171:5:Saturday:1:26SEP:6',631,,31623,25,,,1,100,,31624,25,,,1,103,,31626,25,,,1,101,,31625,25,,,1,101,,31628,25,,,1,102,,31630,25,,,1,100,,31627,25,,,1,100,,31632,25,,,1,100,,31633,25,,,1,100,,31635,25,,,1,99,,31631,25,,,1,100,,31634,25,,,1,99,,31629,25,,,1,98,,31636,25,,,1,99,,31637,25,,,1,100,,31638,25,,,1
22000,'H:171:5:Saturday:2:26SEP:6',631,,31639,25,,,1,100,,31640,25,,,1,103,,31642,25,,,1,101,,31641,25,,,1,101,,31644,25,,,1,102,,31646,25,,,1,100,,31643,25,,,1,100,,31648,25,,,1,100,,31649,25,,,1,100,,31651,25,,,1,99,,31647,25,,,1,100,,31650,25,,,1,99,,31645,25,,,1,98,,31652,25,,,1,99,,31653,25,,,1,100,,31654,25,,,1
23000,'H:121:0:Weekday:1:26SEP:12345',748,,31955,57,,,1,1273,,31956,57,,,1
23000,'H:121:0:Weekday:2:26SEP:12345',748,,31957,57,,,1,1273,,31958,57,,,1
90700,'H:121:0:Weekday:1:26SEP:12345',409,,35401,5,,,1,36,,35402,5,,,1,73,,35403,5,,,1,32,,35404,5,,,1
90700,'H:121:0:Weekday:2:26SEP:12345',409,,35405,5,,,1,36,,35406,5,,,1,73,,35407,5,,,1,32,,35408,5,,,1
