20100,'H:111:6:Sunday:1:26SEP:1234567',724,,30758,1,,,1,100,,30760,1,,,1,98,,30761,1,,,1,79,,30759,1,,,1,40,,30762,1,,,1,80,,30757,1,,,1,79,,30763,1,,,1,39,,30764,1,,,1,80,,30765,1,,,1,40,,30766,1,,,1,80,,30768,1,,,1,80,,30769,1,,,1,40,,30770,1,,,1,80,,30772,1,,,1,80,,30773,1,,,1,81,,30774,1,,,1,40,,30775,1,,,1,80,,30776,1,,,1,101,,30767,1,,,1,101,,30771,1,,,1
20100,'H:121:0:Weekday:1:26SEP:12345',500,,30800,1,,,1,38,,30810,1,,,1,75,,30817,1,,,1,29,,30801,1,,,1,267,,30816,1,,,1,29,,30811,1,,,1,268,,30806,1,,,1,29,,30814,1,,,1,169,,30807,1,,,1,99,,30808,1,,,1,29,,30809,1,,,1,70,,30813,1,,,1,31,,30815,1,,,1,103,,30802,1,,,1,102,,30797,1,,,1,71,,30812,1,,,1,31,,30798,1,,,1,70,,30799,1,,,1,33,,30803,1,,,1,70,,30804,1,,,1,90,,30805,1,,,1
20100,'H:171:5:Saturday:1:26SEP:6',625,,30851,1,,,1,99,,30841,1,,,1,98,,30850,1,,,1,98,,30842,1,,,1,80,,30843,1,,,1,38,,30848,1,,,1,79,,30849,1,,,1,39,,30840,1,,,1,80,,30852,1,,,1,80,,30844,1,,,1,39,,30839,1,,,1,80,,30853,1,,,1,80,,30845,1,,,1,40,,30847,1,,,1,80,,30856,1,,,1,80,,30857,1,,,1,41,,30858,1,,,1,83,,30855,1,,,1,81,,30859,1,,,1,100,,30846,1,,,1,102,,30854,1,,,1,102,,30860,1,,,1
20100,'KP:321:0:Weekday:1:26SEP:12345',711,,30889,1,,,1,28,,30883,1,,,1,70,,30884,1,,,1,30,,30890,1,,,1,168,,30891,1,,,1,30,,30892,1,,,1,69,,30893,1,,,1,30,,30894,1,,,1,168,,30888,1,,,1,30,,30895,1,,,1,99,,30885,1,,,1,271,,30886,1,,,1,103,,30887,1,,,1
20200,'H:111:6:Sunday:1:26SEP:1234567',549,,31078,1,,,1,100,,31071,1,,,1,100,,31058,1,,,1,99,,31057,1,,,1,90,,31059,1,,,1,78,,31060,1,,,1,40,,31061,1,,,1,80,,31064,1,,,1,79,,31062,1,,,1,39,,31065,1,,,1,80,,31063,1,,,1,79,,31067,1,,,1,40,,31066,1,,,1,80,,31068,1,,,1,80,,31072,1,,,1,40,,31073,1,,,1,82,,31074,1,,,1,80,,31075,1,,,1,41,,31076,1,,,1,92,,31069,1,,,1,101,,31070,1,,,1,100,,31077,1,,,1
20200,'H:121:0:Weekday:1:26SEP:12345',435,,31117,1,,,1,118,,31104,1,,,1,196,,31105,1,,,1,70,,31106,1,,,1,30,,31114,1,,,1,70,,31118,1,,,1,199,,31116,1,,,1,29,,31115,1,,,1,266,,31113,1,,,1,99,,31107,1,,,1,103,,31108,1,,,1,202,,31102,1,,,1,32,,31101,1,,,1,102,,31103,1,,,1,71,,31110,1,,,1,31,,31111,1,,,1,76,,31112,1,,,1
20200,'H:171:5:Saturday:1:26SEP:6',451,,31160,1,,,1,70,,31154,1,,,1,30,,31138,1,,,1,100,,31139,1,,,1,97,,31150,1,,,1,97,,31144,1,,,1,90,,31137,1,,,1,79,,31140,1,,,1,39,,31148,1,,,1,78,,31142,1,,,1,80,,31141,1,,,1,40,,31143,1,,,1,80,,31151,1,,,1,80,,31145,1,,,1,40,,31146,1,,,1,80,,31147,1,,,1,80,,31155,1,,,1,40,,31156,1,,,1,81,,31157,1,,,1,81,,31158,1,,,1,41,,31159,1,,,1,92,,31152,1,,,1,100,,31149,1,,,1,102,,31153,1,,,1
20200,'KP:321:0:Weekday:1:26SEP:12345',514,,31186,1,,,1,108,,31188,1,,,1,28,,31196,1,,,1,69,,31201,1,,,1,231,,31197,1,,,1,69,,31198,1,,,1,29,,31200,1,,,1,168,,31193,1,,,1,30,,31199,1,,,1,70,,31195,1,,,1,28,,31189,1,,,1,99,,31194,1,,,1,98,,31190,1,,,1,105,,31191,1,,,1,70,,31192,1,,,1,30,,31187,1,,,1,174,,31185,1,,,1
20900,'H:111:6:Sunday:1:26SEP:1234567',752,,31385,1,,,1,100,,31379,1,,,1,100,,31377,1,,,1,100,,31389,1,,,1,100,,31381,1,,,1,100,,31387,1,,,1,100,,31378,1,,,1,100,,31380,1,,,1,100,,31388,1,,,1,100,,31383,1,,,1,100,,31384,1,,,1,100,,31382,1,,,1,100,,31386,1,,,1
20900,'H:121:0:Weekday:1:26SEP:12345',555,,31415,1,,,1,100,,31416,1,,,1,100,,31418,1,,,1,100,,31417,1,,,1,100,,31414,1,,,1,100,,31410,1,,,1,100,,31408,1,,,1,97,,31412,1,,,1,100,,31406,1,,,1,100,,31411,1,,,1,100,,31413,1,,,1,100,,31405,1,,,1,100,,31407,1,,,1,100,,31409,1,,,1,100,,31403,1,,,1,100,,31404,1,,,1,100,,31419,1,,,1
20900,'H:171:5:Saturday:1:26SEP:6',652,,31446,1,,,1,100,,31439,1,,,1,100,,31437,1,,,1,100,,31449,1,,,1,100,,31442,1,,,1,100,,31448,1,,,1,100,,31440,1,,,1,100,,31438,1,,,1,100,,31451,1,,,1,100,,31443,1,,,1,100,,31447,1,,,1,100,,31441,1,,,1,100,,31444,1,,,1,100,,31450,1,,,1,100,,31445,1,,,1
90500,'H:121:0:Weekday:1:26SEP:12345',439,,35325,8,,,1,105,,35331,8,,,1,170,,35330,8,,,1,1130,,35328,8,,,1,100,,35329,8,,,1,100,,35327,8,,,1,100,,35326,8,,,1
90500,'KP:321:0:Weekday:1:26SEP:12345',614,,35348,8,,,1,30,,35350,8,,,1,100,,35345,8,,,1,100,,35346,8,,,1,100,,35341,8,,,1,100,,35339,8,,,1,100,,35340,8,,,1,100,,35351,8,,,1,100,,35349,8,,,1,100,,35343,8,,,1,100,,35344,8,,,1,100,,35347,8,,,1,100,,35342,8,,,1
90501,'H:121:0:Weekday:1:26SEP:12345',1722,,35367,6,,,1,102,,35365,6,,,1,95,,35366,6,,,1,99,,35369,6,,,1,100,,35368,6,,,1
90501,'KP:321:0:Weekday:1:26SEP:12345',618,,35380,6,,,1,100,,35379,6,,,1,99,,35378,6,,,1,100,,35376,6,,,1,100,,35377,6,,,1,102,,35385,6,,,1,100,,35383,6,,,1,100,,35384,6,,,1,102,,35386,6,,,1,92,,35382,6,,,1,102,,35381,6,,,1,37,,35375,6,,,1,96,,35387,6,,,1
