10901,'H:111:6:Sunday:1:26SEP:1234567',802,,28503,17,,,1,100,,28515,17,,,1,102,,28507,17,,,1,100,,28512,17,,,1,100,,28504,17,,,1,100,,28505,17,,,1,100,,28513,17,,,1,101,,28508,17,,,1,100,,28511,17,,,1,100,,28506,17,,,1,99,,28509,17,,,1,100,,28514,17,,,1,100,,28510,17,,,1,100,,28516,17,,,1
10901,'H:111:6:Sunday:2:26SEP:1234567',802,,28517,17,,,1,100,,28529,17,,,1,102,,28521,17,,,1,100,,28526,17,,,1,100,,28518,17,,,1,100,,28519,17,,,1,100,,28527,17,,,1,101,,28522,17,,,1,100,,28525,17,,,1,100,,28520,17,,,1,99,,28523,17,,,1,100,,28528,17,,,1,100,,28524,17,,,1,100,,28530,17,,,1
10901,'H:121:0:Weekday:1:26SEP:12345',501,,28532,17,,,1,101,,28542,17,,,1,102,,28543,17,,,1,101,,28546,17,,,1,100,,28548,17,,,1,99,,28538,17,,,1,100,,28541,17,,,1,51,,28537,17,,,1,101,,28536,17,,,1,95,,28547,17,,,1,100,,28540,17,,,1,100,,28535,17,,,1,101,,28545,17,,,1,105,,28539,17,,,1,99,,28544,17,,,1,148,,28533,17,,,1,109,,28534,17,,,1,100,,28531,17,,,1
10901,'H:121:0:Weekday:2:26SEP:12345',501,,28550,17,,,1,101,,28560,17,,,1,102,,28561,17,,,1,101,,28564,17,,,1,100,,28566,17,,,1,99,,28556,17,,,1,100,,28559,17,,,1,51,,28555,17,,,1,101,,28554,17,,,1,95,,28565,17,,,1,100,,28558,17,,,1,100,,28553,17,,,1,101,,28563,17,,,1,105,,28557,17,,,1,99,,28562,17,,,1,148,,28551,17,,,1,109,,28552,17,,,1,100,,28549,17,,,1
10901,'H:171:5:Saturday:1:26SEP:6',704,,28567,17,,,1,100,,28580,17,,,1,100,,28573,17,,,1,101,,28578,17,,,1,100,,28569,17,,,1,100,,28568,17,,,1,101,,28581,17,,,1,100,,28572,17,,,1,100,,28576,17,,,1,100,,28570,17,,,1,100,,28571,17,,,1,100,,28579,17,,,1,99,,28574,17,,,1,100,,28577,17,,,1,99,,28575,17,,,1
10901,'H:171:5:Saturday:2:26SEP:6',704,,28582,17,,,1,100,,28595,17,,,1,100,,28588,17,,,1,101,,28593,17,,,1,100,,28584,17,,,1,100,,28583,17,,,1,101,,28596,17,,,1,100,,28587,17,,,1,100,,28591,17,,,1,100,,28585,17,,,1,100,,28586,17,,,1,100,,28594,17,,,1,99,,28589,17,,,1,100,,28592,17,,,1,99,,28590,17,,,1
90101,'H:121:0:Weekday:1:26SEP:12345',1454,,35232,11,,,1,70,,35231,11,,,1
90101,'H:121:0:Weekday:2:26SEP:12345',1454,,35234,11,,,1,70,,35233,11,,,1
90101,'KP:321:0:Weekday:1:26SEP:12345',1423,,35237,11,,,1,132,,35236,11,,,1,70,,35242,11,,,1,30,,35235,11,,,1,71,,35241,11,,,1,30,,35243,11,,,1,70,,35240,11,,,1,28,,35239,11,,,1,70,,35238,11,,,1
90101,'KP:321:0:Weekday:2:26SEP:12345',1423,,35246,11,,,1,132,,35245,11,,,1,70,,35251,11,,,1,30,,35244,11,,,1,71,,35250,11,,,1,30,,35252,11,,,1,70,,35249,11,,,1,28,,35248,11,,,1,70,,35247,11,,,1
