10200,'H:113:6:Sunday:3:26MAR:1234567',730,,21317,23,,,1,71,,21332,23,,,1,30,,21318,23,,,1,70,,21333,23,,,1,31,,21319,23,,,1,70,,21334,23,,,1,30,,21320,23,,,1,70,,21335,23,,,1,31,,21321,23,,,1,70,,21336,23,,,1,30,,21322,23,,,1,70,,21337,23,,,1,30,,21323,23,,,1,71,,21338,23,,,1,30,,21324,23,,,1,70,,21339,23,,,1,30,,21325,23,,,1,70,,21340,23,,,1,29,,21327,23,,,1,70,,21341,23,,,1,30,,21328,23,,,1,70,,21342,23,,,1,29,,21329,23,,,1,70,,21343,23,,,1,29,,21326,23,,,1,100,,21330,23,,,1,100,,21331,23,,,1,100,,21344,23,,,1
10200,'H:123:0:Weekday:3:26MAR:12345',536,,21361,23,,,1,70,,21356,23,,,1,27,,21346,23,,,1,70,,21362,23,,,1,30,,21345,23,,,1,70,,21363,23,,,1,107,,21364,23,,,1,30,,21347,23,,,1,200,,21348,23,,,1,101,,21349,23,,,1,100,,21351,23,,,1,75,,21350,23,,,1,125,,21352,23,,,1,71,,21365,23,,,1,100,,21366,23,,,1,30,,21360,23,,,1,69,,21367,23,,,1,30,,21359,23,,,1,69,,21353,23,,,1,28,,21357,23,,,1,99,,21358,23,,,1,99,,21354,23,,,1,100,,21355,23,,,1
10200,'H:123:0:Weekday:4:26MAR:12345',536,,21384,23,,,1,70,,21379,23,,,1,27,,21369,23,,,1,70,,21385,23,,,1,30,,21368,23,,,1,70,,21386,23,,,1,107,,21387,23,,,1,30,,21370,23,,,1,200,,21371,23,,,1,101,,21372,23,,,1,100,,21374,23,,,1,75,,21373,23,,,1,125,,21375,23,,,1,71,,21388,23,,,1,100,,21389,23,,,1,30,,21383,23,,,1,69,,21390,23,,,1,30,,21382,23,,,1,69,,21376,23,,,1,28,,21380,23,,,1,99,,21381,23,,,1,99,,21377,23,,,1,100,,21378,23,,,1
10200,'H:173:5:Saturday:3:26MAR:6',631,,21395,23,,,1,70,,21396,23,,,1,30,,21397,23,,,1,70,,21398,23,,,1,31,,21399,23,,,1,70,,21400,23,,,1,31,,21401,23,,,1,71,,21402,23,,,1,30,,21403,23,,,1,72,,21404,23,,,1,30,,21405,23,,,1,70,,21406,23,,,1,30,,21407,23,,,1,70,,21408,23,,,1,29,,21410,23,,,1,70,,21411,23,,,1,30,,21413,23,,,1,70,,21409,23,,,1,30,,21414,23,,,1,70,,21415,23,,,1,30,,21412,23,,,1,69,,21416,23,,,1,30,,21417,23,,,1,70,,21418,23,,,1,29,,21419,23,,,1,70,,21420,23,,,1,30,,21392,23,,,1,99,,21394,23,,,1,99,,21393,23,,,1,100,,21391,23,,,1,100,,21421,23,,,1,100,,21422,23,,,1
10200,'KP:323:0:Weekday:3:26MAR:12345',840,,21423,23,,,1,170,,21429,23,,,1,30,,21426,23,,,1,70,,21431,23,,,1,101,,21428,23,,,1,100,,21424,23,,,1,130,,21430,23,,,1,70,,21425,23,,,1,131,,21427,23,,,1
10200,'KP:323:0:Weekday:4:26MAR:12345',840,,21432,23,,,1,170,,21438,23,,,1,30,,21435,23,,,1,70,,21440,23,,,1,101,,21437,23,,,1,100,,21433,23,,,1,130,,21439,23,,,1,70,,21434,23,,,1,131,,21436,23,,,1
13000,'H:113:6:Sunday:3:26MAR:1234567',721,,23246,47,,,1,101,,23248,47,,,1,102,,23247,47,,,1,102,,23249,47,,,1,101,,23252,47,,,1,100,,23250,47,,,1,102,,23251,47,,,1,99,,23254,47,,,1,100,,23253,47,,,1,100,,23255,47,,,1,100,,23256,47,,,1,98,,23257,47,,,1,98,,23258,47,,,1,98,,23259,47,,,1,100,,23260,47,,,1
13000,'H:123:0:Weekday:3:26MAR:12345',551,,23280,47,,,1,73,,23283,47,,,1,30,,23269,47,,,1,71,,23284,47,,,1,31,,23261,47,,,1,74,,23271,47,,,1,29,,23262,47,,,1,69,,23285,47,,,1,29,,23270,47,,,1,71,,23287,47,,,1,30,,23279,47,,,1,71,,23288,47,,,1,30,,23276,47,,,1,70,,23289,47,,,1,30,,23277,47,,,1,70,,23290,47,,,1,30,,23278,47,,,1,70,,23291,47,,,1,72,,23275,47,,,1,30,,23292,47,,,1,71,,23263,47,,,1,31,,23281,47,,,1,70,,23273,47,,,1,30,,23272,47,,,1,70,,23264,47,,,1,27,,23274,47,,,1,29,,23265,47,,,1,68,,23286,47,,,1,29,,23266,47,,,1,98,,23267,47,,,1,99,,23268,47,,,1,99,,23282,47,,,1
13000,'H:123:0:Weekday:4:26MAR:12345',551,,23312,47,,,1,73,,23315,47,,,1,30,,23301,47,,,1,71,,23316,47,,,1,31,,23293,47,,,1,74,,23303,47,,,1,29,,23294,47,,,1,69,,23317,47,,,1,29,,23302,47,,,1,71,,23319,47,,,1,30,,23311,47,,,1,71,,23320,47,,,1,30,,23308,47,,,1,70,,23321,47,,,1,30,,23309,47,,,1,70,,23322,47,,,1,30,,23310,47,,,1,70,,23323,47,,,1,72,,23307,47,,,1,30,,23324,47,,,1,71,,23295,47,,,1,31,,23313,47,,,1,70,,23305,47,,,1,30,,23304,47,,,1,70,,23296,47,,,1,27,,23306,47,,,1,29,,23297,47,,,1,68,,23318,47,,,1,29,,23298,47,,,1,98,,23299,47,,,1,99,,23300,47,,,1,99,,23314,47,,,1
13000,'H:173:5:Saturday:3:26MAR:6',618,,23340,47,,,1,101,,23325,47,,,1,104,,23326,47,,,1,101,,23327,47,,,1,102,,23328,47,,,1,101,,23329,47,,,1,102,,23330,47,,,1,101,,23331,47,,,1,100,,23332,47,,,1,99,,23333,47,,,1,100,,23334,47,,,1,99,,23335,47,,,1,99,,23336,47,,,1,98,,23337,47,,,1,99,,23338,47,,,1,99,,23339,47,,,1,100,,23341,47,,,1
