10901,'H:111:6:Sunday:1:26SEP:1234567',824,,28503,33,,,1,102,,28515,33,,,1,102,,28507,33,,,1,100,,28512,33,,,1,101,,28504,33,,,1,101,,28505,33,,,1,100,,28513,33,,,1,99,,28508,33,,,1,100,,28511,33,,,1,100,,28506,33,,,1,98,,28509,33,,,1,99,,28514,33,,,1,100,,28510,33,,,1,99,,28516,33,,,1
10901,'H:111:6:Sunday:2:26SEP:1234567',824,,28517,33,,,1,102,,28529,33,,,1,102,,28521,33,,,1,100,,28526,33,,,1,101,,28518,33,,,1,101,,28519,33,,,1,100,,28527,33,,,1,99,,28522,33,,,1,100,,28525,33,,,1,100,,28520,33,,,1,98,,28523,33,,,1,99,,28528,33,,,1,100,,28524,33,,,1,99,,28530,33,,,1
10901,'H:121:0:Weekday:1:26SEP:12345',523,,28532,33,,,1,103,,28542,33,,,1,106,,28543,33,,,1,98,,28546,33,,,1,100,,28548,33,,,1,99,,28538,33,,,1,100,,28541,33,,,1,91,,28537,33,,,1,104,,28536,33,,,1,97,,28547,33,,,1,99,,28540,33,,,1,102,,28535,33,,,1,102,,28545,33,,,1,100,,28539,33,,,1,98,,28544,33,,,1,106,,28533,33,,,1,109,,28534,33,,,1,97,,28531,33,,,1
10901,'H:121:0:Weekday:2:26SEP:12345',523,,28550,33,,,1,103,,28560,33,,,1,106,,28561,33,,,1,98,,28564,33,,,1,100,,28566,33,,,1,99,,28556,33,,,1,100,,28559,33,,,1,91,,28555,33,,,1,104,,28554,33,,,1,97,,28565,33,,,1,99,,28558,33,,,1,102,,28553,33,,,1,102,,28563,33,,,1,100,,28557,33,,,1,98,,28562,33,,,1,106,,28551,33,,,1,109,,28552,33,,,1,97,,28549,33,,,1
10901,'H:171:5:Saturday:1:26SEP:6',726,,28567,33,,,1,102,,28580,33,,,1,100,,28573,33,,,1,102,,28578,33,,,1,100,,28569,33,,,1,101,,28568,33,,,1,101,,28581,33,,,1,100,,28572,33,,,1,100,,28576,33,,,1,100,,28570,33,,,1,100,,28571,33,,,1,99,,28579,33,,,1,98,,28574,33,,,1,99,,28577,33,,,1,99,,28575,33,,,1
10901,'H:171:5:Saturday:2:26SEP:6',726,,28582,33,,,1,102,,28595,33,,,1,100,,28588,33,,,1,102,,28593,33,,,1,100,,28584,33,,,1,101,,28583,33,,,1,101,,28596,33,,,1,100,,28587,33,,,1,100,,28591,33,,,1,100,,28585,33,,,1,100,,28586,33,,,1,99,,28594,33,,,1,98,,28589,33,,,1,99,,28592,33,,,1,99,,28590,33,,,1
27000,'H:121:0:Weekday:1:26SEP:12345',517,,32145,34,,,1,113,,32146,34,,,1,101,,32148,34,,,1,1497,,32147,34,,,1
27000,'H:121:0:Weekday:2:26SEP:12345',517,,32149,34,,,1,113,,32150,34,,,1,101,,32152,34,,,1,1497,,32151,35,,,1
27000,'KP:321:0:Weekday:1:26SEP:12345',1826,,32153,19,,,1
27000,'KP:321:0:Weekday:2:26SEP:12345',1826,,32154,20,,,1
27100,'H:111:6:Sunday:1:26SEP:1234567',751,,32161,48,,,1,100,,32162,48,,,1,102,,32172,48,,,1,101,,32163,48,,,1,100,,32164,48,,,1,103,,32165,48,,,1,101,,32166,48,,,1,101,,32167,48,,,1,100,,32174,48,,,1,100,,32168,48,,,1,97,,32169,48,,,1,100,,32170,48,,,1,98,,32171,48,,,1,98,,32173,48,,,1
27100,'H:111:6:Sunday:2:26SEP:1234567',751,,32175,48,,,1,100,,32176,49,,,1,102,,32186,49,,,1,101,,32177,49,,,1,100,,32178,49,,,1,103,,32179,49,,,1,101,,32180,49,,,1,101,,32181,49,,,1,100,,32188,49,,,1,100,,32182,49,,,1,97,,32183,49,,,1,100,,32184,49,,,1,98,,32185,49,,,1,98,,32187,49,,,1
27100,'H:121:0:Weekday:1:26SEP:12345',704,,32198,34,,,1,102,,32189,34,,,1,105,,32190,48,,,1,101,,32191,48,,,1,101,,32199,48,,,1,199,,32192,48,,,1,205,,32193,48,,,1,200,,32194,48,,,1,193,,32195,48,,,1,196,,32196,48,,,1,100,,32197,48,,,1
27100,'H:121:0:Weekday:2:26SEP:12345',704,,32209,34,,,1,102,,32200,34,,,1,105,,32201,49,,,1,101,,32202,49,,,1,101,,32210,49,,,1,199,,32203,49,,,1,205,,32204,49,,,1,200,,32205,49,,,1,193,,32206,49,,,1,196,,32207,49,,,1,100,,32208,49,,,1
27100,'H:171:5:Saturday:1:26SEP:6',753,,32220,48,,,1,100,,32212,48,,,1,104,,32221,48,,,1,102,,32213,48,,,1,141,,32219,48,,,1,100,,32211,48,,,1,100,,32218,48,,,1,100,,32214,48,,,1,100,,32222,48,,,1,59,,32215,48,,,1,99,,32217,48,,,1,98,,32216,48,,,1,99,,32223,48,,,1,99,,32224,48,,,1,100,,32225,48,,,1
27100,'H:171:5:Saturday:2:26SEP:6',753,,32235,48,,,1,100,,32227,49,,,1,104,,32236,49,,,1,102,,32228,49,,,1,141,,32234,49,,,1,100,,32226,49,,,1,100,,32233,49,,,1,100,,32229,49,,,1,100,,32237,49,,,1,59,,32230,49,,,1,99,,32232,49,,,1,98,,32231,49,,,1,99,,32238,49,,,1,99,,32239,49,,,1,100,,32240,49,,,1
27100,'KP:321:0:Weekday:1:26SEP:12345',556,,32246,34,,,1,285,,32241,48,,,1,371,,32242,48,,,1,202,,32243,48,,,1,206,,32245,48,,,1,195,,32244,48,,,1,191,,32247,48,,,1
27100,'KP:321:0:Weekday:2:26SEP:12345',556,,32253,34,,,1,285,,32248,49,,,1,371,,32249,49,,,1,202,,32250,49,,,1,206,,32252,49,,,1,195,,32251,49,,,1,191,,32254,49,,,1
