10200,'H:111:6:Sunday:1:26SEP:1234567',723,,27569,12,,,1,30,,27584,12,,,1,70,,27570,12,,,1,30,,27585,12,,,1,70,,27571,12,,,1,30,,27586,12,,,1,70,,27572,12,,,1,30,,27587,12,,,1,71,,27573,12,,,1,30,,27588,12,,,1,70,,27574,12,,,1,30,,27589,12,,,1,70,,27575,12,,,1,30,,27590,12,,,1,70,,27576,12,,,1,30,,27591,12,,,1,70,,27577,12,,,1,30,,27592,12,,,1,70,,27579,12,,,1,30,,27593,12,,,1,70,,27580,12,,,1,30,,27594,12,,,1,70,,27581,12,,,1,30,,27595,12,,,1,69,,27578,12,,,1,100,,27582,12,,,1,100,,27583,12,,,1,100,,27596,12,,,1
10200,'H:111:6:Sunday:2:26SEP:1234567',723,,27597,12,,,1,30,,27612,12,,,1,70,,27598,12,,,1,30,,27613,12,,,1,70,,27599,12,,,1,30,,27614,12,,,1,70,,27600,12,,,1,30,,27615,12,,,1,71,,27601,12,,,1,30,,27616,12,,,1,70,,27602,12,,,1,30,,27617,12,,,1,70,,27603,12,,,1,30,,27618,12,,,1,70,,27604,12,,,1,30,,27619,12,,,1,70,,27605,12,,,1,30,,27620,12,,,1,70,,27607,12,,,1,30,,27621,12,,,1,70,,27608,12,,,1,30,,27622,12,,,1,70,,27609,12,,,1,30,,27623,12,,,1,69,,27606,12,,,1,100,,27610,12,,,1,100,,27611,12,,,1,100,,27624,12,,,1
10200,'H:121:0:Weekday:1:26SEP:12345',528,,27635,12,,,1,30,,27632,12,,,1,67,,27626,12,,,1,98,,27625,12,,,1,207,,27627,12,,,1,70,,27641,12,,,1,100,,27638,12,,,1,100,,27642,12,,,1,205,,27628,12,,,1,25,,27639,12,,,1,70,,27640,12,,,1,101,,27636,12,,,1,100,,27637,12,,,1,30,,27634,12,,,1,128,,27629,12,,,1,169,,27633,12,,,1,100,,27630,12,,,1,100,,27631,12,,,1
10200,'H:121:0:Weekday:2:26SEP:12345',528,,27653,12,,,1,30,,27650,12,,,1,67,,27644,12,,,1,98,,27643,12,,,1,207,,27645,12,,,1,70,,27659,12,,,1,100,,27656,12,,,1,100,,27660,12,,,1,205,,27646,12,,,1,25,,27657,12,,,1,70,,27658,12,,,1,101,,27654,12,,,1,100,,27655,12,,,1,30,,27652,12,,,1,128,,27647,12,,,1,169,,27651,12,,,1,100,,27648,12,,,1,100,,27649,12,,,1
10200,'H:171:5:Saturday:1:26SEP:6',623,,27665,12,,,1,30,,27666,12,,,1,70,,27667,12,,,1,30,,27668,12,,,1,70,,27669,12,,,1,30,,27670,12,,,1,71,,27671,12,,,1,30,,27672,12,,,1,70,,27673,12,,,1,31,,27674,12,,,1,70,,27675,12,,,1,30,,27676,12,,,1,70,,27677,12,,,1,30,,27678,12,,,1,70,,27680,12,,,1,30,,27681,12,,,1,70,,27683,12,,,1,30,,27679,12,,,1,70,,27684,12,,,1,30,,27685,12,,,1,70,,27682,12,,,1,30,,27686,12,,,1,70,,27687,12,,,1,30,,27688,12,,,1,69,,27689,12,,,1,30,,27690,12,,,1,70,,27662,12,,,1,100,,27664,12,,,1,99,,27663,12,,,1,100,,27661,12,,,1
10200,'H:171:5:Saturday:2:26SEP:6',623,,27695,12,,,1,30,,27696,12,,,1,70,,27697,12,,,1,30,,27698,12,,,1,70,,27699,12,,,1,30,,27700,12,,,1,71,,27701,12,,,1,30,,27702,12,,,1,70,,27703,12,,,1,31,,27704,12,,,1,70,,27705,12,,,1,30,,27706,12,,,1,70,,27707,12,,,1,30,,27708,12,,,1,70,,27710,12,,,1,30,,27711,12,,,1,70,,27713,12,,,1,30,,27709,12,,,1,70,,27714,12,,,1,30,,27715,12,,,1,70,,27712,12,,,1,30,,27716,12,,,1,70,,27717,12,,,1,30,,27718,12,,,1,69,,27719,12,,,1,30,,27720,12,,,1,70,,27692,12,,,1,100,,27694,12,,,1,99,,27693,12,,,1,100,,27691,12,,,1
10200,'KP:321:0:Weekday:1:26SEP:12345',653,,27727,12,,,1,100,,27728,12,,,1,77,,27732,12,,,1,70,,27729,12,,,1,130,,27734,12,,,1,100,,27721,12,,,1,100,,27722,12,,,1,70,,27733,12,,,1,30,,27723,12,,,1,200,,27724,12,,,1,101,,27731,12,,,1,170,,27730,12,,,1,29,,27726,12,,,1,99,,27725,12,,,1
10200,'KP:321:0:Weekday:2:26SEP:12345',653,,27741,12,,,1,100,,27742,12,,,1,77,,27746,12,,,1,70,,27743,12,,,1,130,,27748,12,,,1,100,,27735,12,,,1,100,,27736,12,,,1,70,,27747,12,,,1,30,,27737,12,,,1,200,,27738,12,,,1,101,,27745,12,,,1,170,,27744,12,,,1,29,,27740,12,,,1,99,,27739,12,,,1
11400,'H:111:6:Sunday:1:26SEP:1234567',723,,28971,13,,,1,101,,28972,13,,,1,100,,28973,13,,,1,100,,28974,13,,,1,101,,28975,13,,,1,100,,28976,13,,,1,100,,28977,13,,,1,100,,28978,13,,,1,100,,28981,13,,,1,100,,28982,13,,,1,100,,28983,13,,,1,100,,28979,13,,,1,99,,28980,13,,,1,100,,28984,13,,,1
11400,'H:111:6:Sunday:2:26SEP:1234567',723,,28985,13,,,1,101,,28986,13,,,1,100,,28987,13,,,1,100,,28988,13,,,1,101,,28989,13,,,1,100,,28990,13,,,1,100,,28991,13,,,1,100,,28992,13,,,1,100,,28995,13,,,1,100,,28996,13,,,1,100,,28997,13,,,1,100,,28993,13,,,1,99,,28994,13,,,1,100,,28998,13,,,1
11400,'H:121:0:Weekday:1:26SEP:12345',528,,29026,13,,,1,30,,29020,13,,,1,71,,29011,13,,,1,71,,28999,13,,,1,30,,29013,13,,,1,70,,29028,13,,,1,101,,29000,13,,,1,29,,29015,13,,,1,70,,29022,13,,,1,30,,29001,13,,,1,70,,29025,13,,,1,30,,29002,13,,,1,70,,29027,13,,,1,100,,29023,13,,,1,31,,29019,13,,,1,75,,29021,13,,,1,25,,29003,13,,,1,70,,29024,13,,,1,30,,29014,13,,,1,70,,29017,13,,,1,31,,29004,13,,,1,70,,29006,13,,,1,30,,29016,13,,,1,70,,29018,13,,,1,29,,29005,13,,,1,69,,29007,13,,,1,29,,29009,13,,,1,100,,29012,13,,,1,100,,29010,13,,,1,99,,29008,13,,,1
11400,'H:121:0:Weekday:2:26SEP:12345',528,,29056,13,,,1,30,,29050,13,,,1,71,,29041,13,,,1,71,,29029,13,,,1,30,,29043,13,,,1,70,,29058,13,,,1,101,,29030,13,,,1,29,,29045,13,,,1,70,,29052,13,,,1,30,,29031,13,,,1,70,,29055,13,,,1,30,,29032,13,,,1,70,,29057,13,,,1,100,,29053,13,,,1,31,,29049,13,,,1,75,,29051,13,,,1,25,,29033,13,,,1,70,,29054,13,,,1,30,,29044,13,,,1,70,,29047,13,,,1,31,,29034,13,,,1,70,,29036,13,,,1,30,,29046,13,,,1,70,,29048,13,,,1,29,,29035,13,,,1,69,,29037,13,,,1,29,,29039,13,,,1,100,,29042,13,,,1,100,,29040,13,,,1,99,,29038,13,,,1
11400,'H:171:5:Saturday:1:26SEP:6',623,,29074,13,,,1,100,,29059,13,,,1,101,,29060,13,,,1,101,,29062,13,,,1,100,,29065,13,,,1,100,,29064,13,,,1,100,,29061,13,,,1,100,,29075,13,,,1,100,,29063,13,,,1,100,,29069,13,,,1,100,,29067,13,,,1,100,,29071,13,,,1,100,,29068,13,,,1,99,,29066,13,,,1,99,,29072,13,,,1,100,,29070,13,,,1,100,,29073,13,,,1
11400,'H:171:5:Saturday:2:26SEP:6',623,,29091,13,,,1,100,,29076,13,,,1,101,,29077,13,,,1,101,,29079,13,,,1,100,,29082,13,,,1,100,,29081,13,,,1,100,,29078,13,,,1,100,,29092,13,,,1,100,,29080,13,,,1,100,,29086,13,,,1,100,,29084,13,,,1,100,,29088,13,,,1,100,,29085,13,,,1,99,,29083,13,,,1,99,,29089,13,,,1,100,,29087,13,,,1,100,,29090,13,,,1
11400,'KP:321:0:Weekday:1:26SEP:12345',831,,29094,13,,,1,399,,29093,13,,,1
11400,'KP:321:0:Weekday:2:26SEP:12345',831,,29096,13,,,1,399,,29095,13,,,1
