10601,'H:113:6:Sunday:3:26MAR:1234567',657,,21857,7,,,1,100,,21843,7,,,1,100,,21844,7,,,1,100,,21845,7,,,1,100,,21846,7,,,1,100,,21847,7,,,1,99,,21848,7,,,1,100,,21849,7,,,1,100,,21851,7,,,1,100,,21852,7,,,1,100,,21853,7,,,1,101,,21850,7,,,1,100,,21854,7,,,1,100,,21855,7,,,1,100,,21856,7,,,1
10601,'H:123:0:Weekday:3:26MAR:12345',513,,21858,7,,,1,101,,21859,7,,,1,100,,21860,7,,,1,100,,21861,7,,,1,100,,21862,7,,,1,100,,21863,7,,,1,100,,21865,7,,,1,100,,21866,7,,,1,100,,21867,7,,,1,100,,21864,7,,,1,101,,21869,7,,,1,200,,21870,7,,,1,100,,21868,7,,,1,99,,21871,7,,,1,100,,21872,7,,,1,100,,21873,7,,,1,99,,21874,7,,,1
10601,'H:123:0:Weekday:4:26MAR:12345',513,,21875,7,,,1,101,,21876,7,,,1,100,,21877,7,,,1,100,,21878,7,,,1,100,,21879,7,,,1,100,,21880,7,,,1,100,,21882,7,,,1,100,,21883,7,,,1,100,,21884,7,,,1,100,,21881,7,,,1,101,,21886,7,,,1,200,,21887,7,,,1,100,,21885,7,,,1,99,,21888,7,,,1,100,,21889,7,,,1,100,,21890,7,,,1,99,,21891,7,,,1
10601,'H:173:5:Saturday:3:26MAR:6',557,,21906,7,,,1,100,,21905,7,,,1,100,,21892,7,,,1,100,,21893,7,,,1,100,,21894,7,,,1,99,,21895,7,,,1,100,,21897,7,,,1,100,,21898,7,,,1,100,,21899,7,,,1,100,,21896,7,,,1,100,,21900,7,,,1,100,,21901,7,,,1,100,,21902,7,,,1,100,,21903,7,,,1,100,,21904,7,,,1,101,,21907,7,,,1,100,,21908,7,,,1
10601,'KP:323:0:Weekday:3:26MAR:12345',1615,,21909,7,,,1
10601,'KP:323:0:Weekday:4:26MAR:12345',1615,,21910,7,,,1
12000,'H:113:6:Sunday:3:26MAR:1234567',727,,22891,7,,,1,100,,22892,7,,,1,100,,22893,7,,,1,99,,22890,7,,,1,100,,22894,7,,,1,98,,22895,7,,,1,100,,22896,7,,,1,100,,22897,7,,,1,100,,22898,7,,,1,100,,22899,7,,,1,100,,22900,7,,,1,100,,22901,7,,,1,102,,22889,7,,,1,100,,22902,7,,,1
12000,'H:123:0:Weekday:3:26MAR:12345',422,,22920,7,,,1,83,,22921,7,,,1,28,,22907,7,,,1,68,,22922,7,,,1,28,,22905,7,,,1,29,,22923,7,,,1,69,,22903,7,,,1,31,,22924,7,,,1,70,,22904,7,,,1,31,,22929,7,,,1,73,,22906,7,,,1,70,,22930,7,,,1,30,,22910,7,,,1,70,,22931,7,,,1,30,,22908,7,,,1,70,,22932,7,,,1,28,,22911,7,,,1,29,,22933,7,,,1,70,,22909,7,,,1,30,,22934,7,,,1,69,,22913,7,,,1,27,,22925,7,,,1,69,,22914,7,,,1,29,,22926,7,,,1,69,,22912,7,,,1,31,,22927,7,,,1,72,,22919,7,,,1,30,,22928,7,,,1,75,,22917,7,,,1,100,,22918,7,,,1,101,,22915,7,,,1,102,,22916,7,,,1
12000,'H:123:0:Weekday:4:26MAR:12345',422,,22952,7,,,1,83,,22953,7,,,1,28,,22939,7,,,1,68,,22954,7,,,1,28,,22937,7,,,1,29,,22955,7,,,1,69,,22935,7,,,1,31,,22956,7,,,1,70,,22936,7,,,1,31,,22961,7,,,1,73,,22938,7,,,1,70,,22962,7,,,1,30,,22942,7,,,1,70,,22963,7,,,1,30,,22940,7,,,1,70,,22964,7,,,1,28,,22943,7,,,1,29,,22965,7,,,1,70,,22941,7,,,1,30,,22966,7,,,1,69,,22945,7,,,1,27,,22957,7,,,1,69,,22946,7,,,1,29,,22958,7,,,1,69,,22944,7,,,1,31,,22959,7,,,1,72,,22951,7,,,1,30,,22960,7,,,1,75,,22949,7,,,1,100,,22950,7,,,1,101,,22947,7,,,1,102,,22948,7,,,1
12000,'H:173:5:Saturday:3:26MAR:6',529,,22972,7,,,1,99,,22971,7,,,1,98,,22975,7,,,1,99,,22974,7,,,1,100,,22977,7,,,1,99,,22976,7,,,1,99,,22973,7,,,1,99,,22979,7,,,1,100,,22980,7,,,1,100,,22978,7,,,1,100,,22982,7,,,1,101,,22981,7,,,1,101,,22970,7,,,1,100,,22968,7,,,1,102,,22967,7,,,1,101,,22969,7,,,1,101,,22983,7,,,1
