16601,'H:111:6:Sunday:1:26SEP:1234567',747,,30625,60,,,1,102,,30626,60,,,1,104,,30627,60,,,1,102,,30628,60,,,1,101,,30629,60,,,1,103,,30630,60,,,1,141,,30631,60,,,1,100,,30632,60,,,1,102,,30633,60,,,1,100,,30634,60,,,1,98,,30636,60,,,1,59,,30638,60,,,1,99,,30635,60,,,1,97,,30639,60,,,1,97,,30637,60,,,1
16601,'H:111:6:Sunday:2:26SEP:1234567',747,,30640,60,,,1,102,,30641,60,,,1,104,,30642,60,,,1,102,,30643,60,,,1,101,,30644,60,,,1,103,,30645,60,,,1,141,,30646,60,,,1,100,,30647,60,,,1,102,,30648,60,,,1,100,,30649,60,,,1,98,,30651,60,,,1,59,,30653,60,,,1,99,,30650,60,,,1,97,,30654,60,,,1,97,,30652,60,,,1
16601,'H:121:0:Weekday:1:26SEP:12345',703,,30663,60,,,1,31,,30660,60,,,1,72,,30674,60,,,1,100,,30667,60,,,1,200,,30664,60,,,1,31,,30670,60,,,1,103,,30671,60,,,1,103,,30668,60,,,1,205,,30658,60,,,1,72,,30672,60,,,1,33,,30669,60,,,1,103,,30661,60,,,1,93,,30657,60,,,1,68,,30665,60,,,1,27,,30673,60,,,1,94,,30656,60,,,1,69,,30655,60,,,1,98,,30659,60,,,1,96,,30662,60,,,1,57,,30666,60,,,1
16601,'H:121:0:Weekday:2:26SEP:12345',703,,30683,60,,,1,31,,30680,60,,,1,72,,30694,60,,,1,100,,30687,60,,,1,200,,30684,60,,,1,31,,30690,60,,,1,103,,30691,60,,,1,103,,30688,60,,,1,205,,30678,60,,,1,72,,30692,60,,,1,33,,30689,60,,,1,103,,30681,60,,,1,93,,30677,60,,,1,68,,30685,60,,,1,27,,30693,60,,,1,94,,30676,60,,,1,69,,30675,60,,,1,98,,30679,60,,,1,96,,30682,60,,,1,57,,30686,60,,,1
16601,'H:171:5:Saturday:1:26SEP:6',646,,30697,60,,,1,102,,30695,60,,,1,104,,30696,60,,,1,102,,30699,60,,,1,104,,30702,60,,,1,142,,30698,60,,,1,103,,30703,60,,,1,101,,30701,60,,,1,102,,30700,60,,,1,102,,30705,60,,,1,100,,30706,60,,,1,98,,30707,60,,,1,97,,30704,60,,,1,99,,30708,60,,,1,57,,30709,60,,,1,96,,30710,60,,,1,97,,30711,60,,,1
16601,'H:171:5:Saturday:2:26SEP:6',646,,30714,60,,,1,102,,30712,60,,,1,104,,30713,60,,,1,102,,30716,60,,,1,104,,30719,60,,,1,142,,30715,60,,,1,103,,30720,60,,,1,101,,30718,60,,,1,102,,30717,60,,,1,102,,30722,60,,,1,100,,30723,60,,,1,98,,30724,60,,,1,97,,30721,60,,,1,99,,30725,60,,,1,57,,30726,60,,,1,96,,30727,60,,,1,97,,30728,60,,,1
16601,'KP:321:0:Weekday:1:26SEP:12345',556,,30733,60,,,1,74,,30738,60,,,1,206,,30731,60,,,1,100,,30730,60,,,1,70,,30741,60,,,1,30,,30729,60,,,1,173,,30742,60,,,1,102,,30734,60,,,1,102,,30735,60,,,1,31,,30739,60,,,1,70,,30736,60,,,1,212,,30737,60,,,1,101,,30740,60,,,1,183,,30732,60,,,1
16601,'KP:321:0:Weekday:2:26SEP:12345',556,,30747,60,,,1,74,,30752,60,,,1,206,,30745,60,,,1,100,,30744,60,,,1,70,,30755,60,,,1,30,,30743,60,,,1,173,,30756,60,,,1,102,,30748,60,,,1,102,,30749,60,,,1,31,,30753,60,,,1,70,,30750,60,,,1,212,,30751,60,,,1,101,,30754,60,,,1,183,,30746,60,,,1
90101,'H:121:0:Weekday:1:26SEP:12345',1512,,35232,25,,,1,30,,35231,25,,,1
90101,'H:121:0:Weekday:2:26SEP:12345',1512,,35234,25,,,1,30,,35233,25,,,1
90101,'KP:321:0:Weekday:1:26SEP:12345',1441,,35237,25,,,1,174,,35236,25,,,1,30,,35242,25,,,1,70,,35235,25,,,1,31,,35241,25,,,1,70,,35243,25,,,1,30,,35240,25,,,1,68,,35239,25,,,1,27,,35238,25,,,1
90101,'KP:321:0:Weekday:2:26SEP:12345',1441,,35246,25,,,1,174,,35245,25,,,1,30,,35251,25,,,1,70,,35244,25,,,1,31,,35250,25,,,1,70,,35252,25,,,1,30,,35249,25,,,1,68,,35248,25,,,1,27,,35247,25,,,1
