12100,'H:113:6:Sunday:3:26MAR:1234567',657,,23076,3,,,1,100,,23077,3,,,1,101,,23078,3,,,1,100,,23079,3,,,1,101,,23080,3,,,1,100,,23081,3,,,1,100,,23082,3,,,1,100,,23083,3,,,1,100,,23084,3,,,1,100,,23085,3,,,1,100,,23086,3,,,1,100,,23087,3,,,1,99,,23088,3,,,1,100,,23089,3,,,1
12100,'H:123:0:Weekday:3:26MAR:12345',527,,23108,3,,,1,25,,23106,3,,,1,65,,23113,3,,,1,26,,23107,3,,,1,65,,23112,3,,,1,25,,23104,3,,,1,26,,23109,3,,,1,70,,23114,3,,,1,25,,23116,3,,,1,70,,23110,3,,,1,95,,23111,3,,,1,90,,23105,3,,,1,50,,23097,3,,,1,90,,23103,3,,,1,90,,23095,3,,,1,95,,23101,3,,,1,100,,23102,3,,,1,71,,23098,3,,,1,31,,23100,3,,,1,76,,23099,3,,,1,34,,23096,3,,,1,69,,23090,3,,,1,29,,23115,3,,,1,75,,23094,3,,,1,99,,23093,3,,,1,100,,23091,3,,,1,99,,23092,3,,,1
12100,'H:123:0:Weekday:4:26MAR:12345',527,,23135,3,,,1,25,,23133,3,,,1,65,,23140,3,,,1,26,,23134,3,,,1,65,,23139,3,,,1,25,,23131,3,,,1,26,,23136,3,,,1,70,,23141,3,,,1,25,,23143,3,,,1,70,,23137,3,,,1,95,,23138,3,,,1,90,,23132,3,,,1,50,,23124,3,,,1,90,,23130,3,,,1,90,,23122,3,,,1,95,,23128,3,,,1,100,,23129,3,,,1,71,,23125,3,,,1,31,,23127,3,,,1,76,,23126,3,,,1,34,,23123,3,,,1,69,,23117,3,,,1,29,,23142,3,,,1,75,,23121,3,,,1,99,,23120,3,,,1,100,,23118,3,,,1,99,,23119,3,,,1
12100,'H:173:5:Saturday:3:26MAR:6',557,,23145,3,,,1,100,,23146,3,,,1,101,,23147,3,,,1,100,,23144,3,,,1,100,,23148,3,,,1,101,,23149,3,,,1,100,,23150,3,,,1,100,,23151,3,,,1,100,,23152,3,,,1,100,,23153,3,,,1,100,,23154,3,,,1,100,,23155,3,,,1,100,,23156,3,,,1,100,,23157,3,,,1,100,,23158,3,,,1
12100,'KP:323:0:Weekday:3:26MAR:12345',1504,,23159,3,,,1
12100,'KP:323:0:Weekday:4:26MAR:12345',1504,,23160,3,,,1
16601,'H:113:6:Sunday:3:26MAR:1234567',726,,23539,37,,,1,101,,23540,37,,,1,102,,23541,37,,,1,102,,23542,37,,,1,101,,23543,37,,,1,102,,23544,37,,,1,101,,23545,37,,,1,100,,23546,37,,,1,101,,23547,37,,,1,100,,23548,37,,,1,99,,23550,37,,,1,99,,23552,37,,,1,99,,23549,37,,,1,99,,23553,37,,,1,98,,23551,37,,,1
16601,'H:123:0:Weekday:3:26MAR:12345',535,,23566,37,,,1,71,,23575,37,,,1,31,,23567,37,,,1,71,,23562,37,,,1,101,,23560,37,,,1,30,,23576,37,,,1,70,,23559,37,,,1,100,,23558,37,,,1,30,,23568,37,,,1,203,,23569,37,,,1,102,,23570,37,,,1,100,,23571,37,,,1,71,,23557,37,,,1,135,,23572,37,,,1,70,,23563,37,,,1,96,,23556,37,,,1,29,,23573,37,,,1,97,,23565,37,,,1,69,,23555,37,,,1,30,,23554,37,,,1,98,,23561,37,,,1,98,,23564,37,,,1,98,,23574,37,,,1
16601,'H:123:0:Weekday:4:26MAR:12345',535,,23589,37,,,1,71,,23598,37,,,1,31,,23590,37,,,1,71,,23585,37,,,1,101,,23583,37,,,1,30,,23599,37,,,1,70,,23582,37,,,1,100,,23581,37,,,1,30,,23591,37,,,1,203,,23592,37,,,1,102,,23593,37,,,1,100,,23594,37,,,1,71,,23580,37,,,1,135,,23595,37,,,1,70,,23586,37,,,1,96,,23579,37,,,1,29,,23596,37,,,1,97,,23588,37,,,1,69,,23578,37,,,1,30,,23577,37,,,1,98,,23584,37,,,1,98,,23587,37,,,1,98,,23597,37,,,1
16601,'H:173:5:Saturday:3:26MAR:6',626,,23602,37,,,1,101,,23600,37,,,1,103,,23601,37,,,1,101,,23604,37,,,1,102,,23607,37,,,1,102,,23603,37,,,1,101,,23608,37,,,1,100,,23606,37,,,1,102,,23605,37,,,1,101,,23610,37,,,1,100,,23611,37,,,1,99,,23612,37,,,1,99,,23609,37,,,1,99,,23613,37,,,1,97,,23614,37,,,1,99,,23615,37,,,1,97,,23616,37,,,1
16601,'KP:323:0:Weekday:3:26MAR:12345',739,,23625,37,,,1,200,,23617,37,,,1,171,,23627,37,,,1,32,,23620,37,,,1,70,,23626,37,,,1,102,,23622,37,,,1,100,,23618,37,,,1,132,,23624,37,,,1,72,,23619,37,,,1,133,,23621,37,,,1,163,,23623,37,,,1
16601,'KP:323:0:Weekday:4:26MAR:12345',739,,23636,37,,,1,200,,23628,37,,,1,171,,23638,37,,,1,32,,23631,37,,,1,70,,23637,37,,,1,102,,23633,37,,,1,100,,23629,37,,,1,132,,23635,37,,,1,72,,23630,37,,,1,133,,23632,37,,,1,163,,23634,37,,,1
