10900,'H:111:6:Sunday:1:26SEP:1234567',826,,28416,27,,,1,102,,28420,27,,,1,100,,28411,27,,,1,101,,28412,27,,,1,101,,28423,27,,,1,101,,28414,27,,,1,100,,28419,27,,,1,100,,28413,27,,,1,99,,28415,27,,,1,99,,28422,27,,,1,99,,28418,27,,,1,100,,28421,27,,,1,100,,28417,27,,,1,98,,28424,27,,,1
10900,'H:111:6:Sunday:2:26SEP:1234567',826,,28430,27,,,1,102,,28434,27,,,1,100,,28425,27,,,1,101,,28426,27,,,1,101,,28437,27,,,1,101,,28428,27,,,1,100,,28433,27,,,1,100,,28427,27,,,1,99,,28429,27,,,1,99,,28436,27,,,1,99,,28432,27,,,1,100,,28435,27,,,1,100,,28431,27,,,1,98,,28438,27,,,1
10900,'H:121:0:Weekday:1:26SEP:12345',523,,28452,27,,,1,104,,28446,27,,,1,106,,28442,27,,,1,97,,28448,27,,,1,104,,28455,27,,,1,100,,28440,27,,,1,100,,28454,27,,,1,101,,28453,27,,,1,100,,28445,27,,,1,102,,28451,27,,,1,101,,28443,27,,,1,100,,28447,27,,,1,99,,28450,27,,,1,98,,28444,27,,,1,98,,28441,27,,,1,99,,28439,27,,,1,100,,28449,27,,,1
10900,'H:121:0:Weekday:2:26SEP:12345',523,,28469,27,,,1,104,,28463,27,,,1,106,,28459,27,,,1,97,,28465,27,,,1,104,,28472,27,,,1,100,,28457,27,,,1,100,,28471,27,,,1,101,,28470,27,,,1,100,,28462,27,,,1,102,,28468,27,,,1,101,,28460,27,,,1,100,,28464,27,,,1,99,,28467,27,,,1,98,,28461,27,,,1,98,,28458,27,,,1,99,,28456,27,,,1,100,,28466,27,,,1
10900,'H:171:5:Saturday:1:26SEP:6',728,,28477,27,,,1,100,,28480,27,,,1,101,,28476,27,,,1,102,,28473,27,,,1,100,,28485,27,,,1,101,,28478,27,,,1,102,,28483,27,,,1,100,,28474,27,,,1,97,,28475,27,,,1,100,,28487,27,,,1,99,,28479,27,,,1,99,,28484,27,,,1,100,,28481,27,,,1,99,,28482,27,,,1,100,,28486,27,,,1
10900,'H:171:5:Saturday:2:26SEP:6',728,,28492,27,,,1,100,,28495,27,,,1,101,,28491,27,,,1,102,,28488,27,,,1,100,,28500,27,,,1,101,,28493,27,,,1,102,,28498,27,,,1,100,,28489,27,,,1,97,,28490,27,,,1,100,,28502,27,,,1,99,,28494,27,,,1,99,,28499,27,,,1,100,,28496,27,,,1,99,,28497,27,,,1,100,,28501,27,,,1
90100,'H:121:0:Weekday:1:26SEP:12345',449,,35213,14,,,1
90100,'H:121:0:Weekday:2:26SEP:12345',449,,35214,14,,,1
90100,'KP:321:0:Weekday:1:26SEP:12345',519,,35218,14,,,1,29,,35217,14,,,1,65,,35221,14,,,1,29,,35219,14,,,1,66,,35216,14,,,1,31,,35222,14,,,1,72,,35220,14,,,1,33,,35215,14,,,1
90100,'KP:321:0:Weekday:2:26SEP:12345',519,,35226,14,,,1,29,,35225,14,,,1,65,,35229,14,,,1,29,,35227,14,,,1,66,,35224,14,,,1,31,,35230,14,,,1,72,,35228,14,,,1,33,,35223,14,,,1
