20100,'H:111:6:Sunday:1:26SEP:1234567',741,,30758,20,,,1,100,,30760,20,,,1,99,,30761,20,,,1,80,,30759,20,,,1,80,,30762,20,,,1,40,,30757,20,,,1,79,,30763,20,,,1,40,,30764,20,,,1,80,,30765,20,,,1,80,,30766,20,,,1,40,,30768,20,,,1,80,,30769,20,,,1,80,,30770,20,,,1,40,,30772,20,,,1,80,,30773,20,,,1,80,,30774,20,,,1,40,,30775,20,,,1,80,,30776,20,,,1,100,,30767,20,,,1,101,,30771,20,,,1
20100,'H:111:6:Sunday:2:26SEP:1234567',741,,30778,20,,,1,100,,30780,20,,,1,99,,30781,20,,,1,80,,30779,20,,,1,80,,30782,20,,,1,40,,30777,20,,,1,79,,30783,20,,,1,40,,30784,20,,,1,80,,30785,20,,,1,80,,30786,20,,,1,40,,30788,20,,,1,80,,30789,20,,,1,80,,30790,20,,,1,40,,30792,20,,,1,80,,30793,20,,,1,80,,30794,20,,,1,40,,30795,20,,,1,80,,30796,20,,,1,100,,30787,20,,,1,101,,30791,20,,,1
20100,'H:121:0:Weekday:1:26SEP:12345',516,,30800,20,,,1,38,,30810,20,,,1,75,,30817,20,,,1,30,,30801,20,,,1,269,,30816,20,,,1,30,,30811,20,,,1,268,,30806,20,,,1,30,,30814,20,,,1,169,,30807,20,,,1,100,,30808,20,,,1,30,,30809,20,,,1,70,,30813,20,,,1,31,,30815,20,,,1,101,,30802,20,,,1,101,,30797,20,,,1,70,,30812,20,,,1,30,,30798,20,,,1,70,,30799,20,,,1,72,,30803,20,,,1,30,,30804,20,,,1,90,,30805,20,,,1
20100,'H:121:0:Weekday:2:26SEP:12345',516,,30821,20,,,1,38,,30831,20,,,1,75,,30838,20,,,1,30,,30822,20,,,1,269,,30837,20,,,1,30,,30832,20,,,1,268,,30827,20,,,1,30,,30835,20,,,1,169,,30828,20,,,1,100,,30829,20,,,1,30,,30830,20,,,1,70,,30834,20,,,1,31,,30836,20,,,1,101,,30823,20,,,1,101,,30818,20,,,1,70,,30833,20,,,1,30,,30819,20,,,1,70,,30820,20,,,1,72,,30824,20,,,1,30,,30825,20,,,1,90,,30826,20,,,1
20100,'H:171:5:Saturday:1:26SEP:6',640,,30851,20,,,1,100,,30841,20,,,1,99,,30850,20,,,1,100,,30842,20,,,1,80,,30843,20,,,1,39,,30848,20,,,1,80,,30849,20,,,1,80,,30840,20,,,1,40,,30852,20,,,1,80,,30844,20,,,1,79,,30839,20,,,1,40,,30853,20,,,1,80,,30845,20,,,1,80,,30847,20,,,1,40,,30856,20,,,1,80,,30857,20,,,1,81,,30858,20,,,1,41,,30855,20,,,1,80,,30859,20,,,1,100,,30846,20,,,1,100,,30854,20,,,1,100,,30860,20,,,1
20100,'H:171:5:Saturday:2:26SEP:6',640,,30873,20,,,1,100,,30863,20,,,1,99,,30872,20,,,1,100,,30864,20,,,1,80,,30865,20,,,1,39,,30870,20,,,1,80,,30871,20,,,1,80,,30862,20,,,1,40,,30874,20,,,1,80,,30866,20,,,1,79,,30861,20,,,1,40,,30875,20,,,1,80,,30867,20,,,1,80,,30869,20,,,1,40,,30878,20,,,1,80,,30879,20,,,1,81,,30880,20,,,1,41,,30877,20,,,1,80,,30881,20,,,1,100,,30868,20,,,1,100,,30876,20,,,1,100,,30882,20,,,1
20100,'KP:321:0:Weekday:1:26SEP:12345',728,,30889,20,,,1,29,,30883,20,,,1,71,,30884,20,,,1,30,,30890,20,,,1,169,,30891,20,,,1,30,,30892,20,,,1,69,,30893,20,,,1,30,,30894,20,,,1,169,,30888,20,,,1,30,,30895,20,,,1,100,,30885,20,,,1,271,,30886,20,,,1,101,,30887,20,,,1
20100,'KP:321:0:Weekday:2:26SEP:12345',728,,30902,20,,,1,29,,30896,20,,,1,71,,30897,20,,,1,30,,30903,20,,,1,169,,30904,20,,,1,30,,30905,20,,,1,69,,30906,20,,,1,30,,30907,20,,,1,169,,30901,20,,,1,30,,30908,20,,,1,100,,30898,20,,,1,271,,30899,20,,,1,101,,30900,20,,,1
20200,'H:111:6:Sunday:1:26SEP:1234567',610,,31078,30,,,1,100,,31071,30,,,1,100,,31058,30,,,1,99,,31057,30,,,1,50,,31059,30,,,1,80,,31060,30,,,1,80,,31061,30,,,1,40,,31064,30,,,1,80,,31062,30,,,1,80,,31065,30,,,1,40,,31063,30,,,1,79,,31067,30,,,1,80,,31066,30,,,1,40,,31068,30,,,1,80,,31072,30,,,1,80,,31073,30,,,1,41,,31074,30,,,1,80,,31075,30,,,1,80,,31076,30,,,1,91,,31069,30,,,1,100,,31070,30,,,1,100,,31077,30,,,1
20200,'H:111:6:Sunday:2:26SEP:1234567',610,,31100,30,,,1,100,,31093,30,,,1,100,,31080,30,,,1,99,,31079,30,,,1,50,,31081,30,,,1,80,,31082,30,,,1,80,,31083,30,,,1,40,,31086,30,,,1,80,,31084,30,,,1,80,,31087,30,,,1,40,,31085,30,,,1,79,,31089,30,,,1,80,,31088,30,,,1,40,,31090,30,,,1,80,,31094,30,,,1,80,,31095,30,,,1,41,,31096,30,,,1,80,,31097,30,,,1,80,,31098,30,,,1,91,,31091,30,,,1,100,,31092,30,,,1,100,,31099,30,,,1
20200,'H:121:0:Weekday:1:26SEP:12345',456,,31117,30,,,1,158,,31104,30,,,1,198,,31105,30,,,1,31,,31106,30,,,1,70,,31114,30,,,1,30,,31118,30,,,1,199,,31116,30,,,1,69,,31115,30,,,1,229,,31113,30,,,1,100,,31107,30,,,1,102,,31108,30,,,1,200,,31102,30,,,1,71,,31101,30,,,1,101,,31103,30,,,1,30,,31110,30,,,1,71,,31111,30,,,1,35,,31112,30,,,1
20200,'H:121:0:Weekday:2:26SEP:12345',456,,31135,30,,,1,158,,31122,30,,,1,198,,31123,30,,,1,31,,31124,30,,,1,70,,31132,30,,,1,30,,31136,30,,,1,199,,31134,30,,,1,69,,31133,30,,,1,229,,31131,30,,,1,100,,31125,30,,,1,102,,31126,30,,,1,200,,31120,30,,,1,71,,31119,30,,,1,101,,31121,30,,,1,30,,31128,30,,,1,71,,31129,30,,,1,35,,31130,30,,,1
20200,'H:171:5:Saturday:1:26SEP:6',511,,31160,30,,,1,30,,31154,30,,,1,70,,31138,30,,,1,100,,31139,30,,,1,99,,31150,30,,,1,99,,31144,30,,,1,50,,31137,30,,,1,80,,31140,30,,,1,80,,31148,30,,,1,39,,31142,30,,,1,80,,31141,30,,,1,80,,31143,30,,,1,40,,31151,30,,,1,80,,31145,30,,,1,80,,31146,30,,,1,40,,31147,30,,,1,80,,31155,30,,,1,80,,31156,30,,,1,41,,31157,30,,,1,80,,31158,30,,,1,80,,31159,30,,,1,90,,31152,30,,,1,100,,31149,30,,,1,102,,31153,30,,,1
20200,'H:171:5:Saturday:2:26SEP:6',511,,31184,30,,,1,30,,31178,30,,,1,70,,31162,30,,,1,100,,31163,30,,,1,99,,31174,30,,,1,99,,31168,30,,,1,50,,31161,30,,,1,80,,31164,30,,,1,80,,31172,30,,,1,39,,31166,30,,,1,80,,31165,30,,,1,80,,31167,30,,,1,40,,31175,30,,,1,80,,31169,30,,,1,80,,31170,30,,,1,40,,31171,30,,,1,80,,31179,30,,,1,80,,31180,30,,,1,41,,31181,30,,,1,80,,31182,30,,,1,80,,31183,30,,,1,90,,31176,30,,,1,100,,31173,30,,,1,102,,31177,30,,,1
20200,'KP:321:0:Weekday:1:26SEP:12345',535,,31186,30,,,1,109,,31188,30,,,1,69,,31196,30,,,1,29,,31201,30,,,1,271,,31197,30,,,1,30,,31198,30,,,1,69,,31200,30,,,1,129,,31193,30,,,1,70,,31199,30,,,1,30,,31195,30,,,1,69,,31189,30,,,1,100,,31194,30,,,1,100,,31190,30,,,1,102,,31191,30,,,1,30,,31192,30,,,1,70,,31187,30,,,1,132,,31185,30,,,1
20200,'KP:321:0:Weekday:2:26SEP:12345',535,,31203,30,,,1,109,,31205,30,,,1,69,,31213,30,,,1,29,,31218,30,,,1,271,,31214,30,,,1,30,,31215,30,,,1,69,,31217,30,,,1,129,,31210,30,,,1,70,,31216,30,,,1,30,,31212,30,,,1,69,,31206,30,,,1,100,,31211,30,,,1,100,,31207,30,,,1,102,,31208,30,,,1,30,,31209,30,,,1,70,,31204,30,,,1,132,,31202,30,,,1
