90400,'H:123:0:Weekday:3:26MAR:12345',422,,26918,5,,,1
90400,'H:123:0:Weekday:4:26MAR:12345',422,,26919,5,,,1
90400,'KP:323:0:Weekday:3:26MAR:12345',452,,26925,5,,,1,69,,26924,5,,,1,29,,26923,5,,,1,68,,26922,5,,,1,30,,26927,5,,,1,69,,26928,5,,,1,30,,26921,5,,,1,70,,26920,5,,,1,32,,26926,5,,,1
90400,'KP:323:0:Weekday:4:26MAR:12345',452,,26934,5,,,1,69,,26933,5,,,1,29,,26932,5,,,1,68,,26931,5,,,1,30,,26936,5,,,1,69,,26937,5,,,1,30,,26930,5,,,1,70,,26929,5,,,1,32,,26935,5,,,1
90500,'H:123:0:Weekday:3:26MAR:12345',454,,26966,11,,,1,173,,26974,11,,,1,132,,26967,11,,,1,99,,26970,11,,,1,100,,26962,11,,,1,100,,26960,11,,,1,100,,26961,11,,,1,342,,26964,11,,,1,100,,26965,11,,,1,100,,26972,11,,,1,100,,26963,11,,,1,59,,26971,11,,,1,100,,26973,11,,,1,98,,26969,11,,,1,99,,26968,11,,,1
90500,'H:123:0:Weekday:4:26MAR:12345',454,,26981,11,,,1,173,,26989,11,,,1,132,,26982,11,,,1,99,,26985,11,,,1,100,,26977,11,,,1,100,,26975,11,,,1,100,,26976,11,,,1,342,,26979,11,,,1,100,,26980,11,,,1,100,,26987,11,,,1,100,,26978,11,,,1,59,,26986,11,,,1,100,,26988,11,,,1,98,,26984,11,,,1,99,,26983,11,,,1
90500,'KP:323:0:Weekday:3:26MAR:12345',556,,26992,11,,,1,102,,26990,11,,,1,70,,26991,11,,,1,572,,26993,11,,,1,100,,26994,11,,,1
90500,'KP:323:0:Weekday:4:26MAR:12345',556,,26997,11,,,1,102,,26995,11,,,1,70,,26996,11,,,1,572,,26998,11,,,1,100,,26999,11,,,1
90700,'H:123:0:Weekday:3:26MAR:12345',426,,27036,11,,,1,76,,27037,11,,,1,34,,27038,11,,,1,73,,27039,11,,,1
90700,'H:123:0:Weekday:4:26MAR:12345',426,,27040,11,,,1,76,,27041,11,,,1,34,,27042,11,,,1,73,,27043,11,,,1
