28001,'H:111:6:Sunday:1:26SEP:1234567',738,,32450,5,,,1,100,,32449,5,,,1,100,,32451,5,,,1,100,,32460,5,,,1,100,,32452,5,,,1,100,,32453,5,,,1,100,,32454,5,,,1,100,,32455,5,,,1,100,,32456,5,,,1,100,,32461,5,,,1,100,,32458,5,,,1,100,,32457,5,,,1,100,,32459,5,,,1
28001,'H:111:6:Sunday:2:26SEP:1234567',738,,32463,5,,,1,100,,32462,5,,,1,100,,32464,5,,,1,100,,32473,5,,,1,100,,32465,5,,,1,100,,32466,5,,,1,100,,32467,5,,,1,100,,32468,5,,,1,100,,32469,5,,,1,100,,32474,5,,,1,100,,32471,5,,,1,100,,32470,5,,,1,100,,32472,5,,,1
28001,'H:121:0:Weekday:1:26SEP:12345',603,,32475,5,,,1,100,,32476,5,,,1,30,,32477,5,0,8 7,1,100,,32491,5,0,8 7,1,170,,32478,5,,,1,200,,32479,5,,,1,201,,32480,5,,,1,25,,32481,5,0,8 7,1,75,,32482,5,,,1,101,,32483,5,,,1,25,,32484,5,0,8 7,1,75,,32485,5,,,1,25,,32486,5,0,8 7,1,74,,32487,5,,,1,25,,32488,5,0,8 7,1,74,,32489,5,,,1,100,,32490,5,,,1
28001,'H:121:0:Weekday:2:26SEP:12345',603,,32492,5,,,1,100,,32493,5,,,1,30,,32494,5,0,8 7,1,100,,32508,5,0,8 7,1,170,,32495,5,,,1,200,,32496,5,,,1,201,,32497,5,,,1,25,,32498,5,0,8 7,1,75,,32499,5,,,1,101,,32500,5,,,1,25,,32501,5,0,8 7,1,75,,32502,5,,,1,25,,32503,5,0,8 7,1,74,,32504,5,,,1,25,,32505,5,0,8 7,1,74,,32506,5,,,1,100,,32507,5,,,1
28001,'H:171:5:Saturday:1:26SEP:6',738,,32517,5,,,1,100,,32509,5,,,1,100,,32520,5,,,1,100,,32515,5,,,1,100,,32518,5,,,1,100,,32516,5,,,1,101,,32514,5,,,1,100,,32511,5,,,1,100,,32513,5,,,1,100,,32510,5,,,1,100,,32512,5,,,1,100,,32519,5,,,1,99,,32521,5,,,1
28001,'H:171:5:Saturday:2:26SEP:6',738,,32530,5,,,1,100,,32522,5,,,1,100,,32533,5,,,1,100,,32528,5,,,1,100,,32531,5,,,1,100,,32529,5,,,1,101,,32527,5,,,1,100,,32524,5,,,1,100,,32526,5,,,1,100,,32523,5,,,1,100,,32525,5,,,1,100,,32532,5,,,1,99,,32534,5,,,1
28001,'KP:321:0:Weekday:1:26SEP:12345',803,,32538,5,,,1,100,,32535,5,,,1,200,,32539,5,,,1,201,,32536,5,,,1,226,,32537,5,0,8 7,1
28001,'KP:321:0:Weekday:2:26SEP:12345',803,,32543,5,,,1,100,,32540,5,,,1,200,,32544,5,,,1,201,,32541,5,,,1,226,,32542,5,0,8 7,1
90301,'H:121:0:Weekday:1:26SEP:12345',1643,,35267,5,,,1,70,,35268,5,,,1
90301,'H:121:0:Weekday:2:26SEP:12345',1643,,35269,5,,,1,70,,35270,5,,,1
90301,'KP:321:0:Weekday:1:26SEP:12345',1548,,35276,5,,,1,71,,35273,5,,,1,122,,35271,5,,,1,69,,35277,5,,,1,32,,35275,5,,,1,73,,35274,5,,,1,34,,35272,5,,,1
90301,'KP:321:0:Weekday:2:26SEP:12345',1548,,35283,5,,,1,71,,35280,5,,,1,122,,35278,5,,,1,69,,35284,5,,,1,32,,35282,5,,,1,73,,35281,5,,,1,34,,35279,5,,,1
