11901,'H:111:6:Sunday:1:26SEP:1234567',806,,29646,3,,,1,101,,29643,3,,,1,100,,29644,3,,,1,100,,29647,3,,,1,100,,29645,3,,,1,100,,29648,3,,,1,100,,29649,3,,,1,100,,29650,3,,,1,100,,29651,3,,,1,100,,29652,3,,,1,100,,29653,3,,,1,100,,29654,3,,,1,100,,29655,3,,,1
11901,'H:111:6:Sunday:2:26SEP:1234567',806,,29659,3,,,1,101,,29656,3,,,1,100,,29657,3,,,1,100,,29660,3,,,1,100,,29658,3,,,1,100,,29661,3,,,1,100,,29662,3,,,1,100,,29663,3,,,1,100,,29664,3,,,1,100,,29665,3,,,1,100,,29666,3,,,1,100,,29667,3,,,1,100,,29668,3,,,1
11901,'H:121:0:Weekday:1:26SEP:12345',547,,29697,3,,,1,70,,29685,3,,,1,30,,29669,3,,,1,75,,29686,3,,,1,30,,29672,3,,,1,70,,29687,3,,,1,30,,29670,3,,,1,70,,29691,3,,,1,30,,29671,3,,,1,70,,29692,3,,,1,30,,29674,3,,,1,70,,29693,3,,,1,30,,29673,3,,,1,70,,29694,3,,,1,30,,29675,3,,,1,70,,29695,3,,,1,35,,29678,3,,,1,65,,29696,3,,,1,30,,29679,3,,,1,70,,29688,3,,,1,30,,29677,3,,,1,70,,29689,3,,,1,30,,29681,3,,,1,70,,29690,3,,,1,30,,29680,3,,,1,100,,29676,3,,,1,100,,29684,3,,,1,100,,29682,3,,,1,100,,29683,3,,,1
11901,'H:121:0:Weekday:2:26SEP:12345',547,,29726,3,,,1,70,,29714,3,,,1,30,,29698,3,,,1,75,,29715,3,,,1,30,,29701,3,,,1,70,,29716,3,,,1,30,,29699,3,,,1,70,,29720,3,,,1,30,,29700,3,,,1,70,,29721,3,,,1,30,,29703,3,,,1,70,,29722,3,,,1,30,,29702,3,,,1,70,,29723,3,,,1,30,,29704,3,,,1,70,,29724,3,,,1,35,,29707,3,,,1,65,,29725,3,,,1,30,,29708,3,,,1,70,,29717,3,,,1,30,,29706,3,,,1,70,,29718,3,,,1,30,,29710,3,,,1,70,,29719,3,,,1,30,,29709,3,,,1,100,,29705,3,,,1,100,,29713,3,,,1,100,,29711,3,,,1,100,,29712,3,,,1
11901,'H:171:5:Saturday:1:26SEP:6',606,,29730,3,,,1,100,,29731,3,,,1,100,,29727,3,,,1,101,,29729,3,,,1,100,,29732,3,,,1,100,,29734,3,,,1,100,,29728,3,,,1,100,,29737,3,,,1,100,,29733,3,,,1,100,,29738,3,,,1,100,,29735,3,,,1,100,,29741,3,,,1,100,,29742,3,,,1,100,,29736,3,,,1,100,,29739,3,,,1,100,,29740,3,,,1
11901,'H:171:5:Saturday:2:26SEP:6',606,,29746,3,,,1,100,,29747,3,,,1,100,,29743,3,,,1,101,,29745,3,,,1,100,,29748,3,,,1,100,,29750,3,,,1,100,,29744,3,,,1,100,,29753,3,,,1,100,,29749,3,,,1,100,,29754,3,,,1,100,,29751,3,,,1,100,,29757,3,,,1,100,,29758,3,,,1,100,,29752,3,,,1,100,,29755,3,,,1,100,,29756,3,,,1
13001,'H:111:6:Sunday:1:26SEP:1234567',709,,30377,37,,,1,100,,30363,37,,,1,99,,30364,37,,,1,100,,30365,37,,,1,99,,30366,37,,,1,105,,30367,37,,,1,99,,30368,37,,,1,100,,30369,37,,,1,99,,30370,37,,,1,100,,30371,37,,,1,101,,30372,37,,,1,100,,30374,37,,,1,96,,30373,37,,,1,96,,30375,37,,,1,100,,30376,37,,,1
13001,'H:111:6:Sunday:2:26SEP:1234567',709,,30392,37,,,1,100,,30378,37,,,1,99,,30379,37,,,1,100,,30380,37,,,1,99,,30381,37,,,1,105,,30382,37,,,1,99,,30383,37,,,1,100,,30384,37,,,1,99,,30385,37,,,1,100,,30386,37,,,1,101,,30387,37,,,1,100,,30389,37,,,1,96,,30388,37,,,1,96,,30390,37,,,1,100,,30391,37,,,1
13001,'H:121:0:Weekday:1:26SEP:12345',453,,30415,37,,,1,69,,30417,37,,,1,29,,30400,37,,,1,70,,30418,37,,,1,30,,30401,37,,,1,69,,30394,37,,,1,30,,30402,37,,,1,70,,30396,37,,,1,30,,30403,37,,,1,70,,30419,37,,,1,31,,30393,37,,,1,70,,30420,37,,,1,30,,30411,37,,,1,69,,30421,37,,,1,30,,30409,37,,,1,70,,30422,37,,,1,30,,30407,37,,,1,70,,30423,37,,,1,29,,30408,37,,,1,70,,30424,37,,,1,29,,30410,37,,,1,69,,30405,37,,,1,30,,30414,37,,,1,70,,30406,37,,,1,31,,30413,37,,,1,70,,30395,37,,,1,30,,30404,37,,,1,70,,30397,37,,,1,32,,30412,37,,,1,101,,30398,37,,,1,105,,30399,37,,,1,96,,30416,37,,,1
13001,'H:121:0:Weekday:2:26SEP:12345',453,,30447,37,,,1,69,,30449,37,,,1,29,,30432,37,,,1,70,,30450,37,,,1,30,,30433,37,,,1,69,,30426,37,,,1,30,,30434,37,,,1,70,,30428,37,,,1,30,,30435,37,,,1,70,,30451,37,,,1,31,,30425,37,,,1,70,,30452,37,,,1,30,,30443,37,,,1,69,,30453,37,,,1,30,,30441,37,,,1,70,,30454,37,,,1,30,,30439,37,,,1,70,,30455,37,,,1,29,,30440,37,,,1,70,,30456,37,,,1,29,,30442,37,,,1,69,,30437,37,,,1,30,,30446,37,,,1,70,,30438,37,,,1,31,,30445,37,,,1,70,,30427,37,,,1,30,,30436,37,,,1,70,,30429,37,,,1,32,,30444,37,,,1,101,,30430,37,,,1,105,,30431,37,,,1,96,,30448,37,,,1
13001,'H:171:5:Saturday:1:26SEP:6',609,,30473,37,,,1,100,,30457,37,,,1,100,,30458,37,,,1,98,,30459,37,,,1,100,,30460,37,,,1,98,,30461,37,,,1,105,,30462,37,,,1,100,,30463,37,,,1,100,,30464,37,,,1,101,,30465,37,,,1,100,,30466,37,,,1,100,,30467,37,,,1,100,,30468,37,,,1,96,,30469,37,,,1,95,,30470,37,,,1,100,,30471,37,,,1,101,,30472,37,,,1
13001,'H:171:5:Saturday:2:26SEP:6',609,,30490,37,,,1,100,,30474,37,,,1,100,,30475,37,,,1,98,,30476,37,,,1,100,,30477,37,,,1,98,,30478,37,,,1,105,,30479,37,,,1,100,,30480,37,,,1,100,,30481,37,,,1,101,,30482,37,,,1,100,,30483,37,,,1,100,,30484,37,,,1,100,,30485,37,,,1,96,,30486,37,,,1,95,,30487,37,,,1,100,,30488,37,,,1,101,,30489,37,,,1
