10901,'H:111:6:Sunday:1:26SEP:1234567',821,,28503,29,,,1,102,,28515,29,,,1,102,,28507,29,,,1,100,,28512,29,,,1,101,,28504,29,,,1,100,,28505,29,,,1,100,,28513,29,,,1,100,,28508,29,,,1,100,,28511,29,,,1,100,,28506,29,,,1,98,,28509,29,,,1,100,,28514,29,,,1,100,,28510,29,,,1,99,,28516,29,,,1
10901,'H:121:0:Weekday:1:26SEP:12345',520,,28532,29,,,1,103,,28542,29,,,1,105,,28543,29,,,1,99,,28546,29,,,1,100,,28548,29,,,1,99,,28538,29,,,1,100,,28541,29,,,1,91,,28537,29,,,1,103,,28536,29,,,1,97,,28547,29,,,1,99,,28540,29,,,1,103,,28535,29,,,1,102,,28545,29,,,1,100,,28539,29,,,1,98,,28544,29,,,1,106,,28533,29,,,1,109,,28534,29,,,1,98,,28531,29,,,1
10901,'H:171:5:Saturday:1:26SEP:6',723,,28567,29,,,1,102,,28580,29,,,1,100,,28573,29,,,1,101,,28578,29,,,1,100,,28569,29,,,1,101,,28568,29,,,1,102,,28581,29,,,1,100,,28572,29,,,1,100,,28576,29,,,1,100,,28570,29,,,1,100,,28571,29,,,1,99,,28579,29,,,1,98,,28574,29,,,1,99,,28577,29,,,1,99,,28575,29,,,1
27000,'H:121:0:Weekday:1:26SEP:12345',514,,32145,30,,,1,113,,32146,30,,,1,101,,32148,30,,,1,1497,,32147,30,,,1
27000,'KP:321:0:Weekday:1:26SEP:12345',1823,,32153,15,,,1
27100,'H:111:6:Sunday:1:26SEP:1234567',748,,32161,44,,,1,100,,32162,44,,,1,102,,32172,44,,,1,101,,32163,44,,,1,100,,32164,44,,,1,103,,32165,44,,,1,101,,32166,44,,,1,101,,32167,44,,,1,100,,32174,44,,,1,100,,32168,44,,,1,97,,32169,44,,,1,100,,32170,44,,,1,98,,32171,44,,,1,98,,32173,44,,,1
27100,'H:121:0:Weekday:1:26SEP:12345',701,,32198,30,,,1,102,,32189,30,,,1,105,,32190,44,,,1,101,,32191,44,,,1,101,,32199,44,,,1,199,,32192,44,,,1,204,,32193,44,,,1,200,,32194,44,,,1,193,,32195,44,,,1,197,,32196,44,,,1,100,,32197,44,,,1
27100,'H:171:5:Saturday:1:26SEP:6',750,,32220,44,,,1,100,,32212,44,,,1,104,,32221,44,,,1,101,,32213,44,,,1,101,,32219,44,,,1,100,,32211,44,,,1,100,,32218,44,,,1,100,,32214,44,,,1,100,,32222,44,,,1,99,,32215,44,,,1,99,,32217,44,,,1,98,,32216,44,,,1,99,,32223,44,,,1,100,,32224,44,,,1,100,,32225,44,,,1
27100,'KP:321:0:Weekday:1:26SEP:12345',553,,32246,30,,,1,285,,32241,44,,,1,371,,32242,44,,,1,201,,32243,44,,,1,206,,32245,44,,,1,195,,32244,44,,,1,192,,32247,44,,,1
90801,'H:121:0:Weekday:1:26SEP:12345',1853,,35427,27,,,1
90801,'KP:321:0:Weekday:1:26SEP:12345',1650,,35429,27,,,1,88,,35431,27,,,1,86,,35432,27,,,1,106,,35430,27,,,1
