20101,'H:113:6:Sunday:3:26MAR:1234567',748,,23762,25,,,1,100,,23748,25,,,1,101,,23750,25,,,1,90,,23751,25,,,1,81,,23753,25,,,1,80,,23754,25,,,1,40,,23752,25,,,1,80,,23749,25,,,1,80,,23756,25,,,1,40,,23757,25,,,1,80,,23758,25,,,1,80,,23759,25,,,1,40,,23755,25,,,1,80,,23763,25,,,1,80,,23764,25,,,1,40,,23765,25,,,1,80,,23766,25,,,1,80,,23767,25,,,1,49,,23760,25,,,1,99,,23761,25,,,1
20101,'H:123:0:Weekday:3:26MAR:12345',614,,23771,25,,,1,41,,23772,25,,,1,80,,23776,25,,,1,573,,23777,25,,,1,232,,23784,25,,,1,170,,23778,25,,,1,29,,23779,25,,,1,68,,23780,25,,,1,30,,23774,25,,,1,69,,23775,25,,,1,30,,23773,25,,,1,70,,23768,25,,,1,30,,23770,25,,,1,69,,23769,25,,,1,30,,23782,25,,,1,70,,23783,25,,,1,29,,23781,25,,,1
20101,'H:123:0:Weekday:4:26MAR:12345',614,,23788,25,,,1,41,,23789,25,,,1,80,,23793,25,,,1,573,,23794,25,,,1,232,,23801,25,,,1,170,,23795,25,,,1,29,,23796,25,,,1,68,,23797,25,,,1,30,,23791,25,,,1,69,,23792,25,,,1,30,,23790,25,,,1,70,,23785,25,,,1,30,,23787,25,,,1,69,,23786,25,,,1,30,,23799,25,,,1,70,,23800,25,,,1,29,,23798,25,,,1
20101,'H:173:5:Saturday:3:26MAR:6',750,,23808,25,,,1,101,,23802,25,,,1,100,,23803,25,,,1,91,,23814,25,,,1,80,,23807,25,,,1,80,,23804,25,,,1,41,,23805,25,,,1,81,,23816,25,,,1,80,,23810,25,,,1,40,,23806,25,,,1,79,,23809,25,,,1,80,,23815,25,,,1,40,,23812,25,,,1,80,,23818,25,,,1,80,,23819,25,,,1,38,,23820,25,,,1,80,,23821,25,,,1,80,,23822,25,,,1,50,,23813,25,,,1,99,,23811,25,,,1,100,,23817,25,,,1
20101,'KP:323:0:Weekday:3:26MAR:12345',805,,23837,25,,,1,30,,23838,25,,,1,70,,23833,25,,,1,30,,23823,25,,,1,70,,23835,25,,,1,31,,23830,25,,,1,70,,23827,25,,,1,30,,23836,25,,,1,71,,23832,25,,,1,31,,23824,25,,,1,101,,23831,25,,,1,70,,23826,25,,,1,30,,23829,25,,,1,71,,23834,25,,,1,100,,23825,25,,,1,30,,23828,25,,,1
20101,'KP:323:0:Weekday:4:26MAR:12345',805,,23853,25,,,1,30,,23854,25,,,1,70,,23849,25,,,1,30,,23839,25,,,1,70,,23851,25,,,1,31,,23846,25,,,1,70,,23843,25,,,1,30,,23852,25,,,1,71,,23848,25,,,1,31,,23840,25,,,1,101,,23847,25,,,1,70,,23842,25,,,1,30,,23845,25,,,1,71,,23850,25,,,1,100,,23841,25,,,1,30,,23844,25,,,1
20201,'H:113:6:Sunday:3:26MAR:1234567',658,,23987,25,,,1,160,,23968,25,,,1,100,,23969,25,,,1,101,,23971,25,,,1,40,,23972,25,,,1,81,,23970,25,,,1,80,,23974,25,,,1,80,,23973,25,,,1,40,,23975,25,,,1,80,,23976,25,,,1,80,,23977,25,,,1,40,,23979,25,,,1,80,,23978,25,,,1,80,,23980,25,,,1,40,,23982,25,,,1,80,,23983,25,,,1,80,,23984,25,,,1,40,,23985,25,,,1,80,,23986,25,,,1,98,,23981,25,,,1
20201,'H:123:0:Weekday:3:26MAR:12345',513,,23988,25,,,1,40,,23989,25,,,1,162,,24004,25,,,1,639,,23994,25,,,1,101,,24003,25,,,1,70,,23996,25,,,1,100,,23997,25,,,1,30,,23995,25,,,1,70,,23998,25,,,1,28,,23999,25,,,1,69,,24000,25,,,1,30,,24001,25,,,1,69,,24002,25,,,1,30,,23993,25,,,1,70,,23991,25,,,1,29,,23990,25,,,1,70,,24005,25,,,1,30,,24006,25,,,1,70,,24007,25,,,1,90,,23992,25,,,1
20201,'H:123:0:Weekday:4:26MAR:12345',513,,24008,25,,,1,40,,24009,25,,,1,162,,24024,25,,,1,639,,24014,25,,,1,101,,24023,25,,,1,70,,24016,25,,,1,100,,24017,25,,,1,30,,24015,25,,,1,70,,24018,25,,,1,28,,24019,25,,,1,69,,24020,25,,,1,30,,24021,25,,,1,69,,24022,25,,,1,30,,24013,25,,,1,70,,24011,25,,,1,29,,24010,25,,,1,70,,24025,25,,,1,30,,24026,25,,,1,70,,24027,25,,,1,90,,24012,25,,,1
20201,'H:173:5:Saturday:3:26MAR:6',630,,24049,25,,,1,70,,24042,25,,,1,120,,24033,25,,,1,101,,24035,25,,,1,100,,24041,25,,,1,81,,24030,25,,,1,40,,24029,25,,,1,81,,24038,25,,,1,81,,24039,25,,,1,40,,24031,25,,,1,80,,24028,25,,,1,80,,24032,25,,,1,39,,24034,25,,,1,80,,24036,25,,,1,80,,24037,25,,,1,40,,24044,25,,,1,79,,24045,25,,,1,79,,24046,25,,,1,40,,24047,25,,,1,80,,24048,25,,,1,99,,24040,25,,,1,100,,24043,25,,,1
20201,'KP:323:0:Weekday:3:26MAR:12345',634,,24061,25,,,1,116,,24062,25,,,1,70,,24059,25,,,1,30,,24064,25,,,1,70,,24052,25,,,1,30,,24055,25,,,1,71,,24057,25,,,1,30,,24060,25,,,1,70,,24063,25,,,1,31,,24058,25,,,1,71,,24050,25,,,1,30,,24053,25,,,1,70,,24056,25,,,1,101,,24054,25,,,1,131,,24051,25,,,1
20201,'KP:323:0:Weekday:4:26MAR:12345',634,,24076,25,,,1,116,,24077,25,,,1,70,,24074,25,,,1,30,,24079,25,,,1,70,,24067,25,,,1,30,,24070,25,,,1,71,,24072,25,,,1,30,,24075,25,,,1,70,,24078,25,,,1,31,,24073,25,,,1,71,,24065,25,,,1,30,,24068,25,,,1,70,,24071,25,,,1,101,,24069,25,,,1,131,,24066,25,,,1
