10900,'H:111:6:Sunday:1:26SEP:1234567',808,,28416,16,,,1,101,,28420,16,,,1,100,,28411,16,,,1,100,,28412,16,,,1,100,,28423,16,,,1,101,,28414,16,,,1,100,,28419,16,,,1,100,,28413,16,,,1,99,,28415,16,,,1,100,,28422,16,,,1,100,,28418,16,,,1,100,,28421,16,,,1,100,,28417,16,,,1,99,,28424,16,,,1
10900,'H:111:6:Sunday:2:26SEP:1234567',808,,28430,16,,,1,101,,28434,16,,,1,100,,28425,16,,,1,100,,28426,16,,,1,100,,28437,16,,,1,101,,28428,16,,,1,100,,28433,16,,,1,100,,28427,16,,,1,99,,28429,16,,,1,100,,28436,16,,,1,100,,28432,16,,,1,100,,28435,16,,,1,100,,28431,16,,,1,99,,28438,16,,,1
10900,'H:121:0:Weekday:1:26SEP:12345',505,,28452,16,,,1,102,,28446,16,,,1,102,,28442,16,,,1,100,,28448,16,,,1,105,,28455,16,,,1,100,,28440,16,,,1,100,,28454,16,,,1,100,,28453,16,,,1,100,,28445,16,,,1,100,,28451,16,,,1,101,,28443,16,,,1,100,,28447,16,,,1,100,,28450,16,,,1,99,,28444,16,,,1,99,,28441,16,,,1,99,,28439,16,,,1,100,,28449,16,,,1
10900,'H:121:0:Weekday:2:26SEP:12345',505,,28469,16,,,1,102,,28463,16,,,1,102,,28459,16,,,1,100,,28465,16,,,1,105,,28472,16,,,1,100,,28457,16,,,1,100,,28471,16,,,1,100,,28470,16,,,1,100,,28462,16,,,1,100,,28468,16,,,1,101,,28460,16,,,1,100,,28464,16,,,1,100,,28467,16,,,1,99,,28461,16,,,1,99,,28458,16,,,1,99,,28456,16,,,1,100,,28466,16,,,1
10900,'H:171:5:Saturday:1:26SEP:6',709,,28477,16,,,1,100,,28480,16,,,1,101,,28476,16,,,1,101,,28473,16,,,1,100,,28485,16,,,1,101,,28478,16,,,1,100,,28483,16,,,1,100,,28474,16,,,1,99,,28475,16,,,1,100,,28487,16,,,1,99,,28479,16,,,1,100,,28484,16,,,1,100,,28481,16,,,1,99,,28482,16,,,1,100,,28486,16,,,1
10900,'H:171:5:Saturday:2:26SEP:6',709,,28492,16,,,1,100,,28495,16,,,1,101,,28491,16,,,1,101,,28488,16,,,1,100,,28500,16,,,1,101,,28493,16,,,1,100,,28498,16,,,1,100,,28489,16,,,1,99,,28490,16,,,1,100,,28502,16,,,1,99,,28494,16,,,1,100,,28499,16,,,1,100,,28496,16,,,1,99,,28497,16,,,1,100,,28501,16,,,1
27001,'H:121:0:Weekday:1:26SEP:12345',538,,32157,11,,,1,21,,32156,11,0,5,1,100,,32155,11,0,5,1
27001,'H:121:0:Weekday:2:26SEP:12345',538,,32160,11,,,1,21,,32159,11,0,5,1,100,,32158,11,0,5,1
27101,'H:111:6:Sunday:1:26SEP:1234567',719,,32268,11,,,1,110,,32258,11,,,1,100,,32255,11,,,1,100,,32256,11,,,1,100,,32257,11,,,1,100,,32259,11,,,1,100,,32266,11,,,1,100,,32260,11,,,1,100,,32261,11,,,1,100,,32263,11,,,1,100,,32262,11,,,1,100,,32264,11,,,1,100,,32267,11,,,1,100,,32265,11,,,1
27101,'H:111:6:Sunday:2:26SEP:1234567',719,,32282,11,,,1,110,,32272,11,,,1,100,,32269,11,,,1,100,,32270,11,,,1,100,,32271,11,,,1,100,,32273,11,,,1,100,,32280,11,,,1,100,,32274,11,,,1,100,,32275,11,,,1,100,,32277,11,,,1,100,,32276,11,,,1,100,,32278,11,,,1,100,,32281,11,,,1,100,,32279,11,,,1
27101,'H:121:0:Weekday:1:26SEP:12345',629,,32283,11,,,1,100,,32284,11,,,1,100,,32293,11,,,1,200,,32285,11,,,1,201,,32286,11,,,1,200,,32287,11,,,1,200,,32288,11,,,1,200,,32289,11,,,1,100,,32290,11,,,1,99,,32291,11,,,1,100,,32292,11,,,1
27101,'H:121:0:Weekday:2:26SEP:12345',629,,32294,11,,,1,100,,32295,11,,,1,100,,32304,11,,,1,200,,32296,11,,,1,201,,32297,11,,,1,200,,32298,11,,,1,200,,32299,11,,,1,200,,32300,11,,,1,100,,32301,11,,,1,99,,32302,11,,,1,100,,32303,11,,,1
27101,'H:171:5:Saturday:1:26SEP:6',719,,32305,11,,,1,110,,32311,11,,,1,100,,32308,11,,,1,101,,32312,11,,,1,100,,32309,11,,,1,100,,32314,11,,,1,100,,32310,11,,,1,100,,32315,11,,,1,100,,32307,11,,,1,100,,32313,11,,,1,100,,32306,11,,,1,99,,32316,11,,,1,100,,32317,11,,,1,100,,32318,11,,,1,100,,32319,11,,,1
27101,'H:171:5:Saturday:2:26SEP:6',719,,32320,11,,,1,110,,32326,11,,,1,100,,32323,11,,,1,101,,32327,11,,,1,100,,32324,11,,,1,100,,32329,11,,,1,100,,32325,11,,,1,100,,32330,11,,,1,100,,32322,11,,,1,100,,32328,11,,,1,100,,32321,11,,,1,99,,32331,11,,,1,100,,32332,11,,,1,100,,32333,11,,,1,100,,32334,11,,,1
27101,'KP:321:0:Weekday:1:26SEP:12345',929,,32335,11,,,1,200,,32336,11,,,1,201,,32339,11,,,1,200,,32337,11,,,1,171,,32338,11,0,5,1,29,,32340,11,,,1
27101,'KP:321:0:Weekday:2:26SEP:12345',929,,32341,11,,,1,200,,32342,11,,,1,201,,32345,11,,,1,200,,32343,11,,,1,171,,32344,11,0,5,1,29,,32346,11,,,1
90800,'H:121:0:Weekday:1:26SEP:12345',432,,35418,5,,,1,125,,35417,5,,,1
90800,'H:121:0:Weekday:2:26SEP:12345',432,,35420,5,,,1,125,,35419,5,,,1
90800,'KP:321:0:Weekday:1:26SEP:12345',502,,35423,5,,,1,130,,35422,5,,,1,110,,35421,5,,,1
90800,'KP:321:0:Weekday:2:26SEP:12345',502,,35426,5,,,1,130,,35425,5,,,1,110,,35424,5,,,1
