10900,'H:111:6:Sunday:1:26SEP:1234567',829,,28416,30,,,1,102,,28420,30,,,1,100,,28411,30,,,1,101,,28412,30,,,1,101,,28423,30,,,1,101,,28414,30,,,1,100,,28419,30,,,1,100,,28413,30,,,1,99,,28415,30,,,1,99,,28422,30,,,1,99,,28418,30,,,1,99,,28421,30,,,1,100,,28417,30,,,1,98,,28424,30,,,1
10900,'H:111:6:Sunday:2:26SEP:1234567',829,,28430,30,,,1,102,,28434,30,,,1,100,,28425,30,,,1,101,,28426,30,,,1,101,,28437,30,,,1,101,,28428,30,,,1,100,,28433,30,,,1,100,,28427,30,,,1,99,,28429,30,,,1,99,,28436,30,,,1,99,,28432,30,,,1,99,,28435,30,,,1,100,,28431,30,,,1,98,,28438,30,,,1
10900,'H:121:0:Weekday:1:26SEP:12345',525,,28452,30,,,1,105,,28446,30,,,1,106,,28442,30,,,1,97,,28448,30,,,1,104,,28455,30,,,1,100,,28440,30,,,1,100,,28454,30,,,1,101,,28453,30,,,1,100,,28445,30,,,1,102,,28451,30,,,1,101,,28443,30,,,1,100,,28447,30,,,1,99,,28450,30,,,1,98,,28444,30,,,1,98,,28441,30,,,1,99,,28439,30,,,1,100,,28449,30,,,1
10900,'H:121:0:Weekday:2:26SEP:12345',525,,28469,30,,,1,105,,28463,30,,,1,106,,28459,30,,,1,97,,28465,30,,,1,104,,28472,30,,,1,100,,28457,30,,,1,100,,28471,30,,,1,101,,28470,30,,,1,100,,28462,30,,,1,102,,28468,30,,,1,101,,28460,30,,,1,100,,28464,30,,,1,99,,28467,30,,,1,98,,28461,30,,,1,98,,28458,30,,,1,99,,28456,30,,,1,100,,28466,30,,,1
10900,'H:171:5:Saturday:1:26SEP:6',730,,28477,30,,,1,101,,28480,30,,,1,101,,28476,30,,,1,102,,28473,30,,,1,101,,28485,30,,,1,101,,28478,30,,,1,101,,28483,30,,,1,100,,28474,30,,,1,97,,28475,30,,,1,100,,28487,30,,,1,99,,28479,30,,,1,99,,28484,30,,,1,99,,28481,30,,,1,99,,28482,30,,,1,100,,28486,30,,,1
10900,'H:171:5:Saturday:2:26SEP:6',730,,28492,30,,,1,101,,28495,30,,,1,101,,28491,30,,,1,102,,28488,30,,,1,101,,28500,30,,,1,101,,28493,30,,,1,101,,28498,30,,,1,100,,28489,30,,,1,97,,28490,30,,,1,100,,28502,30,,,1,99,,28494,30,,,1,99,,28499,30,,,1,99,,28496,30,,,1,99,,28497,30,,,1,100,,28501,30,,,1
90100,'H:121:0:Weekday:1:26SEP:12345',451,,35213,17,,,1
90100,'H:121:0:Weekday:2:26SEP:12345',451,,35214,17,,,1
90100,'KP:321:0:Weekday:1:26SEP:12345',521,,35218,17,,,1,30,,35217,17,,,1,65,,35221,17,,,1,29,,35219,17,,,1,66,,35216,17,,,1,31,,35222,17,,,1,72,,35220,17,,,1,33,,35215,17,,,1
90100,'KP:321:0:Weekday:2:26SEP:12345',521,,35226,17,,,1,30,,35225,17,,,1,65,,35229,17,,,1,29,,35227,17,,,1,66,,35224,17,,,1,31,,35230,17,,,1,72,,35228,17,,,1,33,,35223,17,,,1
