10900,'H:111:6:Sunday:1:26SEP:1234567',755,,28416,1,,,1,100,,28420,1,,,1,100,,28411,1,,,1,100,,28412,1,,,1,100,,28423,1,,,1,100,,28414,1,,,1,100,,28419,1,,,1,100,,28413,1,,,1,100,,28415,1,,,1,100,,28422,1,,,1,100,,28418,1,,,1,100,,28421,1,,,1,100,,28417,1,,,1,100,,28424,1,,,1
10900,'H:121:0:Weekday:1:26SEP:12345',451,,28452,1,,,1,100,,28446,1,,,1,100,,28442,1,,,1,100,,28448,1,,,1,107,,28455,1,,,1,100,,28440,1,,,1,100,,28454,1,,,1,100,,28453,1,,,1,100,,28445,1,,,1,100,,28451,1,,,1,100,,28443,1,,,1,100,,28447,1,,,1,100,,28450,1,,,1,100,,28444,1,,,1,100,,28441,1,,,1,100,,28439,1,,,1,100,,28449,1,,,1
10900,'H:171:5:Saturday:1:26SEP:6',655,,28477,1,,,1,100,,28480,1,,,1,100,,28476,1,,,1,100,,28473,1,,,1,100,,28485,1,,,1,100,,28478,1,,,1,100,,28483,1,,,1,100,,28474,1,,,1,100,,28475,1,,,1,100,,28487,1,,,1,100,,28479,1,,,1,100,,28484,1,,,1,100,,28481,1,,,1,100,,28482,1,,,1,100,,28486,1,,,1
28000,'H:111:6:Sunday:1:26SEP:1234567',824,,32347,35,,,1,101,,32348,35,,,1,100,,32349,35,,,1,100,,32350,35,,,1,101,,32358,35,,,1,100,,32352,35,,,1,100,,32351,35,,,1,100,,32353,35,,,1,100,,32354,35,,,1,100,,32355,35,,,1,100,,32359,35,,,1,99,,32357,35,,,1,100,,32356,35,,,1
28000,'H:121:0:Weekday:1:26SEP:12345',514,,32388,35,,,1,116,,32390,35,,,1,107,,32373,35,,,1,70,,32389,12,,,1,28,,32374,35,,,1,72,,32375,12,,,1,229,,32376,35,,,1,200,,32377,35,,,1,78,,32378,12,,,1,101,,32379,12,,,1,23,,32380,35,,,1,100,,32381,35,,,1,76,,32382,12,,,1,22,,32383,35,,,1,100,,32384,35,,,1,99,,32385,35,,,1,99,,32386,35,,,1,100,,32387,35,,,1
28000,'H:171:5:Saturday:1:26SEP:6',724,,32421,35,,,1,100,,32409,35,,,1,100,,32417,35,,,1,102,,32410,35,,,1,101,,32419,35,,,1,100,,32420,35,,,1,101,,32411,35,,,1,99,,32412,35,,,1,100,,32414,35,,,1,100,,32413,35,,,1,99,,32415,35,,,1,99,,32416,35,,,1,99,,32418,35,,,1,100,,32422,35,,,1
28000,'KP:321:0:Weekday:1:26SEP:12345',704,,32442,12,,,1,231,,32440,35,,,1,101,,32437,35,,,1,200,,32441,35,,,1,202,,32438,35,,,1,176,,32439,12,,,1
28001,'H:111:6:Sunday:1:26SEP:1234567',743,,32450,12,,,1,100,,32449,12,,,1,100,,32451,12,,,1,101,,32460,12,,,1,100,,32452,12,,,1,100,,32453,12,,,1,100,,32454,12,,,1,100,,32455,12,,,1,100,,32456,12,,,1,100,,32461,12,,,1,100,,32458,12,,,1,100,,32457,12,,,1,100,,32459,12,,,1
28001,'H:121:0:Weekday:1:26SEP:12345',608,,32475,12,,,1,100,,32476,12,,,1,30,,32477,12,0,8 7,1,101,,32491,12,0,8 7,1,170,,32478,12,,,1,200,,32479,12,,,1,202,,32480,12,,,1,25,,32481,12,0,8 7,1,75,,32482,12,,,1,101,,32483,12,,,1,25,,32484,12,0,8 7,1,75,,32485,12,,,1,25,,32486,12,0,8 7,1,74,,32487,12,,,1,24,,32488,12,0,8 7,1,74,,32489,12,,,1,100,,32490,12,,,1
28001,'H:171:5:Saturday:1:26SEP:6',743,,32517,12,,,1,100,,32509,12,,,1,101,,32520,12,,,1,101,,32515,12,,,1,100,,32518,12,,,1,100,,32516,12,,,1,101,,32514,12,,,1,100,,32511,12,,,1,100,,32513,12,,,1,99,,32510,12,,,1,100,,32512,12,,,1,100,,32519,12,,,1,99,,32521,12,,,1
28001,'KP:321:0:Weekday:1:26SEP:12345',809,,32538,12,,,1,100,,32535,12,,,1,200,,32539,12,,,1,202,,32536,12,,,1,226,,32537,12,0,8 7,1
