27000,'H:121:0:Weekday:1:26SEP:12345',436,,32145,3,,,1,110,,32146,3,,,1,100,,32148,3,,,1,1500,,32147,3,,,1
27000,'H:121:0:Weekday:2:26SEP:12345',436,,32149,3,,,1,110,,32150,3,,,1,100,,32152,3,,,1,1500,,32151,3,,,1
27001,'H:121:0:Weekday:1:26SEP:12345',621,,32157,33,,,1
27001,'H:121:0:Weekday:2:26SEP:12345',621,,32160,33,,,1
27100,'H:111:6:Sunday:1:26SEP:1234567',656,,32161,3,,,1,100,,32162,3,,,1,100,,32172,3,,,1,100,,32163,3,,,1,100,,32164,3,,,1,100,,32165,3,,,1,100,,32166,3,,,1,100,,32167,3,,,1,100,,32174,3,,,1,100,,32168,3,,,1,100,,32169,3,,,1,100,,32170,3,,,1,100,,32171,3,,,1,100,,32173,3,,,1
27100,'H:111:6:Sunday:2:26SEP:1234567',656,,32175,3,,,1,100,,32176,3,,,1,100,,32186,3,,,1,100,,32177,3,,,1,100,,32178,3,,,1,100,,32179,3,,,1,100,,32180,3,,,1,100,,32181,3,,,1,100,,32188,3,,,1,100,,32182,3,,,1,100,,32183,3,,,1,100,,32184,3,,,1,100,,32185,3,,,1,100,,32187,3,,,1
27100,'H:121:0:Weekday:1:26SEP:12345',811,,32190,3,,,1,100,,32191,3,,,1,100,,32199,3,,,1,200,,32192,3,,,1,200,,32193,3,,,1,200,,32194,3,,,1,200,,32195,3,,,1,200,,32196,3,,,1,100,,32197,3,,,1
27100,'H:121:0:Weekday:2:26SEP:12345',811,,32201,3,,,1,100,,32202,3,,,1,100,,32210,3,,,1,200,,32203,3,,,1,200,,32204,3,,,1,200,,32205,3,,,1,200,,32206,3,,,1,200,,32207,3,,,1,100,,32208,3,,,1
27100,'H:171:5:Saturday:1:26SEP:6',656,,32220,3,,,1,100,,32212,3,,,1,100,,32221,3,,,1,100,,32213,3,,,1,100,,32219,3,,,1,100,,32211,3,,,1,100,,32218,3,,,1,100,,32214,3,,,1,100,,32222,3,,,1,100,,32215,3,,,1,100,,32217,3,,,1,100,,32216,3,,,1,100,,32223,3,,,1,100,,32224,3,,,1,100,,32225,3,,,1
27100,'H:171:5:Saturday:2:26SEP:6',656,,32235,3,,,1,100,,32227,3,,,1,100,,32236,3,,,1,100,,32228,3,,,1,100,,32234,3,,,1,100,,32226,3,,,1,100,,32233,3,,,1,100,,32229,3,,,1,100,,32237,3,,,1,100,,32230,3,,,1,100,,32232,3,,,1,100,,32231,3,,,1,100,,32238,3,,,1,100,,32239,3,,,1,100,,32240,3,,,1
27100,'KP:321:0:Weekday:1:26SEP:12345',741,,32241,3,,,1,370,,32242,3,,,1,200,,32243,3,,,1,200,,32245,3,,,1,200,,32244,3,,,1,200,,32247,3,,,1
27100,'KP:321:0:Weekday:2:26SEP:12345',741,,32248,3,,,1,370,,32249,3,,,1,200,,32250,3,,,1,200,,32252,3,,,1,200,,32251,3,,,1,200,,32254,3,,,1
27101,'H:111:6:Sunday:1:26SEP:1234567',812,,32268,46,,,1,112,,32258,46,,,1,104,,32255,46,,,1,102,,32256,46,,,1,101,,32257,46,,,1,100,,32259,46,,,1,100,,32266,46,,,1,101,,32260,46,,,1,100,,32261,46,,,1,100,,32263,46,,,1,98,,32262,46,,,1,98,,32264,46,,,1,99,,32267,46,,,1,100,,32265,46,,,1
27101,'H:111:6:Sunday:2:26SEP:1234567',812,,32282,46,,,1,112,,32272,47,,,1,104,,32269,47,,,1,102,,32270,47,,,1,101,,32271,47,,,1,100,,32273,47,,,1,100,,32280,47,,,1,101,,32274,47,,,1,100,,32275,47,,,1,100,,32277,47,,,1,98,,32276,47,,,1,98,,32278,47,,,1,99,,32281,47,,,1,100,,32279,47,,,1
27101,'H:121:0:Weekday:1:26SEP:12345',731,,32283,46,,,1,101,,32284,46,,,1,100,,32293,46,,,1,199,,32285,46,,,1,209,,32286,46,,,1,206,,32287,46,,,1,202,,32288,46,,,1,188,,32289,46,,,1,95,,32290,46,,,1,97,,32291,46,,,1,100,,32292,46,,,1
27101,'H:121:0:Weekday:2:26SEP:12345',731,,32294,46,,,1,101,,32295,46,,,1,100,,32304,47,,,1,199,,32296,47,,,1,209,,32297,47,,,1,206,,32298,47,,,1,202,,32299,47,,,1,188,,32300,47,,,1,95,,32301,47,,,1,97,,32302,47,,,1,100,,32303,47,,,1
27101,'H:171:5:Saturday:1:26SEP:6',815,,32305,46,,,1,113,,32311,46,,,1,104,,32308,46,,,1,104,,32312,46,,,1,103,,32309,46,,,1,100,,32314,46,,,1,98,,32310,46,,,1,100,,32315,46,,,1,98,,32307,46,,,1,100,,32313,46,,,1,100,,32306,46,,,1,97,,32316,46,,,1,99,,32317,46,,,1,97,,32318,46,,,1,100,,32319,46,,,1
27101,'H:171:5:Saturday:2:26SEP:6',815,,32320,46,,,1,113,,32326,47,,,1,104,,32323,47,,,1,104,,32327,47,,,1,103,,32324,47,,,1,100,,32329,47,,,1,98,,32325,47,,,1,100,,32330,47,,,1,98,,32322,47,,,1,100,,32328,47,,,1,100,,32321,47,,,1,97,,32331,47,,,1,99,,32332,47,,,1,97,,32333,47,,,1,100,,32334,47,,,1
27101,'KP:321:0:Weekday:1:26SEP:12345',1031,,32335,46,,,1,204,,32336,46,,,1,205,,32339,46,,,1,209,,32337,46,,,1,194,,32340,46,,,1
27101,'KP:321:0:Weekday:2:26SEP:12345',1031,,32341,47,,,1,204,,32342,47,,,1,205,,32345,47,,,1,209,,32343,47,,,1,194,,32346,47,,,1
