11100,'H:121:0:Weekday:1:26SEP:12345',630,,28597,21,4,,1,70,,28598,21,4,,1
11101,'H:121:0:Weekday:1:26SEP:12345',1630,,28602,1,,,1,100,,28601,1,,,1
11200,'H:111:6:Sunday:1:26SEP:1234567',720,,28605,39,4,,1,30,,28620,39,4,,1,70,,28606,39,4,,1,31,,28621,39,4,,1,70,,28607,39,4,,1,30,,28622,39,4,,1,70,,28608,39,4,,1,30,,28623,39,4,,1,71,,28611,39,4,,1,30,,28624,39,4,,1,70,,28612,39,4,,1,30,,28625,39,4,,1,70,,28614,39,4,,1,31,,28626,39,4,,1,70,,28610,39,4,,1,30,,28627,39,4,,1,70,,28609,39,4,,1,30,,28628,39,4,,1,70,,28615,39,4,,1,30,,28629,39,4,,1,70,,28613,39,4,,1,30,,28630,39,4,,1,70,,28616,39,4,,1,100,,28617,39,4,,1,98,,28618,39,4,,1,100,,28619,39,4,,1
11200,'H:121:0:Weekday:1:26SEP:12345',530,,28674,39,4,,1,70,,28675,39,4,,1,32,,28658,39,4,,1,71,,28694,39,4,,1,30,,28660,39,4,,1,20,,28684,39,4,,1,60,,28689,39,4,,1,20,,28659,39,4,,1,19,,28686,39,4,,1,60,,28690,39,4,,1,20,,28657,39,4,,1,70,,28683,39,4,,1,30,,28661,39,4,,1,70,,28676,39,4,,1,30,,28662,39,4,,1,71,,28678,39,4,,1,30,,28663,39,4,,1,70,,28680,39,4,,1,30,,28664,39,4,,1,71,,28679,39,4,,1,31,,28665,39,4,,1,20,,28682,39,4,,1,60,,28691,39,4,,1,20,,28666,39,4,,1,20,,28687,39,4,,1,60,,28692,39,4,,1,20,,28669,39,4,,1,20,,28685,39,4,,1,60,,28693,39,4,,1,20,,28670,39,4,,1,70,,28688,39,4,,1,30,,28667,39,4,,1,69,,28677,39,4,,1,29,,28668,39,4,,1,69,,28681,39,4,,1,30,,28671,39,4,,1,100,,28672,39,4,,1,99,,28673,39,4,,1
11200,'H:171:5:Saturday:1:26SEP:6',721,,28736,39,4,,1,30,,28756,39,4,,1,70,,28738,39,4,,1,31,,28755,39,4,,1,70,,28735,39,4,,1,30,,28753,39,4,,1,70,,28733,39,4,,1,30,,28759,39,4,,1,70,,28737,39,4,,1,30,,28757,39,4,,1,70,,28739,39,4,,1,30,,28752,39,4,,1,71,,28740,39,4,,1,30,,28748,39,4,,1,71,,28742,39,4,,1,30,,28751,39,4,,1,70,,28744,39,4,,1,30,,28758,39,4,,1,70,,28741,39,4,,1,30,,28754,39,4,,1,70,,28745,39,4,,1,30,,28749,39,4,,1,70,,28743,39,4,,1,30,,28750,39,4,,1,69,,28746,39,4,,1,100,,28747,39,4,,1,99,,28734,39,4,,1
11201,'H:111:6:Sunday:1:26SEP:1234567',655,,28788,1,,,1,70,,28802,1,,,1,29,,28789,1,,,1,70,,28803,1,,,1,30,,28790,1,,,1,70,,28804,1,,,1,30,,28787,1,,,1,69,,28805,1,,,1,30,,28791,1,,,1,70,,28806,1,,,1,30,,28792,1,,,1,70,,28808,1,,,1,30,,28793,1,,,1,70,,28809,1,,,1,30,,28794,1,,,1,70,,28810,1,,,1,30,,28796,1,,,1,70,,28807,1,,,1,30,,28798,1,,,1,70,,28811,1,,,1,30,,28799,1,,,1,70,,28812,1,,,1,30,,28795,1,,,1,100,,28800,1,,,1,101,,28797,1,,,1,100,,28801,1,,,1
11201,'H:121:0:Weekday:1:26SEP:12345',503,,28856,1,,,1,30,,28860,1,,,1,68,,28852,1,,,1,30,,28867,1,,,1,27,,28841,1,,,1,61,,28869,1,,,1,21,,28872,1,,,1,60,,28844,1,,,1,20,,28868,1,,,1,20,,28873,1,,,1,60,,28840,1,,,1,30,,28865,1,,,1,70,,28842,1,,,1,30,,28857,1,,,1,70,,28854,1,,,1,30,,28861,1,,,1,70,,28853,1,,,1,30,,28858,1,,,1,29,,28855,1,,,1,70,,28859,1,,,1,28,,28846,1,,,1,60,,28862,1,,,1,20,,28874,1,,,1,21,,28851,1,,,1,60,,28871,1,,,1,20,,28875,1,,,1,19,,28843,1,,,1,60,,28866,1,,,1,20,,28876,1,,,1,21,,28845,1,,,1,60,,28870,1,,,1,20,,28877,1,,,1,20,,28839,1,,,1,70,,28863,1,,,1,72,,28848,1,,,1,31,,28864,1,,,1,70,,28849,1,,,1,100,,28847,1,,,1,101,,28850,1,,,1
11201,'H:171:5:Saturday:1:26SEP:6',655,,28919,1,,,1,70,,28934,1,,,1,29,,28918,1,,,1,70,,28938,1,,,1,30,,28921,1,,,1,70,,28937,1,,,1,29,,28917,1,,,1,70,,28939,1,,,1,30,,28920,1,,,1,69,,28933,1,,,1,30,,28927,1,,,1,70,,28942,1,,,1,30,,28928,1,,,1,70,,28940,1,,,1,30,,28925,1,,,1,70,,28941,1,,,1,30,,28922,1,,,1,70,,28936,1,,,1,30,,28923,1,,,1,70,,28943,1,,,1,30,,28924,1,,,1,70,,28935,1,,,1,30,,28926,1,,,1,70,,28932,1,,,1,30,,28929,1,,,1,101,,28930,1,,,1,101,,28931,1,,,1
11900,'H:111:6:Sunday:1:26SEP:1234567',826,,29536,48,4,,1,102,,29527,48,4,,1,103,,29529,48,4,,1,100,,29531,48,4,,1,100,,29537,48,4,,1,100,,29532,48,4,,1,100,,29533,48,4,,1,100,,29530,48,4,,1,100,,29535,48,4,,1,100,,29528,48,4,,1,98,,29538,48,4,,1,98,,29534,48,4,,1,100,,29539,48,4,,1
11900,'H:121:0:Weekday:1:26SEP:12345',630,,29563,48,4,,1,72,,29569,48,4,,1,27,,29558,48,4,,1,76,,29570,48,4,,1,31,,29555,48,4,,1,71,,29571,48,4,,1,30,,29554,48,4,,1,68,,29575,48,4,,1,30,,29566,48,4,,1,70,,29576,48,4,,1,31,,29567,48,4,,1,71,,29577,48,4,,1,29,,29564,48,4,,1,70,,29578,48,4,,1,30,,29565,48,4,,1,71,,29579,48,4,,1,32,,29568,48,4,,1,71,,29580,48,4,,1,30,,29562,48,4,,1,69,,29574,48,4,,1,30,,29556,48,4,,1,71,,29572,48,4,,1,29,,29559,48,4,,1,69,,29573,48,4,,1,27,,29561,48,4,,1,99,,29560,48,4,,1,97,,29553,48,4,,1,99,,29557,48,4,,1,100,,29581,48,4,,1
11900,'H:171:5:Saturday:1:26SEP:6',626,,29611,48,4,,1,100,,29612,48,4,,1,103,,29613,48,4,,1,102,,29614,48,4,,1,101,,29615,48,4,,1,100,,29616,48,4,,1,100,,29619,48,4,,1,102,,29617,48,4,,1,100,,29621,48,4,,1,99,,29618,48,4,,1,100,,29620,48,4,,1,99,,29623,48,4,,1,99,,29624,48,4,,1,99,,29622,48,4,,1,98,,29625,48,4,,1,100,,29626,48,4,,1
11901,'H:111:6:Sunday:1:26SEP:1234567',805,,29646,1,,,1,100,,29643,1,,,1,100,,29644,1,,,1,100,,29647,1,,,1,100,,29645,1,,,1,100,,29648,1,,,1,100,,29649,1,,,1,100,,29650,1,,,1,100,,29651,1,,,1,100,,29652,1,,,1,100,,29653,1,,,1,100,,29654,1,,,1,100,,29655,1,,,1
11901,'H:121:0:Weekday:1:26SEP:12345',545,,29697,1,,,1,70,,29685,1,,,1,30,,29669,1,,,1,75,,29686,1,,,1,30,,29672,1,,,1,70,,29687,1,,,1,30,,29670,1,,,1,70,,29691,1,,,1,30,,29671,1,,,1,70,,29692,1,,,1,30,,29674,1,,,1,70,,29693,1,,,1,30,,29673,1,,,1,70,,29694,1,,,1,30,,29675,1,,,1,70,,29695,1,,,1,35,,29678,1,,,1,65,,29696,1,,,1,30,,29679,1,,,1,70,,29688,1,,,1,30,,29677,1,,,1,70,,29689,1,,,1,30,,29681,1,,,1,70,,29690,1,,,1,30,,29680,1,,,1,100,,29676,1,,,1,100,,29684,1,,,1,100,,29682,1,,,1,100,,29683,1,,,1
11901,'H:171:5:Saturday:1:26SEP:6',605,,29730,1,,,1,100,,29731,1,,,1,100,,29727,1,,,1,100,,29729,1,,,1,100,,29732,1,,,1,100,,29734,1,,,1,100,,29728,1,,,1,100,,29737,1,,,1,100,,29733,1,,,1,100,,29738,1,,,1,100,,29735,1,,,1,100,,29741,1,,,1,100,,29742,1,,,1,100,,29736,1,,,1,100,,29739,1,,,1,100,,29740,1,,,1
90901,'H:111:6:Sunday:1:26SEP:1234567',723,,35567,23,4,,1,80,,35568,23,4,,1,51,,35569,23,4,,1,85,,35571,23,4,,1,97,,35573,23,4,,1,91,,35574,23,4,,1,85,,35570,23,4,,1,46,,35575,23,4,,1,91,,35572,23,4,,1,85,,35576,23,4,,1,100,,35577,23,4,,1,79,,35578,23,4,,1,90,,35579,23,4,,1,39,,35580,23,4,,1,90,,35581,23,4,,1,84,,35582,23,4,,1,85,,35583,23,4,,1,43,,35584,23,4,,1,75,,35585,23,4,,1,89,,35586,23,4,,1
90901,'H:121:0:Weekday:1:26SEP:12345',543,,35607,23,4,,1,87,,35608,23,4,,1,95,,35609,23,4,,1,82,,35610,23,4,,1,135,,35611,23,4,,1,96,,35612,23,4,,1,91,,35613,23,4,,1,85,,35614,23,4,,1,45,,35615,23,4,,1,91,,35616,23,4,,1,86,,35617,23,4,,1,100,,35618,23,4,,1,80,,35619,23,4,,1,90,,35620,23,4,,1,40,,35621,23,4,,1,88,,35622,23,4,,1,84,,35623,23,4,,1,85,,35624,23,4,,1,44,,35625,23,4,,1,74,,35626,23,4,,1,118,,35627,23,4,,1
90901,'H:171:5:Saturday:1:26SEP:6',543,,35649,23,4,,1,85,,35650,23,4,,1,95,,35651,23,4,,1,81,,35652,23,4,,1,51,,35653,23,4,,1,86,,35655,23,4,,1,96,,35656,23,4,,1,91,,35657,23,4,,1,86,,35654,23,4,,1,86,,35658,23,4,,1,50,,35659,23,4,,1,85,,35660,23,4,,1,100,,35661,23,4,,1,79,,35662,23,4,,1,90,,35663,23,4,,1,40,,35664,23,4,,1,88,,35665,23,4,,1,85,,35666,23,4,,1,84,,35667,23,4,,1,45,,35668,23,4,,1,73,,35669,23,4,,1,90,,35670,23,4,,1,30,,35671,23,4,,1
90901,'KP:321:0:Weekday:1:26SEP:12345',857,,35695,23,4,,1
