11701,'H:113:6:Sunday:3:26MAR:1234567',731,,22621,7,,,1,99,,22618,7,,,1,98,,22611,7,,,1,98,,22608,7,,,1,100,,22607,7,,,1,99,,22610,7,,,1,105,,22612,7,,,1,29,,22623,7,,,1,70,,22615,7,,,1,30,,22624,7,,,1,70,,22614,7,,,1,75,,22625,7,,,1,30,,22613,7,,,1,71,,22626,7,,,1,31,,22616,7,,,1,70,,22622,7,,,1,25,,22617,7,,,1,101,,22609,7,,,1,97,,22620,7,,,1,100,,22619,7,,,1
11701,'H:123:0:Weekday:3:26MAR:12345',2027,,22627,7,,,1,101,,22628,7,,,1,101,,22629,7,,,1,100,,22630,7,,,1
11701,'H:123:0:Weekday:4:26MAR:12345',2027,,22631,7,,,1,101,,22632,7,,,1,101,,22633,7,,,1,100,,22634,7,,,1
11701,'H:173:5:Saturday:3:26MAR:6',532,,22643,7,,,1,99,,22638,7,,,1,99,,22637,7,,,1,98,,22640,7,,,1,99,,22645,7,,,1,97,,22644,7,,,1,99,,22647,7,,,1,99,,22641,7,,,1,30,,22653,7,,,1,75,,22642,7,,,1,30,,22654,7,,,1,70,,22639,7,,,1,30,,22655,7,,,1,70,,22635,7,,,1,74,,22656,7,,,1,30,,22651,7,,,1,71,,22657,7,,,1,30,,22646,7,,,1,71,,22658,7,,,1,26,,22649,7,,,1,102,,22650,7,,,1,96,,22636,7,,,1,101,,22648,7,,,1,102,,22652,7,,,1
11701,'KP:323:0:Weekday:3:26MAR:12345',559,,22660,7,,,1,68,,22666,7,,,1,29,,22662,7,,,1,69,,22661,7,,,1,30,,22659,7,,,1,71,,22665,7,,,1,30,,22680,7,,,1,70,,22677,7,,,1,30,,22664,7,,,1,69,,22679,7,,,1,30,,22676,7,,,1,70,,22663,7,,,1,29,,22678,7,,,1,70,,22675,7,,,1,30,,22681,7,,,1,73,,22683,7,,,1,29,,22684,7,,,1,69,,22682,7,,,1,29,,22686,7,,,1,69,,22685,7,,,1,34,,22672,7,,,1,70,,22671,7,,,1,29,,22674,7,,,1,71,,22668,7,,,1,32,,22670,7,,,1,67,,22673,7,,,1,33,,22669,7,,,1,72,,22667,7,,,1
11701,'KP:323:0:Weekday:4:26MAR:12345',559,,22688,7,,,1,68,,22694,7,,,1,29,,22690,7,,,1,69,,22689,7,,,1,30,,22687,7,,,1,71,,22693,7,,,1,30,,22708,7,,,1,70,,22705,7,,,1,30,,22692,7,,,1,69,,22707,7,,,1,30,,22704,7,,,1,70,,22691,7,,,1,29,,22706,7,,,1,70,,22703,7,,,1,30,,22709,7,,,1,73,,22711,7,,,1,29,,22712,7,,,1,69,,22710,7,,,1,29,,22714,7,,,1,69,,22713,7,,,1,34,,22700,7,,,1,70,,22699,7,,,1,29,,22702,7,,,1,71,,22696,7,,,1,32,,22698,7,,,1,67,,22701,7,,,1,33,,22697,7,,,1,72,,22695,7,,,1
16601,'H:113:6:Sunday:3:26MAR:1234567',716,,23539,30,,,1,101,,23540,30,,,1,101,,23541,30,,,1,101,,23542,30,,,1,101,,23543,30,,,1,101,,23544,30,,,1,100,,23545,30,,,1,100,,23546,30,,,1,100,,23547,30,,,1,100,,23548,30,,,1,100,,23550,30,,,1,99,,23552,30,,,1,100,,23549,30,,,1,99,,23553,30,,,1,99,,23551,30,,,1
16601,'H:123:0:Weekday:3:26MAR:12345',525,,23566,30,,,1,30,,23575,30,,,1,70,,23567,30,,,1,30,,23562,30,,,1,101,,23560,30,,,1,71,,23576,30,,,1,30,,23559,30,,,1,100,,23558,30,,,1,70,,23568,30,,,1,201,,23569,30,,,1,101,,23570,30,,,1,100,,23571,30,,,1,71,,23557,30,,,1,131,,23572,30,,,1,70,,23563,30,,,1,99,,23556,30,,,1,29,,23573,30,,,1,99,,23565,30,,,1,30,,23555,30,,,1,70,,23554,30,,,1,99,,23561,30,,,1,99,,23564,30,,,1,99,,23574,30,,,1
16601,'H:123:0:Weekday:4:26MAR:12345',525,,23589,30,,,1,30,,23598,30,,,1,70,,23590,30,,,1,30,,23585,30,,,1,101,,23583,30,,,1,71,,23599,30,,,1,30,,23582,30,,,1,100,,23581,30,,,1,70,,23591,30,,,1,201,,23592,30,,,1,101,,23593,30,,,1,100,,23594,30,,,1,71,,23580,30,,,1,131,,23595,30,,,1,70,,23586,30,,,1,99,,23579,30,,,1,29,,23596,30,,,1,99,,23588,30,,,1,30,,23578,30,,,1,70,,23577,30,,,1,99,,23584,30,,,1,99,,23587,30,,,1,99,,23597,30,,,1
16601,'H:173:5:Saturday:3:26MAR:6',617,,23602,30,,,1,100,,23600,30,,,1,101,,23601,30,,,1,101,,23604,30,,,1,101,,23607,30,,,1,101,,23603,30,,,1,101,,23608,30,,,1,100,,23606,30,,,1,101,,23605,30,,,1,100,,23610,30,,,1,100,,23611,30,,,1,99,,23612,30,,,1,100,,23609,30,,,1,99,,23613,30,,,1,99,,23614,30,,,1,99,,23615,30,,,1,99,,23616,30,,,1
16601,'KP:323:0:Weekday:3:26MAR:12345',726,,23625,30,,,1,201,,23617,30,,,1,131,,23627,30,,,1,70,,23620,30,,,1,30,,23626,30,,,1,101,,23622,30,,,1,100,,23618,30,,,1,171,,23624,30,,,1,71,,23619,30,,,1,131,,23621,30,,,1,126,,23623,30,,,1
16601,'KP:323:0:Weekday:4:26MAR:12345',726,,23636,30,,,1,201,,23628,30,,,1,131,,23638,30,,,1,70,,23631,30,,,1,30,,23637,30,,,1,101,,23633,30,,,1,100,,23629,30,,,1,171,,23635,30,,,1,71,,23630,30,,,1,131,,23632,30,,,1,126,,23634,30,,,1
