10201,'H:113:6:Sunday:2:26MAR:1234567',707,,17116,27,4,,1,30,,17131,27,4,,1,70,,17115,27,4,,1,30,,17130,27,4,,1,70,,17118,27,4,,1,30,,17132,27,4,,1,70,,17119,27,4,,1,30,,17134,27,4,,1,70,,17117,27,4,,1,30,,17135,27,4,,1,70,,17120,27,4,,1,30,,17136,27,4,,1,70,,17121,27,4,,1,30,,17133,27,4,,1,70,,17122,27,4,,1,30,,17137,27,4,,1,70,,17123,27,4,,1,30,,17138,27,4,,1,70,,17124,27,4,,1,30,,17139,27,4,,1,70,,17125,27,4,,1,30,,17140,27,4,,1,70,,17126,27,4,,1,30,,17141,27,4,,1,70,,17127,27,4,,1,100,,17128,27,4,,1,100,,17129,27,4,,1,100,,17142,27,4,,1
10201,'H:123:0:Weekday:2:26MAR:12345',507,,17160,27,4,,1,30,,17144,27,4,,1,70,,17145,27,4,,1,30,,17161,27,4,,1,70,,17147,27,4,,1,30,,17162,27,4,,1,70,,17146,27,4,,1,30,,17163,27,4,,1,70,,17148,27,4,,1,200,,17149,27,4,,1,100,,17150,27,4,,1,100,,17152,27,4,,1,30,,17151,27,4,,1,170,,17159,27,4,,1,30,,17164,27,4,,1,108,,17165,27,4,,1,94,,17166,27,4,,1,76,,17157,27,4,,1,29,,17156,27,4,,1,63,,17143,27,4,,1,100,,17154,27,4,,1,100,,17153,27,4,,1,100,,17158,27,4,,1,100,,17155,27,4,,1
10201,'H:173:5:Saturday:2:26MAR:6',607,,17167,27,4,,1,30,,17168,27,4,,1,70,,17169,27,4,,1,30,,17170,27,4,,1,70,,17172,27,4,,1,30,,17173,27,4,,1,70,,17174,27,4,,1,30,,17171,27,4,,1,70,,17177,27,4,,1,30,,17178,27,4,,1,70,,17179,27,4,,1,30,,17175,27,4,,1,70,,17176,27,4,,1,30,,17180,27,4,,1,70,,17181,27,4,,1,30,,17182,27,4,,1,70,,17183,27,4,,1,30,,17184,27,4,,1,70,,17185,27,4,,1,30,,17186,27,4,,1,70,,17187,27,4,,1,30,,17188,27,4,,1,70,,17189,27,4,,1,30,,17190,27,4,,1,70,,17191,27,4,,1,30,,17192,27,4,,1,70,,17193,27,4,,1,100,,17194,27,4,,1,100,,17195,27,4,,1,100,,17196,27,4,,1,100,,17197,27,4,,1,100,,17198,27,4,,1
10201,'KP:323:0:Weekday:2:26MAR:12345',937,,17206,27,4,,1,70,,17202,27,4,,1,30,,17207,27,4,,1,100,,17204,27,4,,1,100,,17199,27,4,,1,170,,17205,27,4,,1,30,,17201,27,4,,1,170,,17203,27,4,,1,102,,17200,27,4,,1
10300,'H:113:6:Sunday:2:26MAR:1234567',705,,17208,56,4,,1,100,,17209,56,4,,1,100,,17210,56,4,,1,100,,17211,56,4,,1,100,,17212,56,4,,1,100,,17213,56,4,,1,100,,17214,56,4,,1,100,,17216,56,4,,1,100,,17217,56,4,,1,100,,17218,56,4,,1,100,,17215,56,4,,1,100,,17219,56,4,,1,100,,17221,56,4,,1,100,,17222,56,4,,1,100,,17223,56,4,,1,100,,17220,56,4,,1,100,,17224,56,4,,1
10300,'H:123:0:Weekday:2:26MAR:12345',510,,17233,56,4,,1,30,,17234,56,4,,1,70,,17235,56,4,,1,30,,17254,56,4,,1,70,,17236,56,4,,1,30,,17255,56,4,,1,70,,17237,56,4,,1,30,,17256,56,4,,1,70,,17238,56,4,,1,30,,17239,56,4,,1,70,,17240,56,4,,1,30,,17241,56,4,,1,70,,17243,56,4,,1,30,,17244,56,4,,1,70,,17245,56,4,,1,30,,17242,56,4,,1,70,,17246,56,4,,1,30,,17247,56,4,,1,70,,17248,56,4,,1,30,,17249,56,4,,1,70,,17250,56,4,,1,30,,17259,56,4,,1,70,,17251,56,4,,1,30,,17252,56,4,,1,70,,17253,56,4,,1,30,,17230,56,4,,1,70,,17229,56,4,,1,30,,17231,56,4,,1,70,,17232,56,4,,1,30,,17257,56,4,,1,70,,17225,56,4,,1,30,,17258,56,4,,1,70,,17227,56,4,,1,100,,17228,56,4,,1,100,,17226,56,4,,1
10300,'H:173:5:Saturday:2:26MAR:6',705,,17260,56,4,,1,100,,17261,56,4,,1,100,,17262,56,4,,1,100,,17263,56,4,,1,100,,17264,56,4,,1,100,,17265,56,4,,1,100,,17266,56,4,,1,100,,17267,56,4,,1,100,,17268,56,4,,1,100,,17269,56,4,,1,100,,17270,56,4,,1,100,,17271,56,4,,1,100,,17272,56,4,,1,100,,17273,56,4,,1,100,,17274,56,4,,1,100,,17275,56,4,,1,100,,17276,56,4,,1,100,,17277,56,4,,1
11401,'H:113:6:Sunday:2:26MAR:1234567',807,,17790,29,4,,1,100,,17791,29,4,,1,100,,17792,29,4,,1,100,,17793,29,4,,1,100,,17794,29,4,,1,100,,17795,29,4,,1,100,,17796,29,4,,1,100,,17797,29,4,,1,100,,17798,29,4,,1,100,,17799,29,4,,1,100,,17800,29,4,,1,100,,17801,29,4,,1,100,,17802,29,4,,1,100,,17803,29,4,,1
11401,'H:123:0:Weekday:2:26MAR:12345',512,,17831,29,4,,1,30,,17832,29,4,,1,70,,17822,29,4,,1,30,,17823,29,4,,1,70,,17806,29,4,,1,100,,17807,29,4,,1,30,,17808,29,4,,1,70,,17809,29,4,,1,30,,17825,29,4,,1,70,,17810,29,4,,1,30,,17828,29,4,,1,70,,17833,29,4,,1,30,,17829,29,4,,1,70,,17812,29,4,,1,30,,17830,29,4,,1,70,,17813,29,4,,1,30,,17827,29,4,,1,70,,17811,29,4,,1,30,,17826,29,4,,1,100,,17814,29,4,,1,70,,17815,29,4,,1,30,,17817,29,4,,1,70,,17816,29,4,,1,30,,17818,29,4,,1,70,,17819,29,4,,1,30,,17824,29,4,,1,70,,17805,29,4,,1,100,,17821,29,4,,1,100,,17804,29,4,,1,100,,17820,29,4,,1
11401,'H:173:5:Saturday:2:26MAR:6',707,,17834,29,4,,1,100,,17836,29,4,,1,100,,17837,29,4,,1,100,,17835,29,4,,1,100,,17838,29,4,,1,100,,17840,29,4,,1,100,,17841,29,4,,1,100,,17839,29,4,,1,100,,17844,29,4,,1,100,,17842,29,4,,1,100,,17845,29,4,,1,100,,17843,29,4,,1,100,,17846,29,4,,1,100,,17847,29,4,,1,100,,17848,29,4,,1,100,,17849,29,4,,1
11401,'KP:323:0:Weekday:2:26MAR:12345',742,,17851,29,4,,1,770,,17850,29,4,,1
11700,'H:113:6:Sunday:2:26MAR:1234567',726,,17862,24,4,,1,101,,17860,24,4,,1,101,,17858,24,4,,1,102,,17859,24,4,,1,102,,17857,24,4,,1,101,,17865,24,4,,1,106,,17855,24,4,,1,70,,17867,24,4,,1,31,,17866,24,4,,1,70,,17868,24,4,,1,35,,17863,24,4,,1,70,,17869,24,4,,1,30,,17856,24,4,,1,69,,17870,24,4,,1,29,,17864,24,4,,1,69,,17871,24,4,,1,30,,17852,24,4,,1,93,,17854,24,4,,1,99,,17853,24,4,,1,94,,17861,24,4,,1
11700,'H:123:0:Weekday:2:26MAR:12345',629,,17878,24,4,,1,205,,17872,24,4,,1,604,,17876,24,4,,1,598,,17873,24,4,,1,64,,17879,24,4,,1,29,,17874,24,4,,1,98,,17875,24,4,,1,97,,17877,24,4,,1
11700,'H:173:5:Saturday:2:26MAR:6',625,,17893,24,4,,1,102,,17881,24,4,,1,101,,17889,24,4,,1,102,,17885,24,4,,1,102,,17883,24,4,,1,103,,17887,24,4,,1,101,,17892,24,4,,1,77,,17898,24,4,,1,30,,17884,24,4,,1,69,,17899,24,4,,1,30,,17891,24,4,,1,70,,17900,24,4,,1,35,,17888,24,4,,1,69,,17897,24,4,,1,30,,17890,24,4,,1,69,,17901,24,4,,1,30,,17895,24,4,,1,70,,17902,24,4,,1,29,,17880,24,4,,1,93,,17894,24,4,,1,98,,17882,24,4,,1,95,,17886,24,4,,1,98,,17896,24,4,,1
11700,'KP:323:0:Weekday:2:26MAR:12345',603,,17909,24,4,,1,56,,17904,24,4,,1,73,,17910,24,4,,1,72,,17905,24,4,,1,98,,17903,24,4,,1,30,,17908,24,4,,1,71,,17925,24,4,,1,30,,17922,24,4,,1,70,,17907,24,4,,1,30,,17924,24,4,,1,71,,17921,24,4,,1,30,,17906,24,4,,1,70,,17923,24,4,,1,32,,17920,24,4,,1,70,,17926,24,4,,1,102,,17928,24,4,,1,38,,17927,24,4,,1,71,,17919,24,4,,1,30,,17918,24,4,,1,68,,17915,24,4,,1,30,,17914,24,4,,1,67,,17916,24,4,,1,28,,17913,24,4,,1,69,,17911,24,4,,1,28,,17917,24,4,,1,69,,17912,24,4,,1
12000,'H:113:6:Sunday:2:26MAR:1234567',805,,18123,42,4,,1,100,,18124,42,4,,1,100,,18125,42,4,,1,100,,18122,42,4,,1,100,,18126,42,4,,1,100,,18127,42,4,,1,100,,18128,42,4,,1,100,,18129,42,4,,1,100,,18130,42,4,,1,100,,18131,42,4,,1,100,,18132,42,4,,1,100,,18133,42,4,,1,100,,18121,42,4,,1,100,,18134,42,4,,1
12000,'H:123:0:Weekday:2:26MAR:12345',455,,18152,42,4,,1,85,,18153,42,4,,1,70,,18139,42,4,,1,30,,18154,42,4,,1,70,,18137,42,4,,1,30,,18155,42,4,,1,70,,18135,42,4,,1,32,,18156,42,4,,1,70,,18136,42,4,,1,30,,18161,42,4,,1,70,,18138,42,4,,1,30,,18162,42,4,,1,70,,18142,42,4,,1,30,,18163,42,4,,1,70,,18140,42,4,,1,30,,18164,42,4,,1,70,,18143,42,4,,1,30,,18165,42,4,,1,70,,18141,42,4,,1,30,,18166,42,4,,1,70,,18145,42,4,,1,30,,18157,42,4,,1,70,,18146,42,4,,1,30,,18158,42,4,,1,71,,18144,42,4,,1,30,,18159,42,4,,1,69,,18151,42,4,,1,30,,18160,42,4,,1,70,,18149,42,4,,1,98,,18150,42,4,,1,100,,18147,42,4,,1,100,,18148,42,4,,1
12000,'H:173:5:Saturday:2:26MAR:6',605,,18172,42,4,,1,100,,18171,42,4,,1,100,,18175,42,4,,1,100,,18174,42,4,,1,100,,18177,42,4,,1,100,,18176,42,4,,1,100,,18173,42,4,,1,100,,18179,42,4,,1,100,,18180,42,4,,1,100,,18178,42,4,,1,100,,18182,42,4,,1,100,,18181,42,4,,1,100,,18170,42,4,,1,100,,18168,42,4,,1,100,,18167,42,4,,1,100,,18169,42,4,,1,100,,18183,42,4,,1
13001,'H:113:6:Sunday:2:26MAR:1234567',720,,18437,50,4,,1,100,,18423,50,4,,1,100,,18424,50,4,,1,100,,18425,50,4,,1,100,,18426,50,4,,1,105,,18427,50,4,,1,100,,18428,50,4,,1,100,,18429,50,4,,1,100,,18430,50,4,,1,100,,18431,50,4,,1,100,,18432,50,4,,1,100,,18434,50,4,,1,95,,18433,50,4,,1,95,,18435,50,4,,1,100,,18436,50,4,,1
13001,'H:123:0:Weekday:2:26MAR:12345',505,,18460,50,4,,1,30,,18462,50,4,,1,70,,18445,50,4,,1,30,,18463,50,4,,1,70,,18446,50,4,,1,30,,18439,50,4,,1,70,,18447,50,4,,1,30,,18441,50,4,,1,70,,18448,50,4,,1,30,,18464,50,4,,1,70,,18438,50,4,,1,30,,18465,50,4,,1,70,,18456,50,4,,1,30,,18466,50,4,,1,70,,18454,50,4,,1,30,,18467,50,4,,1,70,,18452,50,4,,1,30,,18468,50,4,,1,70,,18453,50,4,,1,30,,18469,50,4,,1,70,,18455,50,4,,1,30,,18450,50,4,,1,70,,18459,50,4,,1,30,,18451,50,4,,1,70,,18458,50,4,,1,30,,18440,50,4,,1,70,,18449,50,4,,1,30,,18442,50,4,,1,70,,18457,50,4,,1,100,,18443,50,4,,1,105,,18444,50,4,,1,95,,18461,50,4,,1
13001,'H:173:5:Saturday:2:26MAR:6',620,,18486,50,4,,1,100,,18470,50,4,,1,100,,18471,50,4,,1,100,,18472,50,4,,1,100,,18473,50,4,,1,100,,18474,50,4,,1,105,,18475,50,4,,1,100,,18476,50,4,,1,100,,18477,50,4,,1,100,,18478,50,4,,1,100,,18479,50,4,,1,100,,18480,50,4,,1,100,,18481,50,4,,1,95,,18482,50,4,,1,95,,18483,50,4,,1,100,,18484,50,4,,1,100,,18485,50,4,,1
20100,'H:113:6:Sunday:2:26MAR:1234567',825,,18621,37,4,,1,101,,18623,37,4,,1,101,,18624,37,4,,1,80,,18622,37,4,,1,40,,18625,37,4,,1,81,,18620,37,4,,1,80,,18626,37,4,,1,40,,18627,37,4,,1,80,,18628,37,4,,1,80,,18629,37,4,,1,40,,18631,37,4,,1,80,,18632,37,4,,1,80,,18633,37,4,,1,40,,18635,37,4,,1,79,,18636,37,4,,1,79,,18637,37,4,,1,40,,18638,37,4,,1,80,,18639,37,4,,1,100,,18630,37,4,,1,100,,18634,37,4,,1
20100,'H:123:0:Weekday:2:26MAR:12345',602,,18644,37,4,,1,153,,18645,37,4,,1,99,,18646,37,4,,1,68,,18647,37,4,,1,632,,18648,37,4,,1,200,,18655,37,4,,1,68,,18649,37,4,,1,28,,18650,37,4,,1,70,,18651,37,4,,1,29,,18640,37,4,,1,70,,18642,37,4,,1,29,,18641,37,4,,1,70,,18643,37,4,,1,30,,18652,37,4,,1,69,,18653,37,4,,1,90,,18654,37,4,,1
20100,'H:173:5:Saturday:2:26MAR:6',725,,18668,37,4,,1,100,,18658,37,4,,1,102,,18667,37,4,,1,101,,18659,37,4,,1,80,,18660,37,4,,1,40,,18665,37,4,,1,80,,18666,37,4,,1,81,,18657,37,4,,1,40,,18669,37,4,,1,80,,18661,37,4,,1,80,,18656,37,4,,1,40,,18670,37,4,,1,80,,18662,37,4,,1,80,,18664,37,4,,1,40,,18673,37,4,,1,80,,18674,37,4,,1,79,,18675,37,4,,1,40,,18672,37,4,,1,79,,18676,37,4,,1,99,,18663,37,4,,1,100,,18671,37,4,,1
20100,'KP:323:0:Weekday:2:26MAR:12345',646,,18694,37,4,,1,78,,18691,37,4,,1,101,,18690,37,4,,1,126,,18693,37,4,,1,70,,18692,37,4,,1,29,,18684,37,4,,1,70,,18678,37,4,,1,30,,18685,37,4,,1,70,,18683,37,4,,1,30,,18688,37,4,,1,70,,18689,37,4,,1,30,,18686,37,4,,1,70,,18677,37,4,,1,31,,18679,37,4,,1,70,,18681,37,4,,1,104,,18680,37,4,,1,30,,18682,37,4,,1,69,,18687,37,4,,1
20200,'H:113:6:Sunday:2:26MAR:1234567',756,,18783,47,4,,1,100,,18770,47,4,,1,101,,18769,47,4,,1,91,,18771,47,4,,1,80,,18772,47,4,,1,80,,18773,47,4,,1,40,,18776,47,4,,1,81,,18774,47,4,,1,80,,18777,47,4,,1,40,,18775,47,4,,1,79,,18779,47,4,,1,80,,18778,47,4,,1,40,,18780,47,4,,1,80,,18784,47,4,,1,80,,18785,47,4,,1,39,,18786,47,4,,1,80,,18787,47,4,,1,80,,18788,47,4,,1,50,,18781,47,4,,1,100,,18782,47,4,,1
20200,'H:123:0:Weekday:2:26MAR:12345',505,,18804,8,4,,1,37,,18789,47,4,,1,81,,18792,47,4,,1,82,,18796,47,4,,1,34,,18797,47,4,,1,169,,18798,47,4,,1,29,,18799,47,4,,1,570,,18800,47,4,,1,133,,18801,47,4,,1,71,,18802,47,4,,1,30,,18803,47,4,,1,163,,18795,47,4,,1,30,,18793,47,4,,1,69,,18790,47,4,,1,29,,18791,47,4,,1,70,,18794,47,4,,1,30,,18805,47,4,,1,70,,18806,47,4,,1,34,,18807,47,4,,1
20200,'H:173:5:Saturday:2:26MAR:6',626,,18825,47,4,,1,30,,18809,47,4,,1,100,,18810,47,4,,1,101,,18821,47,4,,1,100,,18815,47,4,,1,91,,18808,47,4,,1,80,,18811,47,4,,1,81,,18819,47,4,,1,40,,18813,47,4,,1,80,,18812,47,4,,1,80,,18814,47,4,,1,40,,18822,47,4,,1,80,,18816,47,4,,1,80,,18817,47,4,,1,40,,18818,47,4,,1,80,,18826,47,4,,1,80,,18827,47,4,,1,39,,18828,47,4,,1,80,,18829,47,4,,1,80,,18830,47,4,,1,49,,18823,47,4,,1,100,,18820,47,4,,1,99,,18824,47,4,,1
20200,'KP:323:0:Weekday:2:26MAR:12345',810,,18844,47,4,,1,30,,18845,47,4,,1,166,,18846,47,4,,1,29,,18842,47,4,,1,70,,18831,47,4,,1,30,,18833,47,4,,1,70,,18837,47,4,,1,30,,18841,47,4,,1,70,,18836,47,4,,1,30,,18843,47,4,,1,70,,18840,47,4,,1,32,,18832,47,4,,1,101,,18839,47,4,,1,72,,18835,47,4,,1,198,,18834,47,4,,1,27,,18838,47,4,,1
