10900,'H:111:6:Sunday:1:26SEP:1234567',840,,28416,38,,,1,103,,28420,38,,,1,101,,28411,38,,,1,101,,28412,38,,,1,103,,28423,38,,,1,101,,28414,38,,,1,99,,28419,38,,,1,100,,28413,38,,,1,99,,28415,38,,,1,97,,28422,38,,,1,99,,28418,38,,,1,97,,28421,38,,,1,100,,28417,38,,,1,98,,28424,38,,,1
10900,'H:121:0:Weekday:1:26SEP:12345',536,,28452,38,,,1,108,,28446,38,,,1,107,,28442,38,,,1,97,,28448,38,,,1,103,,28455,38,,,1,101,,28440,38,,,1,100,,28454,38,,,1,102,,28453,38,,,1,100,,28445,38,,,1,102,,28451,38,,,1,101,,28443,38,,,1,100,,28447,38,,,1,99,,28450,38,,,1,98,,28444,38,,,1,96,,28441,38,,,1,98,,28439,38,,,1,100,,28449,38,,,1
10900,'H:171:5:Saturday:1:26SEP:6',741,,28477,38,,,1,102,,28480,38,,,1,101,,28476,38,,,1,104,,28473,38,,,1,102,,28485,38,,,1,101,,28478,38,,,1,100,,28483,38,,,1,100,,28474,38,,,1,97,,28475,38,,,1,100,,28487,38,,,1,99,,28479,38,,,1,97,,28484,38,,,1,98,,28481,38,,,1,99,,28482,38,,,1,100,,28486,38,,,1
20100,'H:111:6:Sunday:1:26SEP:1234567',813,,30758,33,,,1,100,,30760,33,,,1,102,,30761,33,,,1,40,,30759,33,,,1,80,,30762,33,,,1,80,,30757,33,,,1,40,,30763,33,,,1,80,,30764,33,,,1,80,,30765,33,,,1,40,,30766,33,,,1,80,,30768,33,,,1,80,,30769,33,,,1,40,,30770,33,,,1,80,,30772,33,,,1,80,,30773,33,,,1,40,,30774,33,,,1,80,,30775,33,,,1,80,,30776,33,,,1,98,,30767,33,,,1,100,,30771,33,,,1
20100,'H:121:0:Weekday:1:26SEP:12345',548,,30800,33,,,1,82,,30810,33,,,1,76,,30817,33,,,1,30,,30801,33,,,1,271,,30816,33,,,1,30,,30811,33,,,1,270,,30806,33,,,1,30,,30814,33,,,1,170,,30807,33,,,1,101,,30808,33,,,1,30,,30809,33,,,1,70,,30813,33,,,1,30,,30815,33,,,1,98,,30802,33,,,1,99,,30797,33,,,1,70,,30812,33,,,1,30,,30798,33,,,1,70,,30799,33,,,1,30,,30803,33,,,1,69,,30804,33,,,1,50,,30805,33,,,1
20100,'H:171:5:Saturday:1:26SEP:6',713,,30851,33,,,1,100,,30841,33,,,1,101,,30850,33,,,1,101,,30842,33,,,1,41,,30843,33,,,1,80,,30848,33,,,1,80,,30849,33,,,1,40,,30840,33,,,1,80,,30852,33,,,1,80,,30844,33,,,1,40,,30839,33,,,1,80,,30853,33,,,1,80,,30845,33,,,1,40,,30847,33,,,1,80,,30856,33,,,1,80,,30857,33,,,1,40,,30858,33,,,1,79,,30855,33,,,1,79,,30859,33,,,1,99,,30846,33,,,1,100,,30854,33,,,1,100,,30860,33,,,1
20100,'KP:321:0:Weekday:1:26SEP:12345',806,,30889,33,,,1,30,,30883,33,,,1,70,,30884,33,,,1,30,,30890,33,,,1,171,,30891,33,,,1,30,,30892,33,,,1,70,,30893,33,,,1,30,,30894,33,,,1,170,,30888,33,,,1,30,,30895,33,,,1,101,,30885,33,,,1,269,,30886,33,,,1,98,,30887,33,,,1
20200,'H:111:6:Sunday:1:26SEP:1234567',644,,31078,43,,,1,100,,31071,43,,,1,100,,31058,43,,,1,100,,31057,43,,,1,91,,31059,43,,,1,80,,31060,43,,,1,40,,31061,43,,,1,80,,31064,43,,,1,80,,31062,43,,,1,40,,31065,43,,,1,80,,31063,43,,,1,80,,31067,43,,,1,40,,31066,43,,,1,80,,31068,43,,,1,80,,31072,43,,,1,40,,31073,43,,,1,80,,31074,43,,,1,80,,31075,43,,,1,40,,31076,43,,,1,89,,31069,43,,,1,100,,31070,43,,,1,100,,31077,43,,,1
20200,'H:121:0:Weekday:1:26SEP:12345',454,,31109,4,,,1,74,,31117,43,,,1,122,,31104,43,,,1,201,,31105,43,,,1,70,,31106,43,,,1,30,,31114,43,,,1,70,,31118,43,,,1,201,,31116,43,,,1,30,,31115,43,,,1,271,,31113,43,,,1,100,,31107,43,,,1,100,,31108,43,,,1,198,,31102,43,,,1,30,,31101,43,,,1,99,,31103,43,,,1,69,,31110,43,,,1,30,,31111,43,,,1,74,,31112,43,,,1
20200,'H:171:5:Saturday:1:26SEP:6',543,,31160,43,,,1,70,,31154,43,,,1,30,,31138,43,,,1,100,,31139,43,,,1,101,,31150,43,,,1,101,,31144,43,,,1,90,,31137,43,,,1,80,,31140,43,,,1,40,,31148,43,,,1,80,,31142,43,,,1,80,,31141,43,,,1,41,,31143,43,,,1,80,,31151,43,,,1,80,,31145,43,,,1,40,,31146,43,,,1,80,,31147,43,,,1,79,,31155,43,,,1,40,,31156,43,,,1,80,,31157,43,,,1,80,,31158,43,,,1,40,,31159,43,,,1,89,,31152,43,,,1,100,,31149,43,,,1,99,,31153,43,,,1
20200,'KP:321:0:Weekday:1:26SEP:12345',610,,31186,43,,,1,111,,31188,43,,,1,30,,31196,43,,,1,70,,31201,43,,,1,230,,31197,43,,,1,70,,31198,43,,,1,30,,31200,43,,,1,171,,31193,43,,,1,30,,31199,43,,,1,70,,31195,43,,,1,30,,31189,43,,,1,101,,31194,43,,,1,100,,31190,43,,,1,100,,31191,43,,,1,69,,31192,43,,,1,30,,31187,43,,,1,168,,31185,43,,,1
