10600,'H:113:6:Sunday:2:26MAR:1234567',710,,17361,33,,,1,101,,17348,33,,,1,102,,17349,33,,,1,100,,17350,33,,,1,101,,17351,33,,,1,100,,17352,33,,,1,101,,17353,33,,,1,101,,17354,33,,,1,100,,17356,33,,,1,98,,17355,33,,,1,100,,17357,33,,,1,100,,17358,33,,,1,99,,17359,33,,,1,99,,17360,33,,,1,100,,17362,33,,,1
10600,'H:123:0:Weekday:2:26MAR:12345',524,,17363,33,,,1,103,,17364,33,,,1,101,,17365,33,,,1,103,,17366,33,,,1,100,,17367,33,,,1,99,,17368,33,,,1,100,,17369,33,,,1,100,,17370,33,,,1,101,,17371,33,,,1,102,,17372,33,,,1,100,,17373,33,,,1,102,,17374,33,,,1,100,,17375,33,,,1,96,,17376,33,,,1,97,,17377,33,,,1,99,,17378,33,,,1,99,,17379,33,,,1
10600,'H:173:5:Saturday:2:26MAR:6',609,,17393,33,,,1,100,,17394,33,,,1,102,,17380,33,,,1,101,,17381,33,,,1,102,,17382,33,,,1,101,,17383,33,,,1,100,,17384,33,,,1,101,,17385,33,,,1,100,,17387,33,,,1,100,,17388,33,,,1,99,,17390,33,,,1,100,,17386,33,,,1,100,,17391,33,,,1,99,,17392,33,,,1,99,,17389,33,,,1,98,,17395,33,,,1,100,,17396,33,,,1
12001,'H:113:6:Sunday:2:26MAR:1234567',738,,18197,31,,,1,100,,18187,31,,,1,100,,18185,31,,,1,100,,18188,31,,,1,101,,18196,31,,,1,100,,18186,31,,,1,100,,18191,31,,,1,100,,18189,31,,,1,100,,18192,31,,,1,100,,18190,31,,,1,100,,18194,31,,,1,100,,18195,31,,,1,99,,18193,31,,,1,100,,18184,31,,,1
12001,'H:123:0:Weekday:2:26MAR:12345',542,,18215,31,,,1,70,,18216,31,,,1,31,,18199,31,,,1,71,,18217,31,,,1,33,,18214,31,,,1,71,,18218,31,,,1,29,,18212,31,,,1,69,,18219,31,,,1,29,,18213,31,,,1,69,,18223,31,,,1,29,,18201,31,,,1,70,,18224,31,,,1,31,,18202,31,,,1,70,,18225,31,,,1,30,,18203,31,,,1,71,,18226,31,,,1,30,,18204,31,,,1,70,,18227,31,,,1,31,,18205,31,,,1,70,,18228,31,,,1,31,,18206,31,,,1,71,,18220,31,,,1,30,,18198,31,,,1,70,,18221,31,,,1,31,,18200,31,,,1,68,,18222,31,,,1,28,,18207,31,,,1,100,,18211,31,,,1,98,,18210,31,,,1,100,,18208,31,,,1,98,,18209,31,,,1
12001,'H:173:5:Saturday:2:26MAR:6',638,,18229,31,,,1,100,,18230,31,,,1,100,,18231,31,,,1,101,,18234,31,,,1,100,,18242,31,,,1,100,,18238,31,,,1,100,,18240,31,,,1,100,,18243,31,,,1,100,,18241,31,,,1,101,,18233,31,,,1,100,,18239,31,,,1,100,,18235,31,,,1,100,,18237,31,,,1,99,,18232,31,,,1,100,,18244,31,,,1,100,,18236,31,,,1
12100,'H:113:6:Sunday:2:26MAR:1234567',709,,18245,15,,,1,101,,18246,15,,,1,102,,18247,15,,,1,100,,18248,15,,,1,101,,18249,15,,,1,100,,18250,15,,,1,101,,18251,15,,,1,100,,18252,15,,,1,100,,18253,15,,,1,99,,18254,15,,,1,100,,18255,15,,,1,100,,18256,15,,,1,99,,18257,15,,,1,100,,18258,15,,,1
12100,'H:123:0:Weekday:2:26MAR:12345',539,,18277,15,,,1,66,,18275,15,,,1,25,,18282,15,,,1,27,,18276,15,,,1,65,,18281,15,,,1,26,,18273,15,,,1,66,,18278,15,,,1,30,,18283,15,,,1,64,,18285,15,,,1,30,,18279,15,,,1,95,,18280,15,,,1,90,,18274,15,,,1,90,,18266,15,,,1,90,,18272,15,,,1,50,,18264,15,,,1,95,,18270,15,,,1,102,,18271,15,,,1,73,,18267,15,,,1,32,,18269,15,,,1,77,,18268,15,,,1,73,,18265,15,,,1,25,,18259,15,,,1,29,,18284,15,,,1,74,,18263,15,,,1,98,,18262,15,,,1,100,,18260,15,,,1,99,,18261,15,,,1
12100,'H:173:5:Saturday:2:26MAR:6',609,,18287,15,,,1,100,,18288,15,,,1,102,,18289,15,,,1,101,,18286,15,,,1,100,,18290,15,,,1,101,,18291,15,,,1,100,,18292,15,,,1,100,,18293,15,,,1,100,,18294,15,,,1,101,,18295,15,,,1,100,,18296,15,,,1,100,,18297,15,,,1,99,,18298,15,,,1,100,,18299,15,,,1,99,,18300,15,,,1
12100,'KP:323:0:Weekday:2:26MAR:12345',1520,,18301,15,,,1
12101,'H:113:6:Sunday:2:26MAR:1234567',712,,18302,16,,,1,100,,18303,16,,,1,101,,18304,16,,,1,100,,18305,16,,,1,100,,18306,16,,,1,100,,18307,16,,,1,100,,18308,16,,,1,100,,18310,16,,,1,100,,18311,16,,,1,100,,18312,16,,,1,100,,18309,16,,,1,99,,18313,16,,,1,100,,18314,16,,,1,99,,18315,16,,,1
12101,'H:123:0:Weekday:2:26MAR:12345',511,,18333,16,,,1,30,,18316,16,,,1,65,,18331,16,,,1,25,,18336,16,,,1,26,,18340,16,,,1,66,,18338,16,,,1,26,,18341,16,,,1,65,,18330,16,,,1,29,,18324,16,,,1,95,,18332,16,,,1,95,,18334,16,,,1,90,,18335,16,,,1,90,,18325,16,,,1,90,,18326,16,,,1,50,,18337,16,,,1,95,,18319,16,,,1,71,,18328,16,,,1,31,,18339,16,,,1,70,,18322,16,,,1,34,,18320,16,,,1,70,,18327,16,,,1,30,,18317,16,,,1,74,,18318,16,,,1,30,,18329,16,,,1,70,,18343,16,,,1,94,,18321,16,,,1,100,,18323,16,,,1,100,,18342,16,,,1
12101,'H:173:5:Saturday:2:26MAR:6',611,,18344,16,,,1,100,,18345,16,,,1,102,,18346,16,,,1,100,,18347,16,,,1,100,,18348,16,,,1,100,,18349,16,,,1,100,,18350,16,,,1,100,,18351,16,,,1,100,,18352,16,,,1,100,,18353,16,,,1,100,,18354,16,,,1,100,,18355,16,,,1,100,,18356,16,,,1,100,,18357,16,,,1,99,,18358,16,,,1
