10300,'H:113:6:Sunday:3:26MAR:1234567',701,,21567,51,,,1,99,,21568,51,,,1,100,,21569,51,,,1,59,,21570,51,,,1,100,,21571,51,,,1,100,,21572,51,,,1,100,,21573,51,,,1,100,,21575,51,,,1,100,,21576,51,,,1,100,,21577,51,,,1,100,,21574,51,,,1,100,,21578,51,,,1,100,,21580,51,,,1,141,,21581,51,,,1,100,,21582,51,,,1,100,,21579,51,,,1,101,,21583,51,,,1
10300,'H:123:0:Weekday:3:26MAR:12345',505,,21592,51,,,1,29,,21593,51,,,1,70,,21594,51,,,1,29,,21613,51,,,1,70,,21595,51,,,1,30,,21614,51,,,1,69,,21596,51,,,1,30,,21615,51,,,1,70,,21597,51,,,1,30,,21598,51,,,1,70,,21599,51,,,1,30,,21600,51,,,1,70,,21602,51,,,1,30,,21603,51,,,1,70,,21604,51,,,1,30,,21601,51,,,1,70,,21605,51,,,1,29,,21606,51,,,1,70,,21607,51,,,1,30,,21608,51,,,1,70,,21609,51,,,1,30,,21618,51,,,1,70,,21610,51,,,1,30,,21611,51,,,1,70,,21612,51,,,1,31,,21589,51,,,1,70,,21588,51,,,1,30,,21590,51,,,1,70,,21591,51,,,1,30,,21616,51,,,1,71,,21584,51,,,1,30,,21617,51,,,1,70,,21586,51,,,1,100,,21587,51,,,1,101,,21585,51,,,1
10300,'H:123:0:Weekday:4:26MAR:12345',505,,21627,51,,,1,29,,21628,51,,,1,70,,21629,51,,,1,29,,21648,51,,,1,70,,21630,51,,,1,30,,21649,51,,,1,69,,21631,51,,,1,30,,21650,51,,,1,70,,21632,51,,,1,30,,21633,51,,,1,70,,21634,51,,,1,30,,21635,51,,,1,70,,21637,51,,,1,30,,21638,51,,,1,70,,21639,51,,,1,30,,21636,51,,,1,70,,21640,51,,,1,29,,21641,51,,,1,70,,21642,51,,,1,30,,21643,51,,,1,70,,21644,51,,,1,30,,21653,51,,,1,70,,21645,51,,,1,30,,21646,51,,,1,70,,21647,51,,,1,31,,21624,51,,,1,70,,21623,51,,,1,30,,21625,51,,,1,70,,21626,51,,,1,30,,21651,51,,,1,71,,21619,51,,,1,30,,21652,51,,,1,70,,21621,51,,,1,100,,21622,51,,,1,101,,21620,51,,,1
10300,'H:173:5:Saturday:3:26MAR:6',659,,21654,51,,,1,100,,21655,51,,,1,100,,21656,51,,,1,100,,21657,51,,,1,100,,21658,51,,,1,99,,21659,51,,,1,100,,21660,51,,,1,100,,21661,51,,,1,100,,21662,51,,,1,100,,21663,51,,,1,100,,21664,51,,,1,100,,21665,51,,,1,100,,21666,51,,,1,101,,21667,51,,,1,100,,21668,51,,,1,141,,21669,51,,,1,100,,21670,51,,,1,100,,21671,51,,,1
11200,'H:113:6:Sunday:3:26MAR:1234567',703,,22047,16,,,1,30,,22062,16,,,1,70,,22048,16,,,1,30,,22063,16,,,1,69,,22049,16,,,1,30,,22064,16,,,1,70,,22050,16,,,1,30,,22065,16,,,1,70,,22053,16,,,1,30,,22066,16,,,1,70,,22054,16,,,1,30,,22067,16,,,1,70,,22056,16,,,1,30,,22068,16,,,1,70,,22052,16,,,1,30,,22069,16,,,1,70,,22051,16,,,1,30,,22070,16,,,1,70,,22057,16,,,1,30,,22071,16,,,1,70,,22055,16,,,1,30,,22072,16,,,1,70,,22058,16,,,1,100,,22059,16,,,1,100,,22060,16,,,1,100,,22061,16,,,1
11200,'H:123:0:Weekday:3:26MAR:12345',511,,22090,16,,,1,30,,22091,16,,,1,69,,22074,16,,,1,100,,22076,16,,,1,20,,22100,16,,,1,20,,22105,16,,,1,60,,22075,16,,,1,20,,22102,16,,,1,20,,22106,16,,,1,60,,22073,16,,,1,30,,22099,16,,,1,70,,22077,16,,,1,30,,22092,16,,,1,70,,22078,16,,,1,30,,22094,16,,,1,70,,22079,16,,,1,30,,22096,16,,,1,70,,22080,16,,,1,30,,22095,16,,,1,70,,22081,16,,,1,20,,22098,16,,,1,20,,22107,16,,,1,59,,22082,16,,,1,20,,22103,16,,,1,20,,22108,16,,,1,60,,22085,16,,,1,20,,22101,16,,,1,20,,22109,16,,,1,60,,22086,16,,,1,30,,22104,16,,,1,70,,22083,16,,,1,31,,22093,16,,,1,70,,22084,16,,,1,30,,22097,16,,,1,70,,22087,16,,,1,100,,22088,16,,,1,100,,22089,16,,,1
11200,'H:123:0:Weekday:4:26MAR:12345',511,,22127,16,,,1,30,,22128,16,,,1,69,,22111,16,,,1,100,,22113,16,,,1,20,,22137,16,,,1,20,,22142,16,,,1,60,,22112,16,,,1,20,,22139,16,,,1,20,,22143,16,,,1,60,,22110,16,,,1,30,,22136,16,,,1,70,,22114,16,,,1,30,,22129,16,,,1,70,,22115,16,,,1,30,,22131,16,,,1,70,,22116,16,,,1,30,,22133,16,,,1,70,,22117,16,,,1,30,,22132,16,,,1,70,,22118,16,,,1,20,,22135,16,,,1,20,,22144,16,,,1,59,,22119,16,,,1,20,,22140,16,,,1,20,,22145,16,,,1,60,,22122,16,,,1,20,,22138,16,,,1,20,,22146,16,,,1,60,,22123,16,,,1,30,,22141,16,,,1,70,,22120,16,,,1,31,,22130,16,,,1,70,,22121,16,,,1,30,,22134,16,,,1,70,,22124,16,,,1,100,,22125,16,,,1,100,,22126,16,,,1
11200,'H:173:5:Saturday:3:26MAR:6',703,,22150,16,,,1,30,,22170,16,,,1,70,,22152,16,,,1,30,,22169,16,,,1,69,,22149,16,,,1,30,,22167,16,,,1,70,,22147,16,,,1,30,,22173,16,,,1,70,,22151,16,,,1,30,,22171,16,,,1,70,,22153,16,,,1,30,,22166,16,,,1,70,,22154,16,,,1,30,,22162,16,,,1,70,,22156,16,,,1,30,,22165,16,,,1,70,,22158,16,,,1,30,,22172,16,,,1,70,,22155,16,,,1,30,,22168,16,,,1,70,,22159,16,,,1,30,,22163,16,,,1,70,,22157,16,,,1,30,,22164,16,,,1,70,,22160,16,,,1,100,,22161,16,,,1,100,,22148,16,,,1
11200,'KP:323:0:Weekday:3:26MAR:12345',640,,22174,16,,,1
11200,'KP:323:0:Weekday:4:26MAR:12345',640,,22175,16,,,1
