10900,'H:113:6:Sunday:3:26MAR:1234567',836,,21916,31,,,1,103,,21920,31,,,1,100,,21911,31,,,1,101,,21912,31,,,1,103,,21923,31,,,1,101,,21914,31,,,1,99,,21919,31,,,1,99,,21913,31,,,1,99,,21915,31,,,1,98,,21922,31,,,1,99,,21918,31,,,1,99,,21921,31,,,1,100,,21917,31,,,1,98,,21924,31,,,1
10900,'H:123:0:Weekday:3:26MAR:12345',532,,21938,31,,,1,107,,21932,31,,,1,108,,21928,31,,,1,95,,21934,31,,,1,104,,21941,31,,,1,100,,21926,31,,,1,100,,21940,31,,,1,100,,21939,31,,,1,100,,21931,31,,,1,103,,21937,31,,,1,101,,21929,31,,,1,101,,21933,31,,,1,99,,21936,31,,,1,97,,21930,31,,,1,97,,21927,31,,,1,98,,21925,31,,,1,100,,21935,31,,,1
10900,'H:123:0:Weekday:4:26MAR:12345',532,,21955,31,,,1,107,,21949,31,,,1,108,,21945,31,,,1,95,,21951,31,,,1,104,,21958,31,,,1,100,,21943,31,,,1,100,,21957,31,,,1,100,,21956,31,,,1,100,,21948,31,,,1,103,,21954,31,,,1,101,,21946,31,,,1,101,,21950,31,,,1,99,,21953,31,,,1,97,,21947,31,,,1,97,,21944,31,,,1,98,,21942,31,,,1,100,,21952,31,,,1
10900,'H:173:5:Saturday:3:26MAR:6',737,,21963,31,,,1,101,,21966,31,,,1,101,,21962,31,,,1,104,,21959,31,,,1,101,,21971,31,,,1,101,,21964,31,,,1,101,,21969,31,,,1,100,,21960,31,,,1,97,,21961,31,,,1,100,,21973,31,,,1,100,,21965,31,,,1,97,,21970,31,,,1,99,,21967,31,,,1,99,,21968,31,,,1,99,,21972,31,,,1
20100,'H:113:6:Sunday:3:26MAR:1234567',812,,23640,31,,,1,101,,23642,31,,,1,100,,23643,31,,,1,40,,23641,31,,,1,80,,23644,31,,,1,80,,23639,31,,,1,40,,23645,31,,,1,80,,23646,31,,,1,80,,23647,31,,,1,40,,23648,31,,,1,80,,23650,31,,,1,80,,23651,31,,,1,40,,23652,31,,,1,80,,23654,31,,,1,80,,23655,31,,,1,40,,23656,31,,,1,80,,23657,31,,,1,80,,23658,31,,,1,100,,23649,31,,,1,100,,23653,31,,,1
20100,'H:123:0:Weekday:3:26MAR:12345',547,,23663,31,,,1,187,,23664,31,,,1,100,,23665,31,,,1,70,,23666,31,,,1,631,,23667,31,,,1,200,,23674,31,,,1,69,,23668,31,,,1,29,,23669,31,,,1,70,,23670,31,,,1,30,,23659,31,,,1,70,,23661,31,,,1,30,,23660,31,,,1,70,,23662,31,,,1,30,,23671,31,,,1,70,,23672,31,,,1,50,,23673,31,,,1
20100,'H:123:0:Weekday:4:26MAR:12345',547,,23679,31,,,1,187,,23680,31,,,1,100,,23681,31,,,1,70,,23682,31,,,1,631,,23683,31,,,1,200,,23690,31,,,1,69,,23684,31,,,1,29,,23685,31,,,1,70,,23686,31,,,1,30,,23675,31,,,1,70,,23677,31,,,1,30,,23676,31,,,1,70,,23678,31,,,1,30,,23687,31,,,1,70,,23688,31,,,1,50,,23689,31,,,1
20100,'H:173:5:Saturday:3:26MAR:6',712,,23703,31,,,1,100,,23693,31,,,1,101,,23702,31,,,1,100,,23694,31,,,1,40,,23695,31,,,1,80,,23700,31,,,1,80,,23701,31,,,1,40,,23692,31,,,1,80,,23704,31,,,1,80,,23696,31,,,1,40,,23691,31,,,1,80,,23705,31,,,1,80,,23697,31,,,1,40,,23699,31,,,1,80,,23708,31,,,1,80,,23709,31,,,1,40,,23710,31,,,1,80,,23707,31,,,1,80,,23711,31,,,1,99,,23698,31,,,1,100,,23706,31,,,1
20100,'KP:323:0:Weekday:3:26MAR:12345',628,,23729,31,,,1,76,,23726,31,,,1,100,,23725,31,,,1,130,,23728,31,,,1,70,,23727,31,,,1,30,,23719,31,,,1,70,,23713,31,,,1,30,,23720,31,,,1,70,,23718,31,,,1,30,,23723,31,,,1,70,,23724,31,,,1,30,,23721,31,,,1,70,,23712,31,,,1,30,,23714,31,,,1,70,,23716,31,,,1,101,,23715,31,,,1,30,,23717,31,,,1,70,,23722,31,,,1
20100,'KP:323:0:Weekday:4:26MAR:12345',628,,23747,31,,,1,76,,23744,31,,,1,100,,23743,31,,,1,130,,23746,31,,,1,70,,23745,31,,,1,30,,23737,31,,,1,70,,23731,31,,,1,30,,23738,31,,,1,70,,23736,31,,,1,30,,23741,31,,,1,70,,23742,31,,,1,30,,23739,31,,,1,70,,23730,31,,,1,30,,23732,31,,,1,70,,23734,31,,,1,101,,23733,31,,,1,30,,23735,31,,,1,70,,23740,31,,,1
20200,'H:113:6:Sunday:3:26MAR:1234567',742,,23869,41,,,1,100,,23856,41,,,1,101,,23855,41,,,1,90,,23857,41,,,1,80,,23858,41,,,1,40,,23859,41,,,1,80,,23862,41,,,1,81,,23860,41,,,1,40,,23863,41,,,1,80,,23861,41,,,1,79,,23865,41,,,1,40,,23864,41,,,1,80,,23866,41,,,1,80,,23870,41,,,1,40,,23871,41,,,1,80,,23872,41,,,1,80,,23873,41,,,1,40,,23874,41,,,1,90,,23867,41,,,1,100,,23868,41,,,1
20200,'H:123:0:Weekday:3:26MAR:12345',453,,23890,2,,,1,74,,23875,41,,,1,81,,23878,41,,,1,40,,23882,41,,,1,71,,23883,41,,,1,130,,23884,41,,,1,70,,23885,41,,,1,530,,23886,41,,,1,171,,23887,41,,,1,31,,23888,41,,,1,70,,23889,41,,,1,127,,23881,41,,,1,70,,23879,41,,,1,30,,23876,41,,,1,70,,23877,41,,,1,30,,23880,41,,,1,70,,23891,41,,,1,30,,23892,41,,,1,74,,23893,41,,,1
20200,'H:123:0:Weekday:4:26MAR:12345',453,,23909,2,,,1,74,,23894,41,,,1,81,,23897,41,,,1,40,,23901,41,,,1,71,,23902,41,,,1,130,,23903,41,,,1,70,,23904,41,,,1,530,,23905,41,,,1,171,,23906,41,,,1,31,,23907,41,,,1,70,,23908,41,,,1,127,,23900,41,,,1,70,,23898,41,,,1,30,,23895,41,,,1,70,,23896,41,,,1,30,,23899,41,,,1,70,,23910,41,,,1,30,,23911,41,,,1,74,,23912,41,,,1
20200,'H:173:5:Saturday:3:26MAR:6',611,,23930,41,,,1,30,,23914,41,,,1,100,,23915,41,,,1,101,,23926,41,,,1,100,,23920,41,,,1,91,,23913,41,,,1,80,,23916,41,,,1,40,,23924,41,,,1,80,,23918,41,,,1,80,,23917,41,,,1,40,,23919,41,,,1,80,,23927,41,,,1,80,,23921,41,,,1,40,,23922,41,,,1,80,,23923,41,,,1,80,,23931,41,,,1,40,,23932,41,,,1,80,,23933,41,,,1,80,,23934,41,,,1,40,,23935,41,,,1,89,,23928,41,,,1,100,,23925,41,,,1,99,,23929,41,,,1
20200,'KP:323:0:Weekday:3:26MAR:12345',749,,23949,41,,,1,70,,23950,41,,,1,130,,23951,41,,,1,70,,23947,41,,,1,30,,23936,41,,,1,70,,23938,41,,,1,30,,23942,41,,,1,70,,23946,41,,,1,30,,23941,41,,,1,70,,23948,41,,,1,30,,23945,41,,,1,70,,23937,41,,,1,101,,23944,41,,,1,30,,23940,41,,,1,200,,23939,41,,,1,69,,23943,41,,,1
20200,'KP:323:0:Weekday:4:26MAR:12345',749,,23965,41,,,1,70,,23966,41,,,1,130,,23967,41,,,1,70,,23963,41,,,1,30,,23952,41,,,1,70,,23954,41,,,1,30,,23958,41,,,1,70,,23962,41,,,1,30,,23957,41,,,1,70,,23964,41,,,1,30,,23961,41,,,1,70,,23953,41,,,1,101,,23960,41,,,1,30,,23956,41,,,1,200,,23955,41,,,1,69,,23959,41,,,1
