20101,'H:111:6:Sunday:1:26SEP:1234567',742,,30923,16,,,1,100,,30909,16,,,1,101,,30911,16,,,1,90,,30912,16,,,1,80,,30914,16,,,1,40,,30915,16,,,1,80,,30913,16,,,1,80,,30910,16,,,1,40,,30917,16,,,1,80,,30918,16,,,1,80,,30919,16,,,1,40,,30920,16,,,1,80,,30916,16,,,1,80,,30924,16,,,1,40,,30925,16,,,1,80,,30926,16,,,1,80,,30927,16,,,1,40,,30928,16,,,1,90,,30921,16,,,1,100,,30922,16,,,1
20101,'H:111:6:Sunday:2:26SEP:1234567',742,,30943,16,,,1,100,,30929,16,,,1,101,,30931,16,,,1,90,,30932,16,,,1,80,,30934,16,,,1,40,,30935,16,,,1,80,,30933,16,,,1,80,,30930,16,,,1,40,,30937,16,,,1,80,,30938,16,,,1,80,,30939,16,,,1,40,,30940,16,,,1,80,,30936,16,,,1,80,,30944,16,,,1,40,,30945,16,,,1,80,,30946,16,,,1,80,,30947,16,,,1,40,,30948,16,,,1,90,,30941,16,,,1,100,,30942,16,,,1
20101,'H:121:0:Weekday:1:26SEP:12345',608,,30952,16,,,1,221,,30966,16,,,1,29,,30962,16,,,1,472,,30963,16,,,1,101,,30960,16,,,1,70,,30965,16,,,1,131,,30961,16,,,1,99,,30955,16,,,1,28,,30956,16,,,1,70,,30964,16,,,1,29,,30954,16,,,1,70,,30953,16,,,1,30,,30949,16,,,1,70,,30951,16,,,1,30,,30950,16,,,1,70,,30958,16,,,1,30,,30959,16,,,1,69,,30957,16,,,1
20101,'H:121:0:Weekday:2:26SEP:12345',608,,30970,16,,,1,221,,30984,16,,,1,29,,30980,16,,,1,472,,30981,16,,,1,101,,30978,16,,,1,70,,30983,16,,,1,131,,30979,16,,,1,99,,30973,16,,,1,28,,30974,16,,,1,70,,30982,16,,,1,29,,30972,16,,,1,70,,30971,16,,,1,30,,30967,16,,,1,70,,30969,16,,,1,30,,30968,16,,,1,70,,30976,16,,,1,30,,30977,16,,,1,69,,30975,16,,,1
20101,'H:171:5:Saturday:1:26SEP:6',743,,30991,16,,,1,100,,30985,16,,,1,101,,30986,16,,,1,90,,30997,16,,,1,80,,30990,16,,,1,40,,30987,16,,,1,81,,30988,16,,,1,80,,30999,16,,,1,40,,30993,16,,,1,80,,30989,16,,,1,80,,30992,16,,,1,40,,30998,16,,,1,80,,30995,16,,,1,80,,31001,16,,,1,39,,31002,16,,,1,79,,31003,16,,,1,80,,31004,16,,,1,40,,31005,16,,,1,90,,30996,16,,,1,100,,30994,16,,,1,100,,31000,16,,,1
20101,'H:171:5:Saturday:2:26SEP:6',743,,31012,16,,,1,100,,31006,16,,,1,101,,31007,16,,,1,90,,31018,16,,,1,80,,31011,16,,,1,40,,31008,16,,,1,81,,31009,16,,,1,80,,31020,16,,,1,40,,31014,16,,,1,80,,31010,16,,,1,80,,31013,16,,,1,40,,31019,16,,,1,80,,31016,16,,,1,80,,31022,16,,,1,39,,31023,16,,,1,79,,31024,16,,,1,80,,31025,16,,,1,40,,31026,16,,,1,90,,31017,16,,,1,100,,31015,16,,,1,100,,31021,16,,,1
20101,'KP:321:0:Weekday:1:26SEP:12345',648,,31027,16,,,1,80,,31028,16,,,1,31,,31035,16,,,1,169,,31036,16,,,1,30,,31037,16,,,1,71,,31038,16,,,1,30,,31039,16,,,1,70,,31033,16,,,1,30,,31041,16,,,1,70,,31040,16,,,1,30,,31029,16,,,1,142,,31032,16,,,1,131,,31031,16,,,1,70,,31034,16,,,1,100,,31030,16,,,1
20101,'KP:321:0:Weekday:2:26SEP:12345',648,,31042,16,,,1,80,,31043,16,,,1,31,,31050,16,,,1,169,,31051,16,,,1,30,,31052,16,,,1,71,,31053,16,,,1,30,,31054,16,,,1,70,,31048,16,,,1,30,,31056,16,,,1,70,,31055,16,,,1,30,,31044,16,,,1,142,,31047,16,,,1,131,,31046,16,,,1,70,,31049,16,,,1,100,,31045,16,,,1
20201,'H:111:6:Sunday:1:26SEP:1234567',652,,31238,16,,,1,160,,31219,16,,,1,101,,31220,16,,,1,100,,31222,16,,,1,40,,31223,16,,,1,80,,31221,16,,,1,80,,31225,16,,,1,40,,31224,16,,,1,80,,31226,16,,,1,80,,31227,16,,,1,40,,31228,16,,,1,80,,31230,16,,,1,80,,31229,16,,,1,40,,31231,16,,,1,80,,31233,16,,,1,80,,31234,16,,,1,40,,31235,16,,,1,80,,31236,16,,,1,80,,31237,16,,,1,100,,31232,16,,,1,99,,31239,16,,,1
20201,'H:111:6:Sunday:2:26SEP:1234567',652,,31259,16,,,1,160,,31240,16,,,1,101,,31241,16,,,1,100,,31243,16,,,1,40,,31244,16,,,1,80,,31242,16,,,1,80,,31246,16,,,1,40,,31245,16,,,1,80,,31247,16,,,1,80,,31248,16,,,1,40,,31249,16,,,1,80,,31251,16,,,1,80,,31250,16,,,1,40,,31252,16,,,1,80,,31254,16,,,1,80,,31255,16,,,1,40,,31256,16,,,1,80,,31257,16,,,1,80,,31258,16,,,1,100,,31253,16,,,1,99,,31260,16,,,1
20201,'H:121:0:Weekday:1:26SEP:12345',507,,31278,16,,,1,201,,31269,16,,,1,35,,31275,16,,,1,71,,31280,16,,,1,200,,31276,16,,,1,30,,31277,16,,,1,70,,31274,16,,,1,30,,31279,16,,,1,272,,31273,16,,,1,101,,31266,16,,,1,130,,31265,16,,,1,99,,31267,16,,,1,98,,31268,16,,,1,99,,31264,16,,,1,70,,31262,16,,,1,30,,31261,16,,,1,70,,31270,16,,,1,30,,31271,16,,,1,69,,31272,16,,,1,91,,31263,16,,,1
20201,'H:121:0:Weekday:2:26SEP:12345',507,,31298,16,,,1,201,,31289,16,,,1,35,,31295,16,,,1,71,,31300,16,,,1,200,,31296,16,,,1,30,,31297,16,,,1,70,,31294,16,,,1,30,,31299,16,,,1,272,,31293,16,,,1,101,,31286,16,,,1,130,,31285,16,,,1,99,,31287,16,,,1,98,,31288,16,,,1,99,,31284,16,,,1,70,,31282,16,,,1,30,,31281,16,,,1,70,,31290,16,,,1,30,,31291,16,,,1,69,,31292,16,,,1,91,,31283,16,,,1
20201,'H:171:5:Saturday:1:26SEP:6',623,,31322,16,,,1,30,,31315,16,,,1,160,,31306,16,,,1,100,,31308,16,,,1,101,,31314,16,,,1,40,,31303,16,,,1,80,,31302,16,,,1,81,,31311,16,,,1,40,,31312,16,,,1,80,,31304,16,,,1,80,,31301,16,,,1,40,,31305,16,,,1,80,,31307,16,,,1,80,,31309,16,,,1,40,,31310,16,,,1,79,,31317,16,,,1,80,,31318,16,,,1,39,,31319,16,,,1,80,,31320,16,,,1,80,,31321,16,,,1,100,,31313,16,,,1,100,,31316,16,,,1,100,,31323,16,,,1
20201,'H:171:5:Saturday:2:26SEP:6',623,,31345,16,,,1,30,,31338,16,,,1,160,,31329,16,,,1,100,,31331,16,,,1,101,,31337,16,,,1,40,,31326,16,,,1,80,,31325,16,,,1,81,,31334,16,,,1,40,,31335,16,,,1,80,,31327,16,,,1,80,,31324,16,,,1,40,,31328,16,,,1,80,,31330,16,,,1,80,,31332,16,,,1,40,,31333,16,,,1,79,,31340,16,,,1,80,,31341,16,,,1,39,,31342,16,,,1,80,,31343,16,,,1,80,,31344,16,,,1,100,,31336,16,,,1,100,,31339,16,,,1,100,,31346,16,,,1
20201,'KP:321:0:Weekday:1:26SEP:12345',547,,31347,16,,,1,81,,31355,16,,,1,215,,31356,16,,,1,70,,31357,16,,,1,30,,31360,16,,,1,271,,31358,16,,,1,30,,31359,16,,,1,70,,31361,16,,,1,31,,31348,16,,,1,101,,31353,16,,,1,101,,31354,16,,,1,70,,31349,16,,,1,99,,31350,16,,,1,98,,31351,16,,,1,99,,31352,16,,,1
20201,'KP:321:0:Weekday:2:26SEP:12345',547,,31362,16,,,1,81,,31370,16,,,1,215,,31371,16,,,1,70,,31372,16,,,1,30,,31375,16,,,1,271,,31373,16,,,1,30,,31374,16,,,1,70,,31376,16,,,1,31,,31363,16,,,1,101,,31368,16,,,1,101,,31369,16,,,1,70,,31364,16,,,1,99,,31365,16,,,1,98,,31366,16,,,1,99,,31367,16,,,1
