10900,'H:111:6:Sunday:1:26SEP:1234567',808,,28416,17,,,1,101,,28420,17,,,1,100,,28411,17,,,1,100,,28412,17,,,1,100,,28423,17,,,1,101,,28414,17,,,1,100,,28419,17,,,1,100,,28413,17,,,1,99,,28415,17,,,1,100,,28422,17,,,1,100,,28418,17,,,1,100,,28421,17,,,1,100,,28417,17,,,1,99,,28424,17,,,1
10900,'H:111:6:Sunday:2:26SEP:1234567',808,,28430,17,,,1,101,,28434,17,,,1,100,,28425,17,,,1,100,,28426,17,,,1,100,,28437,17,,,1,101,,28428,17,,,1,100,,28433,17,,,1,100,,28427,17,,,1,99,,28429,17,,,1,100,,28436,17,,,1,100,,28432,17,,,1,100,,28435,17,,,1,100,,28431,17,,,1,99,,28438,17,,,1
10900,'H:121:0:Weekday:1:26SEP:12345',505,,28452,17,,,1,102,,28446,17,,,1,102,,28442,17,,,1,100,,28448,17,,,1,105,,28455,17,,,1,100,,28440,17,,,1,100,,28454,17,,,1,100,,28453,17,,,1,100,,28445,17,,,1,100,,28451,17,,,1,101,,28443,17,,,1,101,,28447,17,,,1,99,,28450,17,,,1,99,,28444,17,,,1,99,,28441,17,,,1,99,,28439,17,,,1,100,,28449,17,,,1
10900,'H:121:0:Weekday:2:26SEP:12345',505,,28469,17,,,1,102,,28463,17,,,1,102,,28459,17,,,1,100,,28465,17,,,1,105,,28472,17,,,1,100,,28457,17,,,1,100,,28471,17,,,1,100,,28470,17,,,1,100,,28462,17,,,1,100,,28468,17,,,1,101,,28460,17,,,1,101,,28464,17,,,1,99,,28467,17,,,1,99,,28461,17,,,1,99,,28458,17,,,1,99,,28456,17,,,1,100,,28466,17,,,1
10900,'H:171:5:Saturday:1:26SEP:6',709,,28477,17,,,1,100,,28480,17,,,1,101,,28476,17,,,1,101,,28473,17,,,1,100,,28485,17,,,1,101,,28478,17,,,1,100,,28483,17,,,1,100,,28474,17,,,1,99,,28475,17,,,1,100,,28487,17,,,1,99,,28479,17,,,1,100,,28484,17,,,1,100,,28481,17,,,1,99,,28482,17,,,1,100,,28486,17,,,1
10900,'H:171:5:Saturday:2:26SEP:6',709,,28492,17,,,1,100,,28495,17,,,1,101,,28491,17,,,1,101,,28488,17,,,1,100,,28500,17,,,1,101,,28493,17,,,1,100,,28498,17,,,1,100,,28489,17,,,1,99,,28490,17,,,1,100,,28502,17,,,1,99,,28494,17,,,1,100,,28499,17,,,1,100,,28496,17,,,1,99,,28497,17,,,1,100,,28501,17,,,1
27001,'H:121:0:Weekday:1:26SEP:12345',538,,32157,12,,,1,21,,32156,12,0,5,1,100,,32155,12,0,5,1
27001,'H:121:0:Weekday:2:26SEP:12345',538,,32160,12,,,1,21,,32159,12,0,5,1,100,,32158,12,0,5,1
27101,'H:111:6:Sunday:1:26SEP:1234567',719,,32268,12,,,1,110,,32258,12,,,1,100,,32255,12,,,1,100,,32256,12,,,1,100,,32257,12,,,1,100,,32259,12,,,1,100,,32266,12,,,1,100,,32260,12,,,1,100,,32261,12,,,1,100,,32263,12,,,1,100,,32262,12,,,1,100,,32264,12,,,1,100,,32267,12,,,1,100,,32265,12,,,1
27101,'H:111:6:Sunday:2:26SEP:1234567',719,,32282,12,,,1,110,,32272,12,,,1,100,,32269,12,,,1,100,,32270,12,,,1,100,,32271,12,,,1,100,,32273,12,,,1,100,,32280,12,,,1,100,,32274,12,,,1,100,,32275,12,,,1,100,,32277,12,,,1,100,,32276,12,,,1,100,,32278,12,,,1,100,,32281,12,,,1,100,,32279,12,,,1
27101,'H:121:0:Weekday:1:26SEP:12345',629,,32283,12,,,1,100,,32284,12,,,1,100,,32293,12,,,1,200,,32285,12,,,1,201,,32286,12,,,1,201,,32287,12,,,1,200,,32288,12,,,1,199,,32289,12,,,1,100,,32290,12,,,1,99,,32291,12,,,1,100,,32292,12,,,1
27101,'H:121:0:Weekday:2:26SEP:12345',629,,32294,12,,,1,100,,32295,12,,,1,100,,32304,12,,,1,200,,32296,12,,,1,201,,32297,12,,,1,201,,32298,12,,,1,200,,32299,12,,,1,199,,32300,12,,,1,100,,32301,12,,,1,99,,32302,12,,,1,100,,32303,12,,,1
27101,'H:171:5:Saturday:1:26SEP:6',719,,32305,12,,,1,110,,32311,12,,,1,100,,32308,12,,,1,101,,32312,12,,,1,100,,32309,12,,,1,100,,32314,12,,,1,100,,32310,12,,,1,100,,32315,12,,,1,100,,32307,12,,,1,100,,32313,12,,,1,100,,32306,12,,,1,99,,32316,12,,,1,100,,32317,12,,,1,100,,32318,12,,,1,100,,32319,12,,,1
27101,'H:171:5:Saturday:2:26SEP:6',719,,32320,12,,,1,110,,32326,12,,,1,100,,32323,12,,,1,101,,32327,12,,,1,100,,32324,12,,,1,100,,32329,12,,,1,100,,32325,12,,,1,100,,32330,12,,,1,100,,32322,12,,,1,100,,32328,12,,,1,100,,32321,12,,,1,99,,32331,12,,,1,100,,32332,12,,,1,100,,32333,12,,,1,100,,32334,12,,,1
27101,'KP:321:0:Weekday:1:26SEP:12345',929,,32335,12,,,1,200,,32336,12,,,1,201,,32339,12,,,1,201,,32337,12,,,1,171,,32338,12,0,5,1,29,,32340,12,,,1
27101,'KP:321:0:Weekday:2:26SEP:12345',929,,32341,12,,,1,200,,32342,12,,,1,201,,32345,12,,,1,201,,32343,12,,,1,171,,32344,12,0,5,1,29,,32346,12,,,1
90800,'H:121:0:Weekday:1:26SEP:12345',432,,35418,6,,,1,125,,35417,6,,,1
90800,'H:121:0:Weekday:2:26SEP:12345',432,,35420,6,,,1,125,,35419,6,,,1
90800,'KP:321:0:Weekday:1:26SEP:12345',502,,35423,6,,,1,130,,35422,6,,,1,110,,35421,6,,,1
90800,'KP:321:0:Weekday:2:26SEP:12345',502,,35426,6,,,1,130,,35425,6,,,1,110,,35424,6,,,1
