101,10100,'H:111:6:Sunday:1:26SEP:1234567',27251,27252,27253,27254,27255,27256,27257,27258,27259,27260,27261,27262,27263,27264,27265,27266,27267,27268,27269,27270
101,10100,'H:121:0:Weekday:1:26SEP:12345',27291,27292,27293,27294,27295,27296,27297,27298,27299,27300,27301,27302,27303,27304,27305,27306,27307,27308,27309,27310,27311,27312,27313,27314,27315,27316,27317,27318,27319,27320,27321,27322,27323,27324
101,10100,'H:171:5:Saturday:1:26SEP:6',27359,27360,27361,27362,27363,27364,27365,27366,27367,27368,27369,27370,27371,27372,27373,27374,27375,27376,27377,27378,27379,27380,27381
101,10100,'KP:321:0:Weekday:1:26SEP:12345',27405,27406
101,10101,'H:111:6:Sunday:1:26SEP:1234567',27409,27410,27411,27412,27413,27414,27415,27416,27417,27418,27419,27420,27421,27422,27423,27424,27425,27426,27427,27428
101,10101,'H:121:0:Weekday:1:26SEP:12345',27449,27450,27451,27452,27453,27454,27455,27456,27457,27458,27459,27460,27461,27462,27463,27464,27465,27466,27467,27468,27469,27470,27471,27472,27473,27474,27475,27476,27477,27478,27479,27480,27481,27482,27483,27484
101,10101,'H:171:5:Saturday:1:26SEP:6',27521,27522,27523,27524,27525,27526,27527,27528,27529,27530,27531,27532,27533,27534,27535,27536,27537,27538,27539,27540,27541,27542,27543
101,10101,'KP:321:0:Weekday:1:26SEP:12345',27567
102,10200,'H:111:6:Sunday:1:26SEP:1234567',27569,27570,27571,27572,27573,27574,27575,27576,27577,27578,27579,27580,27581,27582,27583,27584,27585,27586,27587,27588,27589,27590,27591,27592,27593,27594,27595,27596
102,10200,'H:121:0:Weekday:1:26SEP:12345',27625,27626,27627,27628,27629,27630,27631,27632,27633,27634,27635,27636,27637,27638,27639,27640,27641,27642
102,10200,'H:171:5:Saturday:1:26SEP:6',27661,27662,27663,27664,27665,27666,27667,27668,27669,27670,27671,27672,27673,27674,27675,27676,27677,27678,27679,27680,27681,27682,27683,27684,27685,27686,27687,27688,27689,27690
102,10200,'KP:321:0:Weekday:1:26SEP:12345',27721,27722,27723,27724,27725,27726,27727,27728,27729,27730,27731,27732,27733,27734
102,10201,'H:111:6:Sunday:1:26SEP:1234567',27749,27750,27751,27752,27753,27754,27755,27756,27757,27758,27759,27760,27761,27762,27763,27764,27765,27766,27767,27768,27769,27770,27771,27772,27773,27774,27775,27776
102,10201,'H:121:0:Weekday:1:26SEP:12345',27805,27806,27807,27808,27809,27810,27811,27812,27813,27814,27815,27816,27817,27818,27819,27820,27821
102,10201,'H:171:5:Saturday:1:26SEP:6',27839,27840,27841,27842,27843,27844,27845,27846,27847,27848,27849,27850,27851,27852,27853,27854,27855,27856,27857,27858,27859,27860,27861,27862,27863,27864,27865,27866,27867,27868,27869
102,10201,'KP:321:0:Weekday:1:26SEP:12345',27901,27902,27903,27904,27905,27906,27907,27908,27909,27910,27911,27912,27913,27914,27915,27916
103,10300,'H:111:6:Sunday:1:26SEP:1234567',27933,27934,27935,27936,27937,27938,27939,27940,27941,27942,27943,27944,27945,27946,27947,27948,27949
103,10300,'H:121:0:Weekday:1:26SEP:12345',27967,27968,27969,27970,27971,27972,27973,27974,27975,27976,27977,27978,27979,27980,27981,27982,27983,27984,27985,27986,27987,27988,27989,27990,27991,27992,27993,27994,27995,27996,27997,27998,27999,28000,28001
103,10300,'H:171:5:Saturday:1:26SEP:6',28037,28038,28039,28040,28041,28042,28043,28044,28045,28046,28047,28048,28049,28050,28051,28052,28053,28054
103,10301,'H:111:6:Sunday:1:26SEP:1234567',28073,28074,28075,28076,28077,28078,28079,28080,28081,28082,28083,28084,28085,28086,28087,28088,28089
103,10301,'H:121:0:Weekday:1:26SEP:12345',28107,28108,28109,28110,28111,28112,28113,28114,28115,28116,28117,28118,28119,28120,28121,28122,28123,28124,28125,28126,28127,28128,28129,28130,28131,28132,28133,28134,28135,28136,28137,28138,28139,28140,28141
103,10301,'H:171:5:Saturday:1:26SEP:6',28177,28178,28179,28180,28181,28182,28183,28184,28185,28186,28187,28188,28189,28190,28191,28192,28193,28194
106,10600,'H:111:6:Sunday:1:26SEP:1234567',28213,28214,28215,28216,28217,28218,28219,28220,28221,28222,28223,28224,28225,28226,28227
106,10600,'H:121:0:Weekday:1:26SEP:12345',28243,28244,28245,28246,28247,28248,28249,28250,28251,28252,28253,28254,28255,28256,28257,28258,28259
106,10600,'H:171:5:Saturday:1:26SEP:6',28277,28278,28279,28280,28281,28282,28283,28284,28285,28286,28287,28288,28289,28290,28291,28292,28293
106,10601,'H:111:6:Sunday:1:26SEP:1234567',28311,28312,28313,28314,28315,28316,28317,28318,28319,28320,28321,28322,28323,28324,28325
106,10601,'H:121:0:Weekday:1:26SEP:12345',28341,28342,28343,28344,28345,28346,28347,28348,28349,28350,28351,28352,28353,28354,28355,28356,28357,28358
106,10601,'H:171:5:Saturday:1:26SEP:6',28377,28378,28379,28380,28381,28382,28383,28384,28385,28386,28387,28388,28389,28390,28391,28392,28393
109,10900,'H:111:6:Sunday:1:26SEP:1234567',28411,28412,28413,28414,28415,28416,28417,28418,28419,28420,28421,28422,28423,28424
109,10900,'H:121:0:Weekday:1:26SEP:12345',28439,28440,28441,28442,28443,28444,28445,28446,28447,28448,28449,28450,28451,28452,28453,28454,28455
109,10900,'H:171:5:Saturday:1:26SEP:6',28473,28474,28475,28476,28477,28478,28479,28480,28481,28482,28483,28484,28485,28486,28487
109,10901,'H:111:6:Sunday:1:26SEP:1234567',28503,28504,28505,28506,28507,28508,28509,28510,28511,28512,28513,28514,28515,28516
109,10901,'H:121:0:Weekday:1:26SEP:12345',28531,28532,28533,28534,28535,28536,28537,28538,28539,28540,28541,28542,28543,28544,28545,28546,28547,28548
109,10901,'H:171:5:Saturday:1:26SEP:6',28567,28568,28569,28570,28571,28572,28573,28574,28575,28576,28577,28578,28579,28580,28581
111,11100,'H:121:0:Weekday:1:26SEP:12345',28597,28598
111,11101,'H:121:0:Weekday:1:26SEP:12345',28601,28602
112,11200,'H:111:6:Sunday:1:26SEP:1234567',28605,28606,28607,28608,28609,28610,28611,28612,28613,28614,28615,28616,28617,28618,28619,28620,28621,28622,28623,28624,28625,28626,28627,28628,28629,28630
112,11200,'H:121:0:Weekday:1:26SEP:12345',28657,28658,28659,28660,28661,28662,28663,28664,28665,28666,28667,28668,28669,28670,28671,28672,28673,28674,28675,28676,28677,28678,28679,28680,28681,28682,28683,28684,28685,28686,28687,28688,28689,28690,28691,28692,28693,28694
112,11200,'H:171:5:Saturday:1:26SEP:6',28733,28734,28735,28736,28737,28738,28739,28740,28741,28742,28743,28744,28745,28746,28747,28748,28749,28750,28751,28752,28753,28754,28755,28756,28757,28758,28759
112,11201,'H:111:6:Sunday:1:26SEP:1234567',28787,28788,28789,28790,28791,28792,28793,28794,28795,28796,28797,28798,28799,28800,28801,28802,28803,28804,28805,28806,28807,28808,28809,28810,28811,28812
112,11201,'H:121:0:Weekday:1:26SEP:12345',28839,28840,28841,28842,28843,28844,28845,28846,28847,28848,28849,28850,28851,28852,28853,28854,28855,28856,28857,28858,28859,28860,28861,28862,28863,28864,28865,28866,28867,28868,28869,28870,28871,28872,28873,28874,28875,28876,28877
112,11201,'H:171:5:Saturday:1:26SEP:6',28917,28918,28919,28920,28921,28922,28923,28924,28925,28926,28927,28928,28929,28930,28931,28932,28933,28934,28935,28936,28937,28938,28939,28940,28941,28942,28943
114,11400,'H:111:6:Sunday:1:26SEP:1234567',28971,28972,28973,28974,28975,28976,28977,28978,28979,28980,28981,28982,28983,28984
114,11400,'H:121:0:Weekday:1:26SEP:12345',28999,29000,29001,29002,29003,29004,29005,29006,29007,29008,29009,29010,29011,29012,29013,29014,29015,29016,29017,29018,29019,29020,29021,29022,29023,29024,29025,29026,29027,29028
114,11400,'H:171:5:Saturday:1:26SEP:6',29059,29060,29061,29062,29063,29064,29065,29066,29067,29068,29069,29070,29071,29072,29073,29074,29075
114,11400,'KP:321:0:Weekday:1:26SEP:12345',29093,29094
114,11401,'H:111:6:Sunday:1:26SEP:1234567',29097,29098,29099,29100,29101,29102,29103,29104,29105,29106,29107,29108,29109,29110
114,11401,'H:121:0:Weekday:1:26SEP:12345',29125,29126,29127,29128,29129,29130,29131,29132,29133,29134,29135,29136,29137,29138,29139,29140,29141,29142,29143,29144,29145,29146,29147,29148,29149,29150,29151,29152,29153,29154
114,11401,'H:171:5:Saturday:1:26SEP:6',29185,29186,29187,29188,29189,29190,29191,29192,29193,29194,29195,29196,29197,29198,29199,29200
114,11401,'KP:321:0:Weekday:1:26SEP:12345',29217,29218
117,11700,'H:111:6:Sunday:1:26SEP:1234567',29221,29222,29223,29224,29225,29226,29227,29228,29229,29230,29231,29232,29233,29234,29235,29236,29237,29238,29239,29240
117,11700,'H:121:0:Weekday:1:26SEP:12345',29261,29262,29263,29264,29265,29266,29267,29268,29269,29270,29271
117,11700,'H:171:5:Saturday:1:26SEP:6',29283,29284,29285,29286,29287,29288,29289,29290,29291,29292,29293,29294,29295,29296,29297,29298,29299,29300,29301,29302,29303,29304,29305
117,11700,'KP:321:0:Weekday:1:26SEP:12345',29329,29330,29331,29332,29333,29334,29335,29336,29337,29338,29339,29340,29341,29342,29343,29344,29345,29346,29347,29348,29349,29350,29351
117,11701,'H:111:6:Sunday:1:26SEP:1234567',29375,29376,29377,29378,29379,29380,29381,29382,29383,29384,29385,29386,29387,29388,29389,29390,29391,29392,29393,29394
117,11701,'H:121:0:Weekday:1:26SEP:12345',29415,29416,29417,29418,29419,29420,29421,29422,29423,29424
117,11701,'H:171:5:Saturday:1:26SEP:6',29435,29436,29437,29438,29439,29440,29441,29442,29443,29444,29445,29446,29447,29448,29449,29450,29451,29452,29453,29454,29455,29456,29457,29458
117,11701,'KP:321:0:Weekday:1:26SEP:12345',29483,29484,29485,29486,29487,29488,29489,29490,29491,29492,29493,29494,29495,29496,29497,29498,29499,29500,29501,29502,29503,29504
119,11900,'H:111:6:Sunday:1:26SEP:1234567',29527,29528,29529,29530,29531,29532,29533,29534,29535,29536,29537,29538,29539
119,11900,'H:121:0:Weekday:1:26SEP:12345',29553,29554,29555,29556,29557,29558,29559,29560,29561,29562,29563,29564,29565,29566,29567,29568,29569,29570,29571,29572,29573,29574,29575,29576,29577,29578,29579,29580,29581
119,11900,'H:171:5:Saturday:1:26SEP:6',29611,29612,29613,29614,29615,29616,29617,29618,29619,29620,29621,29622,29623,29624,29625,29626
119,11901,'H:111:6:Sunday:1:26SEP:1234567',29643,29644,29645,29646,29647,29648,29649,29650,29651,29652,29653,29654,29655
119,11901,'H:121:0:Weekday:1:26SEP:12345',29669,29670,29671,29672,29673,29674,29675,29676,29677,29678,29679,29680,29681,29682,29683,29684,29685,29686,29687,29688,29689,29690,29691,29692,29693,29694,29695,29696,29697
119,11901,'H:171:5:Saturday:1:26SEP:6',29727,29728,29729,29730,29731,29732,29733,29734,29735,29736,29737,29738,29739,29740,29741,29742
120,12000,'H:111:6:Sunday:1:26SEP:1234567',29759,29760,29761,29762,29763,29764,29765,29766,29767,29768,29769,29770,29771,29772
120,12000,'H:121:0:Weekday:1:26SEP:12345',29787,29788,29789,29790,29791,29792,29793,29794,29795,29796,29797,29798,29799,29800,29801,29802,29803,29804,29805,29806,29807,29808,29809,29810,29811,29812,29813,29814,29815,29816,29817,29818
120,12000,'H:171:5:Saturday:1:26SEP:6',29851,29852,29853,29854,29855,29856,29857,29858,29859,29860,29861,29862,29863,29864,29865,29866,29867
120,12001,'H:111:6:Sunday:1:26SEP:1234567',29885,29886,29887,29888,29889,29890,29891,29892,29893,29894,29895,29896,29897,29898
120,12001,'H:121:0:Weekday:1:26SEP:12345',29913,29914,29915,29916,29917,29918,29919,29920,29921,29922,29923,29924,29925,29926,29927,29928,29929,29930,29931,29932,29933,29934,29935,29936,29937,29938,29939,29940,29941,29942,29943
120,12001,'H:171:5:Saturday:1:26SEP:6',29975,29976,29977,29978,29979,29980,29981,29982,29983,29984,29985,29986,29987,29988,29989,29990
121,12100,'H:111:6:Sunday:1:26SEP:1234567',30007,30008,30009,30010,30011,30012,30013,30014,30015,30016,30017,30018,30019,30020
121,12100,'H:121:0:Weekday:1:26SEP:12345',30035,30036,30037,30038,30039,30040,30041,30042,30043,30044,30045,30046,30047,30048,30049,30050,30051,30052,30053,30054,30055,30056,30057,30058,30059,30060,30061,30062
121,12100,'H:171:5:Saturday:1:26SEP:6',30091,30092,30093,30094,30095,30096,30097,30098,30099,30100,30101,30102,30103,30104,30105
121,12101,'H:111:6:Sunday:1:26SEP:1234567',30121,30122,30123,30124,30125,30126,30127,30128,30129,30130,30131,30132,30133,30134
121,12101,'H:121:0:Weekday:1:26SEP:12345',30149,30150,30151,30152,30153,30154,30155,30156,30157,30158,30159,30160,30161,30162,30163,30164,30165,30166,30167,30168,30169,30170,30171,30172,30173,30174,30175,30176
121,12101,'H:171:5:Saturday:1:26SEP:6',30205,30206,30207,30208,30209,30210,30211,30212,30213,30214,30215,30216,30217,30218,30219
130,13000,'H:111:6:Sunday:1:26SEP:1234567',30235,30236,30237,30238,30239,30240,30241,30242,30243,30244,30245,30246,30247,30248,30249
130,13000,'H:121:0:Weekday:1:26SEP:12345',30265,30266,30267,30268,30269,30270,30271,30272,30273,30274,30275,30276,30277,30278,30279,30280,30281,30282,30283,30284,30285,30286,30287,30288,30289,30290,30291,30292,30293,30294,30295,30296
130,13000,'H:171:5:Saturday:1:26SEP:6',30329,30330,30331,30332,30333,30334,30335,30336,30337,30338,30339,30340,30341,30342,30343,30344,30345
130,13001,'H:111:6:Sunday:1:26SEP:1234567',30363,30364,30365,30366,30367,30368,30369,30370,30371,30372,30373,30374,30375,30376,30377
130,13001,'H:121:0:Weekday:1:26SEP:12345',30393,30394,30395,30396,30397,30398,30399,30400,30401,30402,30403,30404,30405,30406,30407,30408,30409,30410,30411,30412,30413,30414,30415,30416,30417,30418,30419,30420,30421,30422,30423,30424
130,13001,'H:171:5:Saturday:1:26SEP:6',30457,30458,30459,30460,30461,30462,30463,30464,30465,30466,30467,30468,30469,30470,30471,30472,30473
166,16600,'H:111:6:Sunday:1:26SEP:1234567',30491,30492,30493,30494,30495,30496,30497,30498,30499,30500,30501,30502,30503,30504,30505,30506
166,16600,'H:121:0:Weekday:1:26SEP:12345',30523,30524,30525,30526,30527,30528,30529,30530,30531,30532,30533,30534,30535,30536,30537,30538,30539,30540,30541
166,16600,'H:171:5:Saturday:1:26SEP:6',30561,30562,30563,30564,30565,30566,30567,30568,30569,30570,30571,30572,30573,30574,30575,30576,30577
166,16600,'KP:321:0:Weekday:1:26SEP:12345',30595,30596,30597,30598,30599,30600,30601,30602,30603,30604,30605,30606,30607,30608,30609
166,16601,'H:111:6:Sunday:1:26SEP:1234567',30625,30626,30627,30628,30629,30630,30631,30632,30633,30634,30635,30636,30637,30638,30639
166,16601,'H:121:0:Weekday:1:26SEP:12345',30655,30656,30657,30658,30659,30660,30661,30662,30663,30664,30665,30666,30667,30668,30669,30670,30671,30672,30673,30674
166,16601,'H:171:5:Saturday:1:26SEP:6',30695,30696,30697,30698,30699,30700,30701,30702,30703,30704,30705,30706,30707,30708,30709,30710,30711
166,16601,'KP:321:0:Weekday:1:26SEP:12345',30729,30730,30731,30732,30733,30734,30735,30736,30737,30738,30739,30740,30741,30742
201,20100,'H:111:6:Sunday:1:26SEP:1234567',30757,30758,30759,30760,30761,30762,30763,30764,30765,30766,30767,30768,30769,30770,30771,30772,30773,30774,30775,30776
201,20100,'H:121:0:Weekday:1:26SEP:12345',30797,30798,30799,30800,30801,30802,30803,30804,30805,30806,30807,30808,30809,30810,30811,30812,30813,30814,30815,30816,30817
201,20100,'H:171:5:Saturday:1:26SEP:6',30839,30840,30841,30842,30843,30844,30845,30846,30847,30848,30849,30850,30851,30852,30853,30854,30855,30856,30857,30858,30859,30860
201,20100,'KP:321:0:Weekday:1:26SEP:12345',30883,30884,30885,30886,30887,30888,30889,30890,30891,30892,30893,30894,30895
201,20101,'H:111:6:Sunday:1:26SEP:1234567',30909,30910,30911,30912,30913,30914,30915,30916,30917,30918,30919,30920,30921,30922,30923,30924,30925,30926,30927,30928
201,20101,'H:121:0:Weekday:1:26SEP:12345',30949,30950,30951,30952,30953,30954,30955,30956,30957,30958,30959,30960,30961,30962,30963,30964,30965,30966
201,20101,'H:171:5:Saturday:1:26SEP:6',30985,30986,30987,30988,30989,30990,30991,30992,30993,30994,30995,30996,30997,30998,30999,31000,31001,31002,31003,31004,31005
201,20101,'KP:321:0:Weekday:1:26SEP:12345',31027,31028,31029,31030,31031,31032,31033,31034,31035,31036,31037,31038,31039,31040,31041
202,20200,'H:111:6:Sunday:1:26SEP:1234567',31057,31058,31059,31060,31061,31062,31063,31064,31065,31066,31067,31068,31069,31070,31071,31072,31073,31074,31075,31076,31077,31078
202,20200,'H:121:0:Weekday:1:26SEP:12345',31101,31102,31103,31104,31105,31106,31107,31108,31109,31110,31111,31112,31113,31114,31115,31116,31117,31118
202,20200,'H:171:5:Saturday:1:26SEP:6',31137,31138,31139,31140,31141,31142,31143,31144,31145,31146,31147,31148,31149,31150,31151,31152,31153,31154,31155,31156,31157,31158,31159,31160
202,20200,'KP:321:0:Weekday:1:26SEP:12345',31185,31186,31187,31188,31189,31190,31191,31192,31193,31194,31195,31196,31197,31198,31199,31200,31201
202,20201,'H:111:6:Sunday:1:26SEP:1234567',31219,31220,31221,31222,31223,31224,31225,31226,31227,31228,31229,31230,31231,31232,31233,31234,31235,31236,31237,31238,31239
202,20201,'H:121:0:Weekday:1:26SEP:12345',31261,31262,31263,31264,31265,31266,31267,31268,31269,31270,31271,31272,31273,31274,31275,31276,31277,31278,31279,31280
202,20201,'H:171:5:Saturday:1:26SEP:6',31301,31302,31303,31304,31305,31306,31307,31308,31309,31310,31311,31312,31313,31314,31315,31316,31317,31318,31319,31320,31321,31322,31323
202,20201,'KP:321:0:Weekday:1:26SEP:12345',31347,31348,31349,31350,31351,31352,31353,31354,31355,31356,31357,31358,31359,31360,31361
209,20900,'H:111:6:Sunday:1:26SEP:1234567',31377,31378,31379,31380,31381,31382,31383,31384,31385,31386,31387,31388,31389
209,20900,'H:121:0:Weekday:1:26SEP:12345',31403,31404,31405,31406,31407,31408,31409,31410,31411,31412,31413,31414,31415,31416,31417,31418,31419
209,20900,'H:171:5:Saturday:1:26SEP:6',31437,31438,31439,31440,31441,31442,31443,31444,31445,31446,31447,31448,31449,31450,31451
209,20901,'H:111:6:Sunday:1:26SEP:1234567',31467,31468,31469,31470,31471,31472,31473,31474,31475,31476,31477,31478,31479
209,20901,'H:121:0:Weekday:1:26SEP:12345',31493,31494,31495,31496,31497,31498,31499,31500,31501,31502,31503,31504,31505,31506,31507,31508,31509,31510
209,20901,'H:171:5:Saturday:1:26SEP:6',31529,31530,31531,31532,31533,31534,31535,31536,31537,31538,31539,31540,31541,31542,31543
220,22000,'H:111:6:Sunday:1:26SEP:1234567',31559,31560,31561,31562,31563,31564,31565,31566,31567,31568,31569,31570,31571,31572
220,22000,'H:121:0:Weekday:1:26SEP:12345',31587,31588,31589,31590,31591,31592,31593,31594,31595,31596,31597,31598,31599,31600,31601,31602,31603,31604
220,22000,'H:171:5:Saturday:1:26SEP:6',31623,31624,31625,31626,31627,31628,31629,31630,31631,31632,31633,31634,31635,31636,31637,31638
220,22001,'H:111:6:Sunday:1:26SEP:1234567',31655,31656,31657,31658,31659,31660,31661,31662,31663,31664,31665,31666,31667,31668
220,22001,'H:121:0:Weekday:1:26SEP:12345',31683,31684,31685,31686,31687,31688,31689,31690,31691,31692,31693,31694,31695,31696,31697,31698,31699,31700
220,22001,'H:171:5:Saturday:1:26SEP:6',31719,31720,31721,31722,31723,31724,31725,31726,31727,31728,31729,31730,31731,31732,31733,31734
222,22200,'H:111:6:Sunday:1:26SEP:1234567',31751,31752,31753,31754,31755,31756,31757,31758,31759,31760,31761,31762,31763,31764,31765
222,22200,'H:121:0:Weekday:1:26SEP:12345',31781,31782,31783,31784,31785,31786,31787,31788,31789,31790,31791,31792,31793,31794,31795,31796,31797
222,22200,'H:171:5:Saturday:1:26SEP:6',31815,31816,31817,31818,31819,31820,31821,31822,31823,31824,31825,31826,31827,31828,31829,31830,31831,31832
222,22201,'H:111:6:Sunday:1:26SEP:1234567',31851,31852,31853,31854,31855,31856,31857,31858,31859,31860,31861,31862,31863,31864,31865
222,22201,'H:121:0:Weekday:1:26SEP:12345',31881,31882,31883,31884,31885,31886,31887,31888,31889,31890,31891,31892,31893,31894,31895,31896,31897,31898,31899
222,22201,'H:171:5:Saturday:1:26SEP:6',31919,31920,31921,31922,31923,31924,31925,31926,31927,31928,31929,31930,31931,31932,31933,31934,31935,31936
230,23000,'H:121:0:Weekday:1:26SEP:12345',31955,31956
230,23001,'H:121:0:Weekday:1:26SEP:12345',31959,31960
240,24000,'H:111:6:Sunday:1:26SEP:1234567',31963,31964,31965,31966,31967,31968,31969,31970,31971,31972,31973,31974,31975,31976
240,24000,'H:121:0:Weekday:1:26SEP:12345',31991,31992,31993,31994,31995,31996,31997,31998,31999,32000,32001,32002,32003,32004,32005,32006
240,24000,'H:171:5:Saturday:1:26SEP:6',32023,32024,32025,32026,32027,32028,32029,32030,32031,32032,32033,32034,32035,32036,32037
240,24001,'H:111:6:Sunday:1:26SEP:1234567',32053,32054,32055,32056,32057,32058,32059,32060,32061,32062,32063,32064,32065,32066
240,24001,'H:121:0:Weekday:1:26SEP:12345',32081,32082,32083,32084,32085,32086,32087,32088,32089,32090,32091,32092,32093,32094,32095,32096,32097
240,24001,'H:171:5:Saturday:1:26SEP:6',32115,32116,32117,32118,32119,32120,32121,32122,32123,32124,32125,32126,32127,32128,32129
270,27000,'H:121:0:Weekday:1:26SEP:12345',32145,32146,32147,32148
270,27000,'KP:321:0:Weekday:1:26SEP:12345',32153
270,27001,'H:121:0:Weekday:1:26SEP:12345',32155,32156,32157
271,27100,'H:111:6:Sunday:1:26SEP:1234567',32161,32162,32163,32164,32165,32166,32167,32168,32169,32170,32171,32172,32173,32174
271,27100,'H:121:0:Weekday:1:26SEP:12345',32189,32190,32191,32192,32193,32194,32195,32196,32197,32198,32199
271,27100,'H:171:5:Saturday:1:26SEP:6',32211,32212,32213,32214,32215,32216,32217,32218,32219,32220,32221,32222,32223,32224,32225
271,27100,'KP:321:0:Weekday:1:26SEP:12345',32241,32242,32243,32244,32245,32246,32247
271,27101,'H:111:6:Sunday:1:26SEP:1234567',32255,32256,32257,32258,32259,32260,32261,32262,32263,32264,32265,32266,32267,32268
271,27101,'H:121:0:Weekday:1:26SEP:12345',32283,32284,32285,32286,32287,32288,32289,32290,32291,32292,32293
271,27101,'H:171:5:Saturday:1:26SEP:6',32305,32306,32307,32308,32309,32310,32311,32312,32313,32314,32315,32316,32317,32318,32319
271,27101,'KP:321:0:Weekday:1:26SEP:12345',32335,32336,32337,32338,32339,32340
280,28000,'H:111:6:Sunday:1:26SEP:1234567',32347,32348,32349,32350,32351,32352,32353,32354,32355,32356,32357,32358,32359
280,28000,'H:121:0:Weekday:1:26SEP:12345',32373,32374,32375,32376,32377,32378,32379,32380,32381,32382,32383,32384,32385,32386,32387,32388,32389,32390
280,28000,'H:171:5:Saturday:1:26SEP:6',32409,32410,32411,32412,32413,32414,32415,32416,32417,32418,32419,32420,32421,32422
280,28000,'KP:321:0:Weekday:1:26SEP:12345',32437,32438,32439,32440,32441,32442
280,28001,'H:111:6:Sunday:1:26SEP:1234567',32449,32450,32451,32452,32453,32454,32455,32456,32457,32458,32459,32460,32461
280,28001,'H:121:0:Weekday:1:26SEP:12345',32475,32476,32477,32478,32479,32480,32481,32482,32483,32484,32485,32486,32487,32488,32489,32490,32491
280,28001,'H:171:5:Saturday:1:26SEP:6',32509,32510,32511,32512,32513,32514,32515,32516,32517,32518,32519,32520,32521
280,28001,'KP:321:0:Weekday:1:26SEP:12345',32535,32536,32537,32538,32539
701,70100,'H:111:6:Sunday:1:26SEP:1234567',32545,32546,32547,32548,32549,32550,32551,32552,32553,32554,32555,32556,32557,32558,32559,32560,32561,32562,32563,32564,32565,32566,32567,32568,32569,32570,32571,32572,32573,32574,32575,32576,32577,32578,32579,32580,32581,32582,32583,32584,32585,32586,32587,32588,32589,32590,32591,32592,32593,32594,32595,32596,32597,32598,32599,32600,32601,32602,32603,32604
701,70100,'H:121:0:Weekday:1:26SEP:12345',32665,32666,32667,32668,32669,32670,32671,32672,32673,32674,32675,32676,32677,32678,32679,32680,32681,32682,32683,32684,32685,32686,32687,32688,32689,32690,32691,32692,32693,32694,32695,32696,32697,32698,32699,32700,32701,32702,32703,32704,32705,32706,32707,32708,32709,32710,32711,32712,32713,32714,32715,32716,32717,32718,32719,32720,32721,32722,32723,32724,32725,32726,32727,32728,32729,32730,32731,32732,32733,32734,32735,32736,32737,32738,32739,32740,32741,32742,32743,32744,32745,32746,32747,32748,32749,32750,32751,32752,32753,32754,32755,32756,32757,32758,32759,32760,32761,32762,32763,32764,32765,32766,32767,32768,32769
701,70100,'H:171:5:Saturday:1:26SEP:6',32875,32876,32877,32878,32879,32880,32881,32882,32883,32884,32885,32886,32887,32888,32889,32890,32891,32892,32893,32894,32895,32896,32897,32898,32899,32900,32901,32902,32903,32904,32905,32906,32907,32908,32909,32910,32911,32912,32913,32914,32915,32916,32917,32918,32919,32920,32921,32922,32923,32924,32925,32926,32927,32928,32929,32930,32931,32932,32933,32934,32935,32936,32937,32938,32939,32940,32941,32942,32943,32944,32945,32946,32947
701,70101,'H:111:6:Sunday:1:26SEP:1234567',33021,33022,33023,33024,33025,33026,33027,33028,33029,33030,33031,33032,33033,33034,33035,33036,33037,33038,33039,33040,33041,33042,33043,33044,33045,33046,33047,33048,33049,33050,33051,33052,33053,33054,33055,33056,33057,33058,33059,33060,33061,33062,33063,33064,33065,33066,33067,33068,33069,33070,33071,33072,33073,33074,33075,33076,33077,33078,33079,33080,33081
701,70101,'H:121:0:Weekday:1:26SEP:12345',33143,33144,33145,33146,33147,33148,33149,33150,33151,33152,33153,33154,33155,33156,33157,33158,33159,33160,33161,33162,33163,33164,33165,33166,33167,33168,33169,33170,33171,33172,33173,33174,33175,33176,33177,33178,33179,33180,33181,33182,33183,33184,33185,33186,33187,33188,33189,33190,33191,33192,33193,33194,33195,33196,33197,33198,33199,33200,33201,33202,33203,33204,33205,33206,33207,33208,33209,33210,33211,33212,33213,33214,33215,33216,33217,33218,33219,33220,33221,33222,33223,33224,33225,33226,33227,33228,33229,33230,33231,33232,33233,33234,33235,33236,33237,33238,33239,33240,33241,33242,33243,33244,33245,33246,33247,33248
701,70101,'H:171:5:Saturday:1:26SEP:6',33355,33356,33357,33358,33359,33360,33361,33362,33363,33364,33365,33366,33367,33368,33369,33370,33371,33372,33373,33374,33375,33376,33377,33378,33379,33380,33381,33382,33383,33384,33385,33386,33387,33388,33389,33390,33391,33392,33393,33394,33395,33396,33397,33398,33399,33400,33401,33402,33403,33404,33405,33406,33407,33408,33409,33410,33411,33412,33413,33414,33415,33416,33417,33418,33419,33420,33421,33422,33423,33424,33425,33426,33427,33428
702,70200,'H:111:6:Sunday:1:26SEP:1234567',33503,33504,33505,33506,33507,33508,33509,33510,33511,33512,33513,33514,33515,33516,33517,33518,33519,33520,33521,33522,33523,33524,33525,33526,33527,33528,33529,33530,33531,33532,33533,33534,33535,33536,33537,33538,33539,33540,33541,33542,33543,33544,33545,33546,33547,33548,33549,33550
702,70200,'H:121:0:Weekday:1:26SEP:12345',33599,33600,33601,33602,33603,33604,33605,33606,33607,33608,33609,33610,33611,33612,33613,33614,33615,33616,33617,33618,33619,33620,33621,33622,33623,33624,33625,33626,33627,33628,33629,33630,33631,33632,33633,33634,33635,33636,33637,33638,33639,33640,33641,33642,33643,33644,33645,33646,33647,33648,33649,33650,33651,33652,33653,33654,33655,33656,33657,33658,33659,33660,33661,33662,33663,33664,33665,33666,33667,33668,33669,33670,33671,33672,33673,33674,33675,33676,33677,33678,33679,33680,33681,33682,33683,33684,33685,33686,33687,33688,33689,33690,33691,33692,33693,33694,33695,33696,33697,33698
702,70200,'H:171:5:Saturday:1:26SEP:6',33799,33800,33801,33802,33803,33804,33805,33806,33807,33808,33809,33810,33811,33812,33813,33814,33815,33816,33817,33818,33819,33820,33821,33822,33823,33824,33825,33826,33827,33828,33829,33830,33831,33832,33833,33834,33835,33836,33837,33838,33839,33840,33841,33842,33843,33844,33845,33846,33847,33848,33849,33850,33851,33852,33853
702,70201,'H:111:6:Sunday:1:26SEP:1234567',33909,33910,33911,33912,33913,33914,33915,33916,33917,33918,33919,33920,33921,33922,33923,33924,33925,33926,33927,33928,33929,33930,33931,33932,33933,33934,33935,33936,33937,33938,33939,33940,33941,33942,33943,33944,33945,33946,33947,33948,33949,33950,33951,33952,33953,33954,33955,33956,33957
702,70201,'H:121:0:Weekday:1:26SEP:12345',34007,34008,34009,34010,34011,34012,34013,34014,34015,34016,34017,34018,34019,34020,34021,34022,34023,34024,34025,34026,34027,34028,34029,34030,34031,34032,34033,34034,34035,34036,34037,34038,34039,34040,34041,34042,34043,34044,34045,34046,34047,34048,34049,34050,34051,34052,34053,34054,34055,34056,34057,34058,34059,34060,34061,34062,34063,34064,34065,34066,34067,34068,34069,34070,34071,34072,34073,34074,34075,34076,34077,34078,34079,34080,34081,34082,34083,34084,34085,34086,34087,34088,34089,34090,34091,34092,34093,34094,34095,34096,34097,34098,34099,34100,34101,34102,34103,34104,34105,34106
702,70201,'H:171:5:Saturday:1:26SEP:6',34207,34208,34209,34210,34211,34212,34213,34214,34215,34216,34217,34218,34219,34220,34221,34222,34223,34224,34225,34226,34227,34228,34229,34230,34231,34232,34233,34234,34235,34236,34237,34238,34239,34240,34241,34242,34243,34244,34245,34246,34247,34248,34249,34250,34251,34252,34253,34254,34255,34256,34257,34258,34259,34260,34261
703,70300,'H:111:6:Sunday:1:26SEP:1234567',34317,34318,34319,34320,34321,34322,34323,34324,34325,34326,34327,34328,34329,34330,34331,34332,34333,34334,34335,34336,34337,34338,34339,34340,34341,34342,34343,34344,34345,34346,34347,34348,34349,34350,34351,34352,34353,34354,34355,34356,34357,34358,34359,34360,34361,34362,34363,34364,34365,34366,34367,34368,34369,34370,34371
703,70300,'H:121:0:Weekday:1:26SEP:12345',34427,34428,34429,34430,34431,34432,34433,34434,34435,34436,34437,34438,34439,34440,34441,34442,34443,34444,34445,34446,34447,34448,34449,34450,34451,34452,34453,34454,34455,34456,34457,34458,34459,34460,34461,34462,34463,34464,34465,34466,34467,34468,34469,34470,34471,34472,34473,34474,34475,34476,34477,34478,34479,34480,34481,34482,34483,34484,34485,34486,34487,34488,34489,34490,34491,34492,34493,34494,34495,34496,34497,34498,34499,34500,34501,34502,34503,34504,34505,34506,34507,34508,34509,34510,34511,34512,34513,34514,34515,34516,34517,34518,34519,34520,34521,34522,34523,34524,34525,34526,34527,34528,34529
703,70300,'H:171:5:Saturday:1:26SEP:6',34633,34634,34635,34636,34637,34638,34639,34640,34641,34642,34643,34644,34645,34646,34647,34648,34649,34650,34651,34652,34653,34654,34655,34656,34657,34658,34659,34660,34661,34662,34663,34664,34665,34666,34667,34668,34669,34670,34671,34672,34673,34674,34675,34676,34677,34678,34679,34680,34681,34682,34683,34684,34685,34686,34687,34688,34689,34690,34691,34692,34693,34694,34695,34696,34697
703,70301,'H:111:6:Sunday:1:26SEP:1234567',34763,34764,34765,34766,34767,34768,34769,34770,34771,34772,34773,34774,34775,34776,34777,34778,34779,34780,34781,34782,34783,34784,34785,34786,34787,34788,34789,34790,34791,34792,34793,34794,34795,34796,34797,34798,34799,34800,34801,34802,34803,34804,34805,34806,34807,34808,34809,34810,34811,34812,34813,34814,34815,34816,34817
703,70301,'H:121:0:Weekday:1:26SEP:12345',34873,34874,34875,34876,34877,34878,34879,34880,34881,34882,34883,34884,34885,34886,34887,34888,34889,34890,34891,34892,34893,34894,34895,34896,34897,34898,34899,34900,34901,34902,34903,34904,34905,34906,34907,34908,34909,34910,34911,34912,34913,34914,34915,34916,34917,34918,34919,34920,34921,34922,34923,34924,34925,34926,34927,34928,34929,34930,34931,34932,34933,34934,34935,34936,34937,34938,34939,34940,34941,34942,34943,34944,34945,34946,34947,34948,34949,34950,34951,34952,34953,34954,34955,34956,34957,34958,34959,34960,34961,34962,34963,34964,34965,34966,34967,34968,34969,34970,34971,34972,34973,34974,34975,34976,34977
703,70301,'H:171:5:Saturday:1:26SEP:6',35083,35084,35085,35086,35087,35088,35089,35090,35091,35092,35093,35094,35095,35096,35097,35098,35099,35100,35101,35102,35103,35104,35105,35106,35107,35108,35109,35110,35111,35112,35113,35114,35115,35116,35117,35118,35119,35120,35121,35122,35123,35124,35125,35126,35127,35128,35129,35130,35131,35132,35133,35134,35135,35136,35137,35138,35139,35140,35141,35142,35143,35144,35145,35146,35147
901,90100,'H:121:0:Weekday:1:26SEP:12345',35213
901,90100,'KP:321:0:Weekday:1:26SEP:12345',35215,35216,35217,35218,35219,35220,35221,35222
901,90101,'H:121:0:Weekday:1:26SEP:12345',35231,35232
901,90101,'KP:321:0:Weekday:1:26SEP:12345',35235,35236,35237,35238,35239,35240,35241,35242,35243
903,90300,'KP:321:0:Weekday:1:26SEP:12345',35253,35254,35255,35256,35257,35258,35259
903,90301,'H:121:0:Weekday:1:26SEP:12345',35267,35268
903,90301,'KP:321:0:Weekday:1:26SEP:12345',35271,35272,35273,35274,35275,35276,35277
904,90400,'H:121:0:Weekday:1:26SEP:12345',35285,35286,35287,35288,35289
904,90400,'KP:321:0:Weekday:1:26SEP:12345',35295,35296,35297,35298,35299
904,90401,'H:121:0:Weekday:1:26SEP:12345',35305,35306,35307,35308
904,90401,'KP:321:0:Weekday:1:26SEP:12345',35313,35314,35315,35316,35317,35318
905,90500,'H:121:0:Weekday:1:26SEP:12345',35325,35326,35327,35328,35329,35330,35331
905,90500,'KP:321:0:Weekday:1:26SEP:12345',35339,35340,35341,35342,35343,35344,35345,35346,35347,35348,35349,35350,35351
905,90501,'H:121:0:Weekday:1:26SEP:12345',35365,35366,35367,35368,35369
905,90501,'KP:321:0:Weekday:1:26SEP:12345',35375,35376,35377,35378,35379,35380,35381,35382,35383,35384,35385,35386,35387
907,90700,'H:121:0:Weekday:1:26SEP:12345',35401,35402,35403,35404
907,90701,'H:121:0:Weekday:1:26SEP:12345',35409,35410,35411,35412
908,90800,'H:121:0:Weekday:1:26SEP:12345',35417,35418
908,90800,'KP:321:0:Weekday:1:26SEP:12345',35421,35422,35423
908,90801,'H:121:0:Weekday:1:26SEP:12345',35427
908,90801,'KP:321:0:Weekday:1:26SEP:12345',35429,35430,35431,35432
909,90900,'H:111:6:Sunday:1:26SEP:1234567',35437,35438,35439,35440,35441,35442,35443,35444,35445,35446,35447,35448,35449,35450,35451,35452,35453,35454,35455,35456,35457
909,90900,'H:121:0:Weekday:1:26SEP:12345',35479,35480,35481,35482,35483,35484,35485,35486,35487,35488,35489,35490,35491,35492,35493,35494,35495,35496,35497,35498
909,90900,'H:171:5:Saturday:1:26SEP:6',35519,35520,35521,35522,35523,35524,35525,35526,35527,35528,35529,35530,35531,35532,35533,35534,35535,35536,35537,35538,35539,35540,35541
909,90900,'KP:321:0:Weekday:1:26SEP:12345',35565
909,90901,'H:111:6:Sunday:1:26SEP:1234567',35567,35568,35569,35570,35571,35572,35573,35574,35575,35576,35577,35578,35579,35580,35581,35582,35583,35584,35585,35586
909,90901,'H:121:0:Weekday:1:26SEP:12345',35607,35608,35609,35610,35611,35612,35613,35614,35615,35616,35617,35618,35619,35620,35621,35622,35623,35624,35625,35626,35627
909,90901,'H:171:5:Saturday:1:26SEP:6',35649,35650,35651,35652,35653,35654,35655,35656,35657,35658,35659,35660,35661,35662,35663,35664,35665,35666,35667,35668,35669,35670,35671
909,90901,'KP:321:0:Weekday:1:26SEP:12345',35695
