20101,'H:113:6:Sunday:3:26MAR:1234567',746,,23762,23,,,1,100,,23748,23,,,1,101,,23750,23,,,1,90,,23751,23,,,1,81,,23753,23,,,1,40,,23754,23,,,1,80,,23752,23,,,1,80,,23749,23,,,1,40,,23756,23,,,1,80,,23757,23,,,1,80,,23758,23,,,1,40,,23759,23,,,1,80,,23755,23,,,1,80,,23763,23,,,1,40,,23764,23,,,1,80,,23765,23,,,1,80,,23766,23,,,1,40,,23767,23,,,1,89,,23760,23,,,1,99,,23761,23,,,1
20101,'H:123:0:Weekday:3:26MAR:12345',612,,23771,23,,,1,41,,23772,23,,,1,80,,23776,23,,,1,573,,23777,23,,,1,232,,23784,23,,,1,170,,23778,23,,,1,29,,23779,23,,,1,68,,23780,23,,,1,30,,23774,23,,,1,69,,23775,23,,,1,30,,23773,23,,,1,70,,23768,23,,,1,30,,23770,23,,,1,69,,23769,23,,,1,30,,23782,23,,,1,70,,23783,23,,,1,29,,23781,23,,,1
20101,'H:123:0:Weekday:4:26MAR:12345',612,,23788,23,,,1,41,,23789,23,,,1,80,,23793,23,,,1,573,,23794,23,,,1,232,,23801,23,,,1,170,,23795,23,,,1,29,,23796,23,,,1,68,,23797,23,,,1,30,,23791,23,,,1,69,,23792,23,,,1,30,,23790,23,,,1,70,,23785,23,,,1,30,,23787,23,,,1,69,,23786,23,,,1,30,,23799,23,,,1,70,,23800,23,,,1,29,,23798,23,,,1
20101,'H:173:5:Saturday:3:26MAR:6',748,,23808,23,,,1,101,,23802,23,,,1,100,,23803,23,,,1,91,,23814,23,,,1,80,,23807,23,,,1,80,,23804,23,,,1,41,,23805,23,,,1,81,,23816,23,,,1,80,,23810,23,,,1,40,,23806,23,,,1,79,,23809,23,,,1,80,,23815,23,,,1,40,,23812,23,,,1,80,,23818,23,,,1,80,,23819,23,,,1,38,,23820,23,,,1,80,,23821,23,,,1,40,,23822,23,,,1,90,,23813,23,,,1,99,,23811,23,,,1,100,,23817,23,,,1
20101,'KP:323:0:Weekday:3:26MAR:12345',803,,23837,23,,,1,30,,23838,23,,,1,70,,23833,23,,,1,30,,23823,23,,,1,70,,23835,23,,,1,31,,23830,23,,,1,70,,23827,23,,,1,30,,23836,23,,,1,71,,23832,23,,,1,31,,23824,23,,,1,101,,23831,23,,,1,70,,23826,23,,,1,30,,23829,23,,,1,71,,23834,23,,,1,100,,23825,23,,,1,30,,23828,23,,,1
20101,'KP:323:0:Weekday:4:26MAR:12345',803,,23853,23,,,1,30,,23854,23,,,1,70,,23849,23,,,1,30,,23839,23,,,1,70,,23851,23,,,1,31,,23846,23,,,1,70,,23843,23,,,1,30,,23852,23,,,1,71,,23848,23,,,1,31,,23840,23,,,1,101,,23847,23,,,1,70,,23842,23,,,1,30,,23845,23,,,1,71,,23850,23,,,1,100,,23841,23,,,1,30,,23844,23,,,1
20201,'H:113:6:Sunday:3:26MAR:1234567',656,,23987,23,,,1,160,,23968,23,,,1,100,,23969,23,,,1,101,,23971,23,,,1,40,,23972,23,,,1,81,,23970,23,,,1,80,,23974,23,,,1,40,,23973,23,,,1,80,,23975,23,,,1,80,,23976,23,,,1,40,,23977,23,,,1,80,,23979,23,,,1,80,,23978,23,,,1,40,,23980,23,,,1,80,,23982,23,,,1,80,,23983,23,,,1,40,,23984,23,,,1,80,,23985,23,,,1,80,,23986,23,,,1,98,,23981,23,,,1
20201,'H:123:0:Weekday:3:26MAR:12345',511,,23988,23,,,1,40,,23989,23,,,1,162,,24004,23,,,1,639,,23994,23,,,1,101,,24003,23,,,1,70,,23996,23,,,1,100,,23997,23,,,1,30,,23995,23,,,1,70,,23998,23,,,1,28,,23999,23,,,1,69,,24000,23,,,1,30,,24001,23,,,1,69,,24002,23,,,1,30,,23993,23,,,1,70,,23991,23,,,1,29,,23990,23,,,1,70,,24005,23,,,1,30,,24006,23,,,1,70,,24007,23,,,1,90,,23992,23,,,1
20201,'H:123:0:Weekday:4:26MAR:12345',511,,24008,23,,,1,40,,24009,23,,,1,162,,24024,23,,,1,639,,24014,23,,,1,101,,24023,23,,,1,70,,24016,23,,,1,100,,24017,23,,,1,30,,24015,23,,,1,70,,24018,23,,,1,28,,24019,23,,,1,69,,24020,23,,,1,30,,24021,23,,,1,69,,24022,23,,,1,30,,24013,23,,,1,70,,24011,23,,,1,29,,24010,23,,,1,70,,24025,23,,,1,30,,24026,23,,,1,70,,24027,23,,,1,90,,24012,23,,,1
20201,'H:173:5:Saturday:3:26MAR:6',628,,24049,23,,,1,30,,24042,23,,,1,160,,24033,23,,,1,101,,24035,23,,,1,100,,24041,23,,,1,81,,24030,23,,,1,40,,24029,23,,,1,81,,24038,23,,,1,81,,24039,23,,,1,40,,24031,23,,,1,80,,24028,23,,,1,80,,24032,23,,,1,39,,24034,23,,,1,80,,24036,23,,,1,80,,24037,23,,,1,40,,24044,23,,,1,79,,24045,23,,,1,39,,24046,23,,,1,80,,24047,23,,,1,80,,24048,23,,,1,99,,24040,23,,,1,100,,24043,23,,,1
20201,'KP:323:0:Weekday:3:26MAR:12345',632,,24061,23,,,1,116,,24062,23,,,1,70,,24059,23,,,1,30,,24064,23,,,1,70,,24052,23,,,1,30,,24055,23,,,1,71,,24057,23,,,1,30,,24060,23,,,1,70,,24063,23,,,1,31,,24058,23,,,1,71,,24050,23,,,1,30,,24053,23,,,1,70,,24056,23,,,1,101,,24054,23,,,1,131,,24051,23,,,1
20201,'KP:323:0:Weekday:4:26MAR:12345',632,,24076,23,,,1,116,,24077,23,,,1,70,,24074,23,,,1,30,,24079,23,,,1,70,,24067,23,,,1,30,,24070,23,,,1,71,,24072,23,,,1,30,,24075,23,,,1,70,,24078,23,,,1,31,,24073,23,,,1,71,,24065,23,,,1,30,,24068,23,,,1,70,,24071,23,,,1,101,,24069,23,,,1,131,,24066,23,,,1
