10600,'H:113:6:Sunday:2:26MAR:1234567',711,,17361,34,,,1,101,,17348,34,,,1,102,,17349,34,,,1,101,,17350,34,,,1,101,,17351,34,,,1,100,,17352,34,,,1,101,,17353,34,,,1,101,,17354,34,,,1,100,,17356,34,,,1,98,,17355,34,,,1,100,,17357,34,,,1,100,,17358,34,,,1,99,,17359,34,,,1,99,,17360,34,,,1,99,,17362,34,,,1
10600,'H:123:0:Weekday:2:26MAR:12345',525,,17363,34,,,1,103,,17364,34,,,1,102,,17365,34,,,1,103,,17366,34,,,1,100,,17367,34,,,1,99,,17368,34,,,1,100,,17369,34,,,1,100,,17370,34,,,1,101,,17371,34,,,1,102,,17372,34,,,1,100,,17373,34,,,1,102,,17374,34,,,1,100,,17375,34,,,1,96,,17376,34,,,1,97,,17377,34,,,1,98,,17378,34,,,1,99,,17379,34,,,1
10600,'H:173:5:Saturday:2:26MAR:6',610,,17393,34,,,1,100,,17394,34,,,1,102,,17380,34,,,1,101,,17381,34,,,1,103,,17382,34,,,1,101,,17383,34,,,1,100,,17384,34,,,1,101,,17385,34,,,1,100,,17387,34,,,1,100,,17388,34,,,1,99,,17390,34,,,1,100,,17386,34,,,1,100,,17391,34,,,1,99,,17392,34,,,1,98,,17389,34,,,1,98,,17395,34,,,1,100,,17396,34,,,1
10601,'H:113:6:Sunday:2:26MAR:1234567',705,,17411,11,,,1,100,,17397,11,,,1,100,,17398,11,,,1,100,,17399,11,,,1,100,,17400,11,,,1,100,,17401,11,,,1,100,,17402,11,,,1,100,,17403,11,,,1,100,,17405,11,,,1,100,,17406,11,,,1,100,,17407,11,,,1,100,,17404,11,,,1,100,,17408,11,,,1,100,,17409,11,,,1,100,,17410,11,,,1
10601,'H:123:0:Weekday:2:26MAR:12345',520,,17412,11,,,1,103,,17413,11,,,1,100,,17414,11,,,1,101,,17415,11,,,1,100,,17416,11,,,1,99,,17417,11,,,1,100,,17419,11,,,1,100,,17420,11,,,1,101,,17421,11,,,1,100,,17418,11,,,1,101,,17423,11,,,1,200,,17424,11,,,1,100,,17422,11,,,1,99,,17425,11,,,1,99,,17426,11,,,1,99,,17427,11,,,1,99,,17428,11,,,1
10601,'H:173:5:Saturday:2:26MAR:6',605,,17443,11,,,1,100,,17442,11,,,1,100,,17429,11,,,1,100,,17430,11,,,1,100,,17431,11,,,1,100,,17432,11,,,1,100,,17434,11,,,1,100,,17435,11,,,1,100,,17436,11,,,1,100,,17433,11,,,1,100,,17437,11,,,1,100,,17438,11,,,1,100,,17439,11,,,1,100,,17440,11,,,1,100,,17441,11,,,1,100,,17444,11,,,1,100,,17445,11,,,1
10601,'KP:323:0:Weekday:2:26MAR:12345',1625,,17446,11,,,1
12000,'H:113:6:Sunday:2:26MAR:1234567',735,,18123,11,,,1,100,,18124,11,,,1,100,,18125,11,,,1,99,,18122,11,,,1,100,,18126,11,,,1,98,,18127,11,,,1,100,,18128,11,,,1,100,,18129,11,,,1,100,,18130,11,,,1,100,,18131,11,,,1,100,,18132,11,,,1,100,,18133,11,,,1,102,,18121,11,,,1,100,,18134,11,,,1
12000,'H:123:0:Weekday:2:26MAR:12345',429,,18152,11,,,1,84,,18153,11,,,1,28,,18139,11,,,1,68,,18154,11,,,1,28,,18137,11,,,1,70,,18155,11,,,1,29,,18135,11,,,1,71,,18156,11,,,1,30,,18136,11,,,1,70,,18161,11,,,1,33,,18138,11,,,1,70,,18162,11,,,1,30,,18142,11,,,1,70,,18163,11,,,1,30,,18140,11,,,1,70,,18164,11,,,1,29,,18143,11,,,1,69,,18165,11,,,1,30,,18141,11,,,1,70,,18166,11,,,1,29,,18145,11,,,1,67,,18157,11,,,1,29,,18146,11,,,1,70,,18158,11,,,1,29,,18144,11,,,1,71,,18159,11,,,1,32,,18151,11,,,1,70,,18160,11,,,1,34,,18149,11,,,1,99,,18150,11,,,1,101,,18147,11,,,1,102,,18148,11,,,1
12000,'H:173:5:Saturday:2:26MAR:6',536,,18172,11,,,1,100,,18171,11,,,1,98,,18175,11,,,1,99,,18174,11,,,1,100,,18177,11,,,1,100,,18176,11,,,1,99,,18173,11,,,1,99,,18179,11,,,1,100,,18180,11,,,1,100,,18178,11,,,1,100,,18182,11,,,1,101,,18181,11,,,1,101,,18170,11,,,1,100,,18168,11,,,1,101,,18167,11,,,1,101,,18169,11,,,1,101,,18183,11,,,1
12001,'H:113:6:Sunday:2:26MAR:1234567',739,,18197,32,,,1,100,,18187,32,,,1,100,,18185,32,,,1,101,,18188,32,,,1,101,,18196,32,,,1,100,,18186,32,,,1,100,,18191,32,,,1,100,,18189,32,,,1,100,,18192,32,,,1,100,,18190,32,,,1,100,,18194,32,,,1,100,,18195,32,,,1,99,,18193,32,,,1,99,,18184,32,,,1
12001,'H:123:0:Weekday:2:26MAR:12345',544,,18215,32,,,1,70,,18216,32,,,1,31,,18199,32,,,1,71,,18217,32,,,1,33,,18214,32,,,1,71,,18218,32,,,1,29,,18212,32,,,1,69,,18219,32,,,1,29,,18213,32,,,1,69,,18223,32,,,1,29,,18201,32,,,1,70,,18224,32,,,1,31,,18202,32,,,1,70,,18225,32,,,1,30,,18203,32,,,1,71,,18226,32,,,1,30,,18204,32,,,1,70,,18227,32,,,1,31,,18205,32,,,1,70,,18228,32,,,1,31,,18206,32,,,1,71,,18220,32,,,1,30,,18198,32,,,1,70,,18221,32,,,1,31,,18200,32,,,1,68,,18222,32,,,1,28,,18207,32,,,1,100,,18211,32,,,1,97,,18210,32,,,1,100,,18208,32,,,1,98,,18209,32,,,1
12001,'H:173:5:Saturday:2:26MAR:6',639,,18229,32,,,1,100,,18230,32,,,1,101,,18231,32,,,1,101,,18234,32,,,1,100,,18242,32,,,1,100,,18238,32,,,1,100,,18240,32,,,1,100,,18243,32,,,1,100,,18241,32,,,1,101,,18233,32,,,1,100,,18239,32,,,1,100,,18235,32,,,1,100,,18237,32,,,1,99,,18232,32,,,1,99,,18244,32,,,1,100,,18236,32,,,1
