28000,'H:111:6:Sunday:1:26SEP:1234567',828,,32347,43,,,1,102,,32348,43,,,1,100,,32349,43,,,1,100,,32350,43,,,1,101,,32358,43,,,1,100,,32352,43,,,1,100,,32351,43,,,1,100,,32353,43,,,1,100,,32354,43,,,1,100,,32355,43,,,1,100,,32359,43,,,1,99,,32357,43,,,1,99,,32356,43,,,1
28000,'H:111:6:Sunday:2:26SEP:1234567',828,,32360,43,,,1,102,,32361,43,,,1,100,,32362,43,,,1,100,,32363,43,,,1,101,,32371,43,,,1,100,,32365,43,,,1,100,,32364,43,,,1,100,,32366,43,,,1,100,,32367,43,,,1,100,,32368,43,,,1,100,,32372,43,,,1,99,,32370,43,,,1,99,,32369,43,,,1
28000,'H:121:0:Weekday:1:26SEP:12345',519,,32388,43,,,1,116,,32390,43,,,1,107,,32373,43,,,1,70,,32389,20,,,1,28,,32374,43,,,1,72,,32375,20,,,1,229,,32376,43,,,1,200,,32377,43,,,1,78,,32378,20,,,1,102,,32379,20,,,1,22,,32380,43,,,1,100,,32381,43,,,1,76,,32382,20,,,1,22,,32383,43,,,1,100,,32384,43,,,1,99,,32385,43,,,1,99,,32386,43,,,1,100,,32387,43,,,1
28000,'H:121:0:Weekday:2:26SEP:12345',519,,32406,43,,,1,116,,32408,43,,,1,107,,32391,43,,,1,70,,32407,20,,,1,28,,32392,43,,,1,72,,32393,20,,,1,229,,32394,43,,,1,200,,32395,43,,,1,78,,32396,20,,,1,102,,32397,20,,,1,22,,32398,43,,,1,100,,32399,43,,,1,76,,32400,20,,,1,22,,32401,43,,,1,100,,32402,43,,,1,99,,32403,43,,,1,99,,32404,43,,,1,100,,32405,43,,,1
28000,'H:171:5:Saturday:1:26SEP:6',729,,32421,43,,,1,100,,32409,43,,,1,100,,32417,43,,,1,102,,32410,43,,,1,101,,32419,43,,,1,100,,32420,43,,,1,101,,32411,43,,,1,99,,32412,43,,,1,100,,32414,43,,,1,100,,32413,43,,,1,99,,32415,43,,,1,99,,32416,43,,,1,99,,32418,43,,,1,100,,32422,43,,,1
28000,'H:171:5:Saturday:2:26SEP:6',729,,32435,43,,,1,100,,32423,43,,,1,100,,32431,43,,,1,102,,32424,43,,,1,101,,32433,43,,,1,100,,32434,43,,,1,101,,32425,43,,,1,99,,32426,43,,,1,100,,32428,43,,,1,100,,32427,43,,,1,99,,32429,43,,,1,99,,32430,43,,,1,99,,32432,43,,,1,100,,32436,43,,,1
28000,'KP:321:0:Weekday:1:26SEP:12345',709,,32442,20,,,1,231,,32440,43,,,1,101,,32437,43,,,1,200,,32441,43,,,1,202,,32438,43,,,1,177,,32439,20,,,1
28000,'KP:321:0:Weekday:2:26SEP:12345',709,,32448,20,,,1,231,,32446,43,,,1,101,,32443,43,,,1,200,,32447,43,,,1,202,,32444,43,,,1,177,,32445,20,,,1
90300,'KP:321:0:Weekday:1:26SEP:12345',458,,35259,9,,,1,74,,35255,9,,,1,27,,35253,9,,,1,65,,35256,9,,,1,32,,35257,9,,,1,75,,35254,9,,,1,80,,35258,9,,,1
90300,'KP:321:0:Weekday:2:26SEP:12345',458,,35266,9,,,1,74,,35262,9,,,1,27,,35260,9,,,1,65,,35263,9,,,1,32,,35264,9,,,1,75,,35261,9,,,1,80,,35265,9,,,1
