10101,'H:113:6:Sunday:3:26MAR:1234567',652,,21200,5,,,1,100,,21201,5,,,1,101,,21203,5,,,1,100,,21205,5,,,1,100,,21202,5,,,1,100,,21206,5,,,1,101,,21204,5,,,1,70,,21215,5,,,1,30,,21207,5,,,1,70,,21216,5,,,1,29,,21209,5,,,1,70,,21217,5,,,1,30,,21210,5,,,1,70,,21218,5,,,1,30,,21211,5,,,1,70,,21219,5,,,1,30,,21212,5,,,1,100,,21213,5,,,1,100,,21214,5,,,1,99,,21208,5,,,1
10101,'H:123:0:Weekday:3:26MAR:12345',507,,21220,5,,,1,101,,21221,5,,,1,30,,21222,5,,,1,70,,21223,5,,,1,30,,21224,5,,,1,70,,21225,5,,,1,100,,21226,5,,,1,30,,21247,5,,,1,70,,21227,5,,,1,30,,21248,5,,,1,70,,21228,5,,,1,30,,21249,5,,,1,70,,21229,5,,,1,100,,21230,5,,,1,31,,21250,5,,,1,70,,21231,5,,,1,30,,21232,5,,,1,70,,21233,5,,,1,30,,21234,5,,,1,70,,21235,5,,,1,30,,21236,5,,,1,70,,21240,5,,,1,29,,21242,5,,,1,70,,21238,5,,,1,30,,21237,5,,,1,70,,21239,5,,,1,30,,21241,5,,,1,70,,21243,5,,,1,30,,21251,5,,,1,70,,21244,5,,,1,30,,21252,5,,,1,70,,21245,5,,,1,29,,21253,5,,,1,70,,21246,5,,,1
10101,'H:123:0:Weekday:4:26MAR:12345',507,,21254,5,,,1,101,,21255,5,,,1,30,,21256,5,,,1,70,,21257,5,,,1,30,,21258,5,,,1,70,,21259,5,,,1,100,,21260,5,,,1,30,,21281,5,,,1,70,,21261,5,,,1,30,,21282,5,,,1,70,,21262,5,,,1,30,,21283,5,,,1,70,,21263,5,,,1,100,,21264,5,,,1,31,,21284,5,,,1,70,,21265,5,,,1,30,,21266,5,,,1,70,,21267,5,,,1,30,,21268,5,,,1,70,,21269,5,,,1,30,,21270,5,,,1,70,,21274,5,,,1,29,,21276,5,,,1,70,,21272,5,,,1,30,,21271,5,,,1,70,,21273,5,,,1,30,,21275,5,,,1,70,,21277,5,,,1,30,,21285,5,,,1,70,,21278,5,,,1,30,,21286,5,,,1,70,,21279,5,,,1,29,,21287,5,,,1,70,,21280,5,,,1
10101,'H:173:5:Saturday:3:26MAR:6',652,,21290,5,,,1,101,,21299,5,,,1,100,,21291,5,,,1,100,,21292,5,,,1,100,,21293,5,,,1,70,,21304,5,,,1,30,,21301,5,,,1,70,,21305,5,,,1,30,,21295,5,,,1,70,,21306,5,,,1,30,,21296,5,,,1,70,,21307,5,,,1,30,,21302,5,,,1,70,,21308,5,,,1,30,,21294,5,,,1,70,,21309,5,,,1,30,,21303,5,,,1,70,,21310,5,,,1,30,,21288,5,,,1,100,,21297,5,,,1,100,,21300,5,,,1,100,,21298,5,,,1,100,,21289,5,,,1
10101,'KP:323:0:Weekday:3:26MAR:12345',537,,21311,5,,,1,301,,21313,5,,,1,400,,21312,5,,,1
10101,'KP:323:0:Weekday:4:26MAR:12345',537,,21314,5,,,1,301,,21316,5,,,1,400,,21315,5,,,1
90901,'H:113:6:Sunday:3:26MAR:1234567',715,,27161,16,,,1,40,,27162,16,,,1,90,,27163,16,,,1,85,,27165,16,,,1,97,,27167,16,,,1,90,,27168,16,,,1,85,,27164,16,,,1,46,,27169,16,,,1,91,,27166,16,,,1,85,,27170,16,,,1,100,,27171,16,,,1,79,,27172,16,,,1,50,,27173,16,,,1,79,,27174,16,,,1,90,,27175,16,,,1,85,,27176,16,,,1,45,,27177,16,,,1,84,,27178,16,,,1,75,,27179,16,,,1,89,,27180,16,,,1,30,,27181,16,,,1
90901,'H:123:0:Weekday:3:26MAR:12345',535,,27182,16,,,1,85,,27183,16,,,1,95,,27184,16,,,1,42,,27185,16,,,1,90,,27186,16,,,1,85,,27187,16,,,1,95,,27188,16,,,1,91,,27189,16,,,1,85,,27190,16,,,1,45,,27191,16,,,1,90,,27192,16,,,1,86,,27193,16,,,1,100,,27194,16,,,1,80,,27195,16,,,1,50,,27196,16,,,1,80,,27197,16,,,1,89,,27198,16,,,1,84,,27199,16,,,1,45,,27200,16,,,1,84,,27201,16,,,1,75,,27202,16,,,1,119,,27203,16,,,1,129,,27204,16,,,1
90901,'H:123:0:Weekday:4:26MAR:12345',535,,27205,16,,,1,85,,27206,16,,,1,95,,27207,16,,,1,42,,27208,16,,,1,90,,27209,16,,,1,85,,27210,16,,,1,95,,27211,16,,,1,91,,27212,16,,,1,85,,27213,16,,,1,45,,27214,16,,,1,90,,27215,16,,,1,86,,27216,16,,,1,100,,27217,16,,,1,80,,27218,16,,,1,50,,27219,16,,,1,80,,27220,16,,,1,89,,27221,16,,,1,84,,27222,16,,,1,45,,27223,16,,,1,84,,27224,16,,,1,75,,27225,16,,,1,119,,27226,16,,,1,129,,27227,16,,,1
90901,'H:173:5:Saturday:3:26MAR:6',535,,27228,16,,,1,85,,27229,16,,,1,95,,27230,16,,,1,41,,27231,16,,,1,91,,27232,16,,,1,85,,27234,16,,,1,96,,27235,16,,,1,90,,27236,16,,,1,86,,27233,16,,,1,45,,27237,16,,,1,90,,27238,16,,,1,85,,27239,16,,,1,100,,27240,16,,,1,79,,27241,16,,,1,50,,27242,16,,,1,80,,27243,16,,,1,89,,27244,16,,,1,85,,27245,16,,,1,44,,27246,16,,,1,85,,27247,16,,,1,74,,27248,16,,,1,90,,27249,16,,,1,30,,27250,16,,,1
