20900,'H:113:6:Sunday',800,,18932,5,,,1,100,,18926,5,,,1,100,,18924,5,,,1,100,,18936,5,,,1,101,,18928,5,,,1,101,,18934,5,,,1,100,,18925,5,,,1,101,,18927,5,,,1,100,,18935,5,,,1,100,,18930,5,,,1,99,,18931,5,,,1,99,,18929,5,,,1,100,,18933,5,,,1
20900,'H:123:0:Weekday',603,,18949,5,,,1,101,,18950,5,,,1,100,,18952,5,,,1,100,,18951,5,,,1,100,,18948,5,,,1,100,,18944,5,,,1,101,,18942,5,,,1,97,,18946,5,,,1,100,,18940,5,,,1,100,,18945,5,,,1,100,,18947,5,,,1,100,,18939,5,,,1,100,,18941,5,,,1,99,,18943,5,,,1,100,,18937,5,,,1,100,,18938,5,,,1,99,,18953,5,,,1
20900,'H:173:5:Saturday',700,,18963,5,,,1,100,,18956,5,,,1,100,,18954,5,,,1,101,,18966,5,,,1,100,,18959,5,,,1,101,,18965,5,,,1,100,,18957,5,,,1,100,,18955,5,,,1,101,,18968,5,,,1,100,,18960,5,,,1,100,,18964,5,,,1,100,,18958,5,,,1,99,,18961,5,,,1,99,,18967,5,,,1,100,,18962,5,,,1
20901,'H:113:6:Sunday',813,,18970,28,,,1,101,,18969,28,,,1,101,,18981,28,,,1,100,,18973,28,,,1,101,,18978,28,,,1,100,,18971,28,,,1,101,,18972,28,,,1,100,,18979,28,,,1,99,,18974,28,,,1,100,,18977,28,,,1,99,,18975,28,,,1,100,,18976,28,,,1,100,,18980,28,,,1
20901,'H:123:0:Weekday',523,,18995,28,,,1,103,,18982,28,,,1,101,,18985,28,,,1,100,,18983,28,,,1,100,,18987,28,,,1,99,,18984,28,,,1,102,,18986,28,,,1,92,,18988,28,,,1,100,,18989,28,,,1,100,,18990,28,,,1,103,,18991,28,,,1,100,,18998,28,,,1,100,,18997,28,,,1,99,,18996,28,,,1,99,,18992,28,,,1,105,,18993,28,,,1,98,,18994,28,,,1,100,,18999,28,,,1
20901,'H:173:5:Saturday',713,,19002,28,,,1,101,,19000,28,,,1,102,,19013,28,,,1,101,,19007,28,,,1,101,,19011,28,,,1,101,,19003,28,,,1,101,,19001,28,,,1,99,,19014,28,,,1,100,,19006,28,,,1,99,,19009,28,,,1,100,,19005,28,,,1,99,,19004,28,,,1,98,,19012,28,,,1,100,,19008,28,,,1,99,,19010,28,,,1
22200,'H:113:6:Sunday',749,,19125,31,,,1,91,,19124,31,,,1,90,,19116,31,,,1,91,,19111,31,,,1,91,,19114,31,,,1,92,,19120,31,,,1,51,,19112,31,,,1,90,,19117,31,,,1,90,,19119,31,,,1,90,,19113,31,,,1,88,,19115,31,,,1,90,,19121,31,,,1,50,,19122,31,,,1,89,,19118,31,,,1,89,,19123,31,,,1
22200,'H:123:0:Weekday',642,,19128,31,,,1,83,,19126,31,,,1,93,,19129,31,,,1,95,,19127,31,,,1,91,,19130,31,,,1,50,,19132,31,,,1,91,,19133,31,,,1,90,,19134,31,,,1,91,,19131,31,,,1,90,,19136,31,,,1,90,,19137,31,,,1,52,,19138,31,,,1,90,,19135,31,,,1,86,,19139,31,,,1,89,,19141,31,,,1,88,,19142,31,,,1,90,,19140,31,,,1
22200,'H:173:5:Saturday',608,,19157,31,,,1,50,,19143,31,,,1,92,,19144,31,,,1,91,,19154,31,,,1,90,,19158,31,,,1,92,,19159,31,,,1,91,,19150,31,,,1,91,,19145,31,,,1,51,,19146,31,,,1,91,,19153,31,,,1,90,,19152,31,,,1,89,,19155,31,,,1,89,,19149,31,,,1,90,,19151,31,,,1,49,,19156,31,,,1,88,,19147,31,,,1,90,,19148,31,,,1,83,,19160,31,,,1
22201,'H:113:6:Sunday',715,,19161,19,,,1,90,,19164,19,,,1,50,,19162,19,,,1,90,,19165,19,,,1,90,,19163,19,,,1,90,,19166,19,,,1,90,,19167,19,,,1,90,,19170,19,,,1,50,,19171,19,,,1,90,,19168,19,,,1,90,,19172,19,,,1,90,,19173,19,,,1,90,,19174,19,,,1,90,,19169,19,,,1,50,,19175,19,,,1
22201,'H:123:0:Weekday',608,,19177,19,,,1,46,,19178,19,,,1,95,,19179,19,,,1,90,,19180,19,,,1,90,,19181,19,,,1,90,,19182,19,,,1,90,,19183,19,,,1,50,,19184,19,,,1,90,,19185,19,,,1,90,,19186,19,,,1,90,,19188,19,,,1,90,,19189,19,,,1,90,,19190,19,,,1,50,,19187,19,,,1,89,,19176,19,,,1,90,,19191,19,,,1,90,,19192,19,,,1,90,,19193,19,,,1,90,,19194,19,,,1
22201,'H:173:5:Saturday',715,,19198,19,,,1,90,,19199,19,,,1,50,,19200,19,,,1,90,,19201,19,,,1,90,,19202,19,,,1,90,,19203,19,,,1,90,,19204,19,,,1,90,,19206,19,,,1,50,,19208,19,,,1,90,,19205,19,,,1,90,,19209,19,,,1,90,,19207,19,,,1,90,,19210,19,,,1,90,,19211,19,,,1,50,,19212,19,,,1,90,,19195,19,,,1,90,,19196,19,,,1,90,,19197,19,,,1
