20900,'H:111:6:Sunday:1:26SEP:1234567',752,,31385,2,,,1,100,,31379,2,,,1,100,,31377,2,,,1,100,,31389,2,,,1,101,,31381,2,,,1,100,,31387,2,,,1,100,,31378,2,,,1,100,,31380,2,,,1,100,,31388,2,,,1,100,,31383,2,,,1,100,,31384,2,,,1,100,,31382,2,,,1,100,,31386,2,,,1
20900,'H:111:6:Sunday:2:26SEP:1234567',752,,31398,2,,,1,100,,31392,2,,,1,100,,31390,2,,,1,100,,31402,2,,,1,101,,31394,2,,,1,100,,31400,2,,,1,100,,31391,2,,,1,100,,31393,2,,,1,100,,31401,2,,,1,100,,31396,2,,,1,100,,31397,2,,,1,100,,31395,2,,,1,100,,31399,2,,,1
20900,'H:121:0:Weekday:1:26SEP:12345',555,,31415,2,,,1,101,,31416,2,,,1,100,,31418,2,,,1,100,,31417,2,,,1,100,,31414,2,,,1,100,,31410,2,,,1,100,,31408,2,,,1,97,,31412,2,,,1,100,,31406,2,,,1,100,,31411,2,,,1,100,,31413,2,,,1,100,,31405,2,,,1,100,,31407,2,,,1,100,,31409,2,,,1,100,,31403,2,,,1,100,,31404,2,,,1,99,,31419,2,,,1
20900,'H:121:0:Weekday:2:26SEP:12345',555,,31432,2,,,1,101,,31433,2,,,1,100,,31435,2,,,1,100,,31434,2,,,1,100,,31431,2,,,1,100,,31427,2,,,1,100,,31425,2,,,1,97,,31429,2,,,1,100,,31423,2,,,1,100,,31428,2,,,1,100,,31430,2,,,1,100,,31422,2,,,1,100,,31424,2,,,1,100,,31426,2,,,1,100,,31420,2,,,1,100,,31421,2,,,1,99,,31436,2,,,1
20900,'H:171:5:Saturday:1:26SEP:6',652,,31446,2,,,1,100,,31439,2,,,1,100,,31437,2,,,1,101,,31449,2,,,1,100,,31442,2,,,1,100,,31448,2,,,1,100,,31440,2,,,1,100,,31438,2,,,1,100,,31451,2,,,1,100,,31443,2,,,1,100,,31447,2,,,1,100,,31441,2,,,1,100,,31444,2,,,1,100,,31450,2,,,1,100,,31445,2,,,1
20900,'H:171:5:Saturday:2:26SEP:6',652,,31461,2,,,1,100,,31454,2,,,1,100,,31452,2,,,1,101,,31464,2,,,1,100,,31457,2,,,1,100,,31463,2,,,1,100,,31455,2,,,1,100,,31453,2,,,1,100,,31466,2,,,1,100,,31458,2,,,1,100,,31462,2,,,1,100,,31456,2,,,1,100,,31459,2,,,1,100,,31465,2,,,1,100,,31460,2,,,1
24000,'H:111:6:Sunday:1:26SEP:1234567',651,,31976,2,,,1,100,,31970,2,,,1,100,,31969,2,,,1,100,,31964,2,,,1,100,,31972,2,,,1,100,,31965,2,,,1,100,,31975,2,,,1,100,,31968,2,,,1,100,,31973,2,,,1,100,,31966,2,,,1,100,,31974,2,,,1,100,,31967,2,,,1,100,,31971,2,,,1,100,,31963,2,,,1
24000,'H:111:6:Sunday:2:26SEP:1234567',651,,31990,2,,,1,100,,31984,2,,,1,100,,31983,2,,,1,100,,31978,2,,,1,100,,31986,2,,,1,100,,31979,2,,,1,100,,31989,2,,,1,100,,31982,2,,,1,100,,31987,2,,,1,100,,31980,2,,,1,100,,31988,2,,,1,100,,31981,2,,,1,100,,31985,2,,,1,100,,31977,2,,,1
24000,'H:121:0:Weekday:1:26SEP:12345',551,,32005,2,,,1,100,,31991,2,,,1,100,,31992,2,,,1,100,,31994,2,,,1,105,,31993,2,,,1,100,,31995,2,,,1,100,,31996,2,,,1,100,,31998,2,,,1,97,,31999,2,,,1,103,,31997,2,,,1,100,,32001,2,,,1,100,,32000,2,,,1,100,,32002,2,,,1,95,,32003,2,,,1,100,,32004,2,,,1,100,,32006,2,,,1
24000,'H:121:0:Weekday:2:26SEP:12345',551,,32021,2,,,1,100,,32007,2,,,1,100,,32008,2,,,1,100,,32010,2,,,1,105,,32009,2,,,1,100,,32011,2,,,1,100,,32012,2,,,1,100,,32014,2,,,1,97,,32015,2,,,1,103,,32013,2,,,1,100,,32017,2,,,1,100,,32016,2,,,1,100,,32018,2,,,1,95,,32019,2,,,1,100,,32020,2,,,1,100,,32022,2,,,1
24000,'H:171:5:Saturday:1:26SEP:6',651,,32035,2,,,1,100,,32023,2,,,1,100,,32030,2,,,1,100,,32025,2,,,1,100,,32031,2,,,1,100,,32024,2,,,1,100,,32032,2,,,1,100,,32026,2,,,1,100,,32033,2,,,1,100,,32027,2,,,1,100,,32034,2,,,1,100,,32029,2,,,1,100,,32028,2,,,1,100,,32036,2,,,1,100,,32037,2,,,1
24000,'H:171:5:Saturday:2:26SEP:6',651,,32050,2,,,1,100,,32038,2,,,1,100,,32045,2,,,1,100,,32040,2,,,1,100,,32046,2,,,1,100,,32039,2,,,1,100,,32047,2,,,1,100,,32041,2,,,1,100,,32048,2,,,1,100,,32042,2,,,1,100,,32049,2,,,1,100,,32044,2,,,1,100,,32043,2,,,1,100,,32051,2,,,1,100,,32052,2,,,1
90500,'H:121:0:Weekday:1:26SEP:12345',440,,35325,9,,,1,105,,35331,9,,,1,170,,35330,9,,,1,1130,,35328,9,,,1,100,,35329,9,,,1,100,,35327,9,,,1,100,,35326,9,,,1
90500,'H:121:0:Weekday:2:26SEP:12345',440,,35332,9,,,1,105,,35338,9,,,1,170,,35337,9,,,1,1130,,35335,9,,,1,100,,35336,9,,,1,100,,35334,9,,,1,100,,35333,9,,,1
90500,'KP:321:0:Weekday:1:26SEP:12345',615,,35348,9,,,1,30,,35350,9,,,1,100,,35345,9,,,1,100,,35346,9,,,1,100,,35341,9,,,1,100,,35339,9,,,1,100,,35340,9,,,1,100,,35351,9,,,1,100,,35349,9,,,1,100,,35343,9,,,1,100,,35344,9,,,1,100,,35347,9,,,1,100,,35342,9,,,1
90500,'KP:321:0:Weekday:2:26SEP:12345',615,,35361,9,,,1,30,,35363,9,,,1,100,,35358,9,,,1,100,,35359,9,,,1,100,,35354,9,,,1,100,,35352,9,,,1,100,,35353,9,,,1,100,,35364,9,,,1,100,,35362,9,,,1,100,,35356,9,,,1,100,,35357,9,,,1,100,,35360,9,,,1,100,,35355,9,,,1
90501,'H:121:0:Weekday:1:26SEP:12345',1723,,35367,7,,,1,102,,35365,7,,,1,95,,35366,7,,,1,99,,35369,7,,,1,100,,35368,7,,,1
90501,'H:121:0:Weekday:2:26SEP:12345',1723,,35372,7,,,1,102,,35370,7,,,1,95,,35371,7,,,1,99,,35374,7,,,1,100,,35373,7,,,1
90501,'KP:321:0:Weekday:1:26SEP:12345',619,,35380,7,,,1,100,,35379,7,,,1,99,,35378,7,,,1,100,,35376,7,,,1,100,,35377,7,,,1,102,,35385,7,,,1,100,,35383,7,,,1,100,,35384,7,,,1,102,,35386,7,,,1,92,,35382,7,,,1,102,,35381,7,,,1,37,,35375,7,,,1,96,,35387,7,,,1
90501,'KP:321:0:Weekday:2:26SEP:12345',619,,35393,7,,,1,100,,35392,7,,,1,99,,35391,7,,,1,100,,35389,7,,,1,100,,35390,7,,,1,102,,35398,7,,,1,100,,35396,7,,,1,100,,35397,7,,,1,102,,35399,7,,,1,92,,35395,7,,,1,102,,35394,7,,,1,37,,35388,7,,,1,96,,35400,7,,,1
90700,'H:121:0:Weekday:1:26SEP:12345',409,,35401,7,,,1,36,,35402,7,,,1,73,,35403,7,,,1,32,,35404,7,,,1
90700,'H:121:0:Weekday:2:26SEP:12345',409,,35405,7,,,1,36,,35406,7,,,1,73,,35407,7,,,1,32,,35408,7,,,1
