11100,'H:121:0:Weekday:1:26SEP:12345',629,,28597,20,,,1,30,,28598,20,,,1
11200,'H:111:6:Sunday:1:26SEP:1234567',720,,28605,38,,,1,30,,28620,38,,,1,70,,28606,38,,,1,30,,28621,38,,,1,70,,28607,38,,,1,30,,28622,38,,,1,70,,28608,38,,,1,30,,28623,38,,,1,71,,28611,38,,,1,30,,28624,38,,,1,70,,28612,38,,,1,30,,28625,38,,,1,70,,28614,38,,,1,31,,28626,38,,,1,70,,28610,38,,,1,30,,28627,38,,,1,70,,28609,38,,,1,30,,28628,38,,,1,70,,28615,38,,,1,30,,28629,38,,,1,70,,28613,38,,,1,30,,28630,38,,,1,70,,28616,38,,,1,100,,28617,38,,,1,98,,28618,38,,,1,100,,28619,38,,,1
11200,'H:121:0:Weekday:1:26SEP:12345',529,,28674,38,,,1,30,,28675,38,,,1,72,,28658,38,,,1,71,,28694,38,,,1,30,,28660,38,,,1,20,,28684,38,,,1,60,,28689,38,,,1,20,,28659,38,,,1,19,,28686,38,,,1,60,,28690,38,,,1,20,,28657,38,,,1,70,,28683,38,,,1,30,,28661,38,,,1,70,,28676,38,,,1,30,,28662,38,,,1,71,,28678,38,,,1,30,,28663,38,,,1,70,,28680,38,,,1,30,,28664,38,,,1,71,,28679,38,,,1,31,,28665,38,,,1,20,,28682,38,,,1,60,,28691,38,,,1,20,,28666,38,,,1,20,,28687,38,,,1,60,,28692,38,,,1,20,,28669,38,,,1,20,,28685,38,,,1,60,,28693,38,,,1,20,,28670,38,,,1,70,,28688,38,,,1,30,,28667,38,,,1,69,,28677,38,,,1,29,,28668,38,,,1,69,,28681,38,,,1,30,,28671,38,,,1,100,,28672,38,,,1,99,,28673,38,,,1
11200,'H:171:5:Saturday:1:26SEP:6',720,,28736,38,,,1,30,,28756,38,,,1,70,,28738,38,,,1,31,,28755,38,,,1,70,,28735,38,,,1,30,,28753,38,,,1,70,,28733,38,,,1,30,,28759,38,,,1,70,,28737,38,,,1,30,,28757,38,,,1,70,,28739,38,,,1,30,,28752,38,,,1,71,,28740,38,,,1,30,,28748,38,,,1,71,,28742,38,,,1,30,,28751,38,,,1,70,,28744,38,,,1,30,,28758,38,,,1,70,,28741,38,,,1,30,,28754,38,,,1,70,,28745,38,,,1,30,,28749,38,,,1,70,,28743,38,,,1,30,,28750,38,,,1,69,,28746,38,,,1,100,,28747,38,,,1,99,,28734,38,,,1
11900,'H:111:6:Sunday:1:26SEP:1234567',826,,29536,47,,,1,102,,29527,47,,,1,102,,29529,47,,,1,100,,29531,47,,,1,100,,29537,47,,,1,100,,29532,47,,,1,100,,29533,47,,,1,100,,29530,47,,,1,100,,29535,47,,,1,100,,29528,47,,,1,98,,29538,47,,,1,99,,29534,47,,,1,100,,29539,47,,,1
11900,'H:121:0:Weekday:1:26SEP:12345',629,,29563,47,,,1,72,,29569,47,,,1,27,,29558,47,,,1,76,,29570,47,,,1,31,,29555,47,,,1,71,,29571,47,,,1,30,,29554,47,,,1,68,,29575,47,,,1,30,,29566,47,,,1,70,,29576,47,,,1,31,,29567,47,,,1,71,,29577,47,,,1,29,,29564,47,,,1,70,,29578,47,,,1,30,,29565,47,,,1,71,,29579,47,,,1,32,,29568,47,,,1,71,,29580,47,,,1,30,,29562,47,,,1,69,,29574,47,,,1,30,,29556,47,,,1,71,,29572,47,,,1,29,,29559,47,,,1,69,,29573,47,,,1,27,,29561,47,,,1,99,,29560,47,,,1,97,,29553,47,,,1,99,,29557,47,,,1,100,,29581,47,,,1
11900,'H:171:5:Saturday:1:26SEP:6',626,,29611,47,,,1,100,,29612,47,,,1,102,,29613,47,,,1,102,,29614,47,,,1,101,,29615,47,,,1,100,,29616,47,,,1,100,,29619,47,,,1,102,,29617,47,,,1,100,,29621,47,,,1,99,,29618,47,,,1,100,,29620,47,,,1,99,,29623,47,,,1,99,,29624,47,,,1,99,,29622,47,,,1,98,,29625,47,,,1,100,,29626,47,,,1
13000,'H:111:6:Sunday:1:26SEP:1234567',658,,30235,15,,,1,100,,30237,15,,,1,101,,30236,15,,,1,100,,30238,15,,,1,100,,30241,15,,,1,100,,30239,15,,,1,141,,30240,15,,,1,100,,30243,15,,,1,59,,30242,15,,,1,100,,30244,15,,,1,100,,30245,15,,,1,100,,30246,15,,,1,99,,30247,15,,,1,100,,30248,15,,,1,100,,30249,15,,,1
13000,'H:121:0:Weekday:1:26SEP:12345',528,,30284,15,,,1,30,,30287,15,,,1,70,,30273,15,,,1,30,,30288,15,,,1,71,,30265,15,,,1,30,,30275,15,,,1,70,,30266,15,,,1,30,,30289,15,,,1,70,,30274,15,,,1,30,,30291,15,,,1,70,,30283,15,,,1,30,,30292,15,,,1,70,,30280,15,,,1,30,,30293,15,,,1,70,,30281,15,,,1,30,,30294,15,,,1,70,,30282,15,,,1,30,,30295,15,,,1,70,,30279,15,,,1,71,,30296,15,,,1,30,,30267,15,,,1,70,,30285,15,,,1,30,,30277,15,,,1,70,,30276,15,,,1,30,,30268,15,,,1,70,,30278,15,,,1,29,,30269,15,,,1,30,,30290,15,,,1,70,,30270,15,,,1,99,,30271,15,,,1,100,,30272,15,,,1,100,,30286,15,,,1
13000,'H:171:5:Saturday:1:26SEP:6',558,,30344,15,,,1,100,,30329,15,,,1,100,,30330,15,,,1,100,,30331,15,,,1,101,,30332,15,,,1,100,,30333,15,,,1,141,,30334,15,,,1,100,,30335,15,,,1,100,,30336,15,,,1,100,,30337,15,,,1,100,,30338,15,,,1,100,,30339,15,,,1,59,,30340,15,,,1,100,,30341,15,,,1,100,,30342,15,,,1,99,,30343,15,,,1,100,,30345,15,,,1
