10300,'H:113:6:Sunday:3:26MAR:1234567',645,,21567,32,,,1,98,,21568,32,,,1,99,,21569,32,,,1,99,,21570,32,,,1,99,,21571,32,,,1,99,,21572,32,,,1,99,,21573,32,,,1,100,,21575,32,,,1,100,,21576,32,,,1,100,,21577,32,,,1,101,,21574,32,,,1,100,,21578,32,,,1,101,,21580,32,,,1,102,,21581,32,,,1,101,,21582,32,,,1,101,,21579,32,,,1,102,,21583,32,,,1
10300,'H:123:0:Weekday:3:26MAR:12345',449,,21592,32,,,1,68,,21593,32,,,1,29,,21594,32,,,1,68,,21613,32,,,1,29,,21595,32,,,1,69,,21614,32,,,1,29,,21596,32,,,1,70,,21615,32,,,1,30,,21597,32,,,1,70,,21598,32,,,1,30,,21599,32,,,1,69,,21600,32,,,1,30,,21602,32,,,1,70,,21603,32,,,1,30,,21604,32,,,1,69,,21601,32,,,1,30,,21605,32,,,1,68,,21606,32,,,1,30,,21607,32,,,1,70,,21608,32,,,1,30,,21609,32,,,1,69,,21618,32,,,1,30,,21610,32,,,1,69,,21611,32,,,1,30,,21612,32,,,1,73,,21589,32,,,1,30,,21588,32,,,1,71,,21590,32,,,1,32,,21591,32,,,1,70,,21616,32,,,1,33,,21584,32,,,1,70,,21617,32,,,1,30,,21586,32,,,1,101,,21587,32,,,1,102,,21585,32,,,1
10300,'H:123:0:Weekday:4:26MAR:12345',449,,21627,32,,,1,68,,21628,32,,,1,29,,21629,32,,,1,68,,21648,32,,,1,29,,21630,32,,,1,69,,21649,32,,,1,29,,21631,32,,,1,70,,21650,32,,,1,30,,21632,32,,,1,70,,21633,32,,,1,30,,21634,32,,,1,69,,21635,32,,,1,30,,21637,32,,,1,70,,21638,32,,,1,30,,21639,32,,,1,69,,21636,32,,,1,30,,21640,32,,,1,68,,21641,32,,,1,30,,21642,32,,,1,70,,21643,32,,,1,30,,21644,32,,,1,69,,21653,32,,,1,30,,21645,32,,,1,69,,21646,32,,,1,30,,21647,32,,,1,73,,21624,32,,,1,30,,21623,32,,,1,71,,21625,32,,,1,32,,21626,32,,,1,70,,21651,32,,,1,33,,21619,32,,,1,70,,21652,32,,,1,30,,21621,32,,,1,101,,21622,32,,,1,102,,21620,32,,,1
10300,'H:173:5:Saturday:3:26MAR:6',642,,21654,32,,,1,100,,21655,32,,,1,98,,21656,32,,,1,100,,21657,32,,,1,99,,21658,32,,,1,98,,21659,32,,,1,100,,21660,32,,,1,100,,21661,32,,,1,100,,21662,32,,,1,100,,21663,32,,,1,100,,21664,32,,,1,100,,21665,32,,,1,102,,21666,32,,,1,101,,21667,32,,,1,101,,21668,32,,,1,101,,21669,32,,,1,102,,21670,32,,,1,100,,21671,32,,,1
11901,'H:113:6:Sunday:3:26MAR:1234567',825,,22805,34,,,1,102,,22802,34,,,1,100,,22803,34,,,1,101,,22806,34,,,1,101,,22804,34,,,1,100,,22807,34,,,1,100,,22808,34,,,1,100,,22809,34,,,1,100,,22810,34,,,1,99,,22811,34,,,1,99,,22812,34,,,1,100,,22813,34,,,1,99,,22814,34,,,1
11901,'H:123:0:Weekday:3:26MAR:12345',637,,22831,34,,,1,74,,22815,34,,,1,34,,22832,34,,,1,71,,22818,34,,,1,30,,22833,34,,,1,69,,22816,34,,,1,30,,22837,34,,,1,70,,22817,34,,,1,30,,22838,34,,,1,70,,22820,34,,,1,30,,22839,34,,,1,70,,22819,34,,,1,31,,22840,34,,,1,70,,22821,34,,,1,30,,22841,34,,,1,78,,22824,34,,,1,24,,22842,34,,,1,70,,22825,34,,,1,30,,22834,34,,,1,70,,22823,34,,,1,30,,22835,34,,,1,70,,22827,34,,,1,30,,22836,34,,,1,70,,22826,34,,,1,97,,22822,34,,,1,98,,22830,34,,,1,99,,22828,34,,,1,99,,22829,34,,,1
11901,'H:123:0:Weekday:4:26MAR:12345',637,,22859,34,,,1,74,,22843,34,,,1,34,,22860,34,,,1,71,,22846,34,,,1,30,,22861,34,,,1,69,,22844,34,,,1,30,,22865,34,,,1,70,,22845,34,,,1,30,,22866,34,,,1,70,,22848,34,,,1,30,,22867,34,,,1,70,,22847,34,,,1,31,,22868,34,,,1,70,,22849,34,,,1,30,,22869,34,,,1,78,,22852,34,,,1,24,,22870,34,,,1,70,,22853,34,,,1,30,,22862,34,,,1,70,,22851,34,,,1,30,,22863,34,,,1,70,,22855,34,,,1,30,,22864,34,,,1,70,,22854,34,,,1,97,,22850,34,,,1,98,,22858,34,,,1,99,,22856,34,,,1,99,,22857,34,,,1
11901,'H:173:5:Saturday:3:26MAR:6',625,,22874,34,,,1,100,,22875,34,,,1,100,,22871,34,,,1,103,,22873,34,,,1,101,,22876,34,,,1,100,,22878,34,,,1,100,,22872,34,,,1,101,,22881,34,,,1,100,,22877,34,,,1,100,,22882,34,,,1,100,,22879,34,,,1,101,,22885,34,,,1,100,,22886,34,,,1,97,,22880,34,,,1,100,,22883,34,,,1,98,,22884,34,,,1
11901,'KP:323:0:Weekday:3:26MAR:12345',607,,22887,34,,,1
11901,'KP:323:0:Weekday:4:26MAR:12345',607,,22888,34,,,1
