70201,'H:111:6:Sunday:1:26SEP:1234567',657,,33909,6,,,1,60,,33910,6,,,1,20,,33911,6,,,1,20,,33912,6,,,1,60,,33913,6,,,1,20,,33914,6,,,1,18,,33915,6,,,1,60,,33916,6,,,1,20,,33917,6,,,1,20,,33918,6,,,1,60,,33921,6,,,1,20,,33922,6,,,1,19,,33919,6,,,1,60,,33920,6,,,1,20,,33923,6,,,1,20,,33924,6,,,1,60,,33925,6,,,1,19,,33926,6,,,1,19,,33927,6,,,1,60,,33928,6,,,1,20,,33929,6,,,1,15,,33957,6,,,1,55,,33930,6,,,1,15,,33931,6,,,1,15,,33932,6,,,1,15,,33933,6,,,1,55,,33934,6,,,1,16,,33935,6,,,1,15,,33936,6,,,1,15,,33937,6,,,1,55,,33938,6,,,1,15,,33939,6,,,1,15,,33940,6,,,1,15,,33951,6,,,1,55,,33950,6,,,1,15,,33952,6,,,1,15,,33953,6,,,1,20,,33954,6,,,1,60,,33941,6,,,1,20,,33942,6,,,1,20,,33943,6,,,1,60,,33944,6,,,1,21,,33945,6,,,1,20,,33946,6,,,1,61,,33947,6,,,1,20,,33948,6,,,1,20,,33949,6,,,1,60,,33955,6,,,1,20,,33956,6,,,1
70201,'H:111:6:Sunday:2:26SEP:1234567',657,,33958,6,,,1,60,,33959,6,,,1,20,,33960,6,,,1,20,,33961,6,,,1,60,,33962,6,,,1,20,,33963,6,,,1,18,,33964,6,,,1,60,,33965,6,,,1,20,,33966,6,,,1,20,,33967,6,,,1,60,,33970,6,,,1,20,,33971,6,,,1,19,,33968,6,,,1,60,,33969,6,,,1,20,,33972,6,,,1,20,,33973,6,,,1,60,,33974,6,,,1,19,,33975,6,,,1,19,,33976,6,,,1,60,,33977,6,,,1,20,,33978,6,,,1,15,,34006,6,,,1,55,,33979,6,,,1,15,,33980,6,,,1,15,,33981,6,,,1,15,,33982,6,,,1,55,,33983,6,,,1,16,,33984,6,,,1,15,,33985,6,,,1,15,,33986,6,,,1,55,,33987,6,,,1,15,,33988,6,,,1,15,,33989,6,,,1,15,,34000,6,,,1,55,,33999,6,,,1,15,,34001,6,,,1,15,,34002,6,,,1,20,,34003,6,,,1,60,,33990,6,,,1,20,,33991,6,,,1,20,,33992,6,,,1,60,,33993,6,,,1,21,,33994,6,,,1,20,,33995,6,,,1,61,,33996,6,,,1,20,,33997,6,,,1,20,,33998,6,,,1,60,,34004,6,,,1,20,,34005,6,,,1
70201,'H:121:0:Weekday:1:26SEP:12345',418,,34007,6,,,1,15,,34008,6,,,1,15,,34009,6,,,1,55,,34010,6,,,1,15,,34011,6,,,1,14,,34012,6,,,1,15,,34013,6,,,1,10,,34014,6,,,1,48,,34015,6,,,1,10,,34016,6,,,1,10,,34017,6,,,1,10,,34018,6,,,1,10,,34019,6,,,1,9,,34020,6,,,1,50,,34021,6,,,1,10,,34022,6,,,1,10,,34023,6,,,1,10,,34024,6,,,1,10,,34025,6,,,1,10,,34026,6,,,1,50,,34027,6,,,1,10,,34028,6,,,1,10,,34029,6,,,1,10,,34030,6,,,1,10,,34031,6,,,1,10,,34032,6,,,1,50,,34033,6,,,1,10,,34034,6,,,1,10,,34035,6,,,1,10,,34036,6,,,1,10,,34037,6,,,1,10,,34038,6,,,1,50,,34039,6,,,1,10,,34040,6,,,1,10,,34041,6,,,1,10,,34042,6,,,1,10,,34043,6,,,1,10,,34044,6,,,1,50,,34045,6,,,1,10,,34046,6,,,1,10,,34047,6,,,1,10,,34048,6,,,1,10,,34049,6,,,1,10,,34050,6,,,1,50,,34051,6,,,1,10,,34052,6,,,1,10,,34053,6,,,1,10,,34054,6,,,1,10,,34055,6,,,1,9,,34056,6,,,1,49,,34057,6,,,1,10,,34058,6,,,1,10,,34059,6,,,1,10,,34060,6,,,1,10,,34061,6,,,1,10,,34062,6,,,1,50,,34063,6,,,1,10,,34064,6,,,1,9,,34065,6,,,1,10,,34066,6,,,1,10,,34067,6,,,1,10,,34068,6,,,1,50,,34069,6,,,1,10,,34070,6,,,1,9,,34071,6,,,1,10,,34072,6,,,1,10,,34073,6,,,1,10,,34074,6,,,1,50,,34075,6,,,1,10,,34076,6,,,1,9,,34077,6,,,1,10,,34078,6,,,1,10,,34079,6,,,1,10,,34080,6,,,1,10,,34081,6,,,1,50,,34082,6,,,1,10,,34083,6,,,1,10,,34084,6,,,1,10,,34085,6,,,1,11,,34086,6,,,1,51,,34087,6,,,1,10,,34088,6,,,1,10,,34089,6,,,1,10,,34090,6,,,1,10,,34091,6,,,1,17,,34092,6,,,1,55,,34093,6,,,1,15,,34094,6,,,1,16,,34095,6,,,1,15,,34096,6,,,1,55,,34097,6,,,1,16,,34098,6,,,1,16,,34099,6,,,1,60,,34100,6,,,1,20,,34101,6,,,1,20,,34102,6,,,1,60,,34103,6,,,1,30,,34104,6,,,1,70,,34106,6,,,1,30,,34105,6,,,1
70201,'H:121:0:Weekday:2:26SEP:12345',418,,34107,6,,,1,15,,34108,6,,,1,15,,34109,6,,,1,55,,34110,6,,,1,15,,34111,6,,,1,14,,34112,6,,,1,15,,34113,6,,,1,10,,34114,6,,,1,48,,34115,6,,,1,10,,34116,6,,,1,10,,34117,6,,,1,10,,34118,6,,,1,10,,34119,6,,,1,9,,34120,6,,,1,50,,34121,6,,,1,10,,34122,6,,,1,10,,34123,6,,,1,10,,34124,6,,,1,10,,34125,6,,,1,10,,34126,6,,,1,50,,34127,6,,,1,10,,34128,6,,,1,10,,34129,6,,,1,10,,34130,6,,,1,10,,34131,6,,,1,10,,34132,6,,,1,50,,34133,6,,,1,10,,34134,6,,,1,10,,34135,6,,,1,10,,34136,6,,,1,10,,34137,6,,,1,10,,34138,6,,,1,50,,34139,6,,,1,10,,34140,6,,,1,10,,34141,6,,,1,10,,34142,6,,,1,10,,34143,6,,,1,10,,34144,6,,,1,50,,34145,6,,,1,10,,34146,6,,,1,10,,34147,6,,,1,10,,34148,6,,,1,10,,34149,6,,,1,10,,34150,6,,,1,50,,34151,6,,,1,10,,34152,6,,,1,10,,34153,6,,,1,10,,34154,6,,,1,10,,34155,6,,,1,9,,34156,6,,,1,49,,34157,6,,,1,10,,34158,6,,,1,10,,34159,6,,,1,10,,34160,6,,,1,10,,34161,6,,,1,10,,34162,6,,,1,50,,34163,6,,,1,10,,34164,6,,,1,9,,34165,6,,,1,10,,34166,6,,,1,10,,34167,6,,,1,10,,34168,6,,,1,50,,34169,6,,,1,10,,34170,6,,,1,9,,34171,6,,,1,10,,34172,6,,,1,10,,34173,6,,,1,10,,34174,6,,,1,50,,34175,6,,,1,10,,34176,6,,,1,9,,34177,6,,,1,10,,34178,6,,,1,10,,34179,6,,,1,10,,34180,6,,,1,10,,34181,6,,,1,50,,34182,6,,,1,10,,34183,6,,,1,10,,34184,6,,,1,10,,34185,6,,,1,11,,34186,6,,,1,51,,34187,6,,,1,10,,34188,6,,,1,10,,34189,6,,,1,10,,34190,6,,,1,10,,34191,6,,,1,17,,34192,6,,,1,55,,34193,6,,,1,15,,34194,6,,,1,16,,34195,6,,,1,15,,34196,6,,,1,55,,34197,6,,,1,16,,34198,6,,,1,16,,34199,6,,,1,60,,34200,6,,,1,20,,34201,6,,,1,20,,34202,6,,,1,60,,34203,6,,,1,30,,34204,6,,,1,70,,34206,6,,,1,30,,34205,6,,,1
70201,'H:171:5:Saturday:1:26SEP:6',617,,34207,6,,,1,20,,34208,6,,,1,20,,34209,6,,,1,60,,34210,6,,,1,18,,34212,6,,,1,20,,34213,6,,,1,60,,34214,6,,,1,20,,34211,6,,,1,19,,34215,6,,,1,60,,34216,6,,,1,19,,34217,6,,,1,20,,34218,6,,,1,60,,34219,6,,,1,20,,34220,6,,,1,19,,34221,6,,,1,60,,34222,6,,,1,20,,34223,6,,,1,20,,34224,6,,,1,60,,34225,6,,,1,20,,34226,6,,,1,20,,34227,6,,,1,55,,34228,6,,,1,15,,34229,6,,,1,15,,34230,6,,,1,15,,34232,6,,,1,55,,34233,6,,,1,15,,34234,6,,,1,15,,34231,6,,,1,15,,34235,6,,,1,55,,34236,6,,,1,15,,34237,6,,,1,15,,34238,6,,,1,15,,34239,6,,,1,55,,34240,6,,,1,15,,34241,6,,,1,15,,34242,6,,,1,15,,34243,6,,,1,55,,34244,6,,,1,16,,34256,6,,,1,15,,34257,6,,,1,15,,34258,6,,,1,55,,34259,6,,,1,15,,34260,6,,,1,15,,34261,6,,,1,15,,34245,6,,,1,60,,34246,6,,,1,20,,34247,6,,,1,20,,34248,6,,,1,60,,34249,6,,,1,21,,34250,6,,,1,21,,34251,6,,,1,60,,34252,6,,,1,20,,34253,6,,,1,20,,34254,6,,,1,60,,34255,6,,,1
70201,'H:171:5:Saturday:2:26SEP:6',617,,34262,6,,,1,20,,34263,6,,,1,20,,34264,6,,,1,60,,34265,6,,,1,18,,34267,6,,,1,20,,34268,6,,,1,60,,34269,6,,,1,20,,34266,6,,,1,19,,34270,6,,,1,60,,34271,6,,,1,19,,34272,6,,,1,20,,34273,6,,,1,60,,34274,6,,,1,20,,34275,6,,,1,19,,34276,6,,,1,60,,34277,6,,,1,20,,34278,6,,,1,20,,34279,6,,,1,60,,34280,6,,,1,20,,34281,6,,,1,20,,34282,6,,,1,55,,34283,6,,,1,15,,34284,6,,,1,15,,34285,6,,,1,15,,34287,6,,,1,55,,34288,6,,,1,15,,34289,6,,,1,15,,34286,6,,,1,15,,34290,6,,,1,55,,34291,6,,,1,15,,34292,6,,,1,15,,34293,6,,,1,15,,34294,6,,,1,55,,34295,6,,,1,15,,34296,6,,,1,15,,34297,6,,,1,15,,34298,6,,,1,55,,34299,6,,,1,16,,34311,6,,,1,15,,34312,6,,,1,15,,34313,6,,,1,55,,34314,6,,,1,15,,34315,6,,,1,15,,34316,6,,,1,15,,34300,6,,,1,60,,34301,6,,,1,20,,34302,6,,,1,20,,34303,6,,,1,60,,34304,6,,,1,21,,34305,6,,,1,21,,34306,6,,,1,60,,34307,6,,,1,20,,34308,6,,,1,20,,34309,6,,,1,60,,34310,6,,,1
70301,'H:111:6:Sunday:1:26SEP:1234567',618,,34763,10,,,1,22,,34764,10,,,1,60,,34765,10,,,1,20,,34766,10,,,1,20,,34767,10,,,1,60,,34768,10,,,1,20,,34769,10,,,1,22,,34770,10,,,1,60,,34771,10,,,1,20,,34772,10,,,1,22,,34773,10,,,1,60,,34774,10,,,1,21,,34775,10,,,1,20,,34776,10,,,1,60,,34777,10,,,1,20,,34778,10,,,1,21,,34779,10,,,1,60,,34780,10,,,1,21,,34781,10,,,1,20,,34782,10,,,1,60,,34783,10,,,1,20,,34784,10,,,1,15,,34785,10,,,1,15,,34786,10,,,1,55,,34787,10,,,1,15,,34788,10,,,1,15,,34789,10,,,1,15,,34790,10,,,1,55,,34791,10,,,1,15,,34792,10,,,1,15,,34793,10,,,1,15,,34794,10,,,1,55,,34795,10,,,1,15,,34796,10,,,1,15,,34797,10,,,1,15,,34798,10,,,1,55,,34813,10,,,1,15,,34814,10,,,1,15,,34815,10,,,1,15,,34816,10,,,1,54,,34817,10,,,1,15,,34801,10,,,1,20,,34802,10,,,1,60,,34799,10,,,1,19,,34800,10,,,1,20,,34803,10,,,1,59,,34804,10,,,1,19,,34805,10,,,1,20,,34806,10,,,1,60,,34807,10,,,1,20,,34808,10,,,1,20,,34809,10,,,1,60,,34810,10,,,1,20,,34811,10,,,1,20,,34812,10,,,1
70301,'H:111:6:Sunday:2:26SEP:1234567',618,,34818,10,,,1,22,,34819,10,,,1,60,,34820,10,,,1,20,,34821,10,,,1,20,,34822,10,,,1,60,,34823,10,,,1,20,,34824,10,,,1,22,,34825,10,,,1,60,,34826,10,,,1,20,,34827,10,,,1,22,,34828,10,,,1,60,,34829,10,,,1,21,,34830,10,,,1,20,,34831,10,,,1,60,,34832,10,,,1,20,,34833,10,,,1,21,,34834,10,,,1,60,,34835,10,,,1,21,,34836,10,,,1,20,,34837,10,,,1,60,,34838,10,,,1,20,,34839,10,,,1,15,,34840,10,,,1,15,,34841,10,,,1,55,,34842,10,,,1,15,,34843,10,,,1,15,,34844,10,,,1,15,,34845,10,,,1,55,,34846,10,,,1,15,,34847,10,,,1,15,,34848,10,,,1,15,,34849,10,,,1,55,,34850,10,,,1,15,,34851,10,,,1,15,,34852,10,,,1,15,,34853,10,,,1,55,,34868,10,,,1,15,,34869,10,,,1,15,,34870,10,,,1,15,,34871,10,,,1,54,,34872,10,,,1,15,,34856,10,,,1,20,,34857,10,,,1,60,,34854,10,,,1,19,,34855,10,,,1,20,,34858,10,,,1,59,,34859,10,,,1,19,,34860,10,,,1,20,,34861,10,,,1,60,,34862,10,,,1,20,,34863,10,,,1,20,,34864,10,,,1,60,,34865,10,,,1,20,,34866,10,,,1,20,,34867,10,,,1
70301,'H:121:0:Weekday:1:26SEP:12345',435,,34900,10,,,1,15,,34945,10,,,1,55,,34905,10,,,1,16,,34950,10,,,1,16,,34911,10,,,1,16,,34957,10,,,1,55,,34917,10,,,1,15,,34962,10,,,1,10,,34923,10,,,1,10,,34969,10,,,1,10,,34930,10,,,1,50,,34890,10,,,1,11,,34878,10,,,1,10,,34882,10,,,1,10,,34886,10,,,1,11,,34891,10,,,1,10,,34942,10,,,1,50,,34874,10,,,1,10,,34903,10,,,1,10,,34948,10,,,1,10,,34907,10,,,1,11,,34955,10,,,1,10,,34915,10,,,1,50,,34961,10,,,1,10,,34922,10,,,1,10,,34967,10,,,1,10,,34928,10,,,1,10,,34974,10,,,1,10,,34885,10,,,1,50,,34919,10,,,1,10,,34889,10,,,1,10,,34964,10,,,1,10,,34925,10,,,1,10,,34971,10,,,1,10,,34932,10,,,1,50,,34875,10,,,1,10,,34887,10,,,1,11,,34880,10,,,1,10,,34884,10,,,1,10,,34938,10,,,1,10,,34954,10,,,1,50,,34881,10,,,1,10,,34914,10,,,1,11,,34960,10,,,1,11,,34921,10,,,1,10,,34966,10,,,1,10,,34927,10,,,1,50,,34973,10,,,1,10,,34877,10,,,1,10,,34876,10,,,1,10,,34883,10,,,1,10,,34879,10,,,1,10,,34888,10,,,1,50,,34953,10,,,1,10,,34894,10,,,1,10,,34929,10,,,1,10,,34937,10,,,1,10,,34898,10,,,1,51,,34968,10,,,1,11,,34936,10,,,1,10,,34947,10,,,1,10,,34897,10,,,1,10,,34941,10,,,1,10,,34902,10,,,1,51,,34943,10,,,1,10,,34908,10,,,1,11,,34952,10,,,1,10,,34913,10,,,1,11,,34959,10,,,1,11,,34920,10,,,1,50,,34965,10,,,1,10,,34926,10,,,1,10,,34972,10,,,1,10,,34933,10,,,1,10,,34909,10,,,1,10,,34935,10,,,1,50,,34873,10,,,1,10,,34896,10,,,1,9,,34940,10,,,1,10,,34901,10,,,1,10,,34946,10,,,1,8,,34906,10,,,1,48,,34951,10,,,1,9,,34912,10,,,1,10,,34958,10,,,1,9,,34918,10,,,1,14,,34963,10,,,1,15,,34924,10,,,1,55,,34970,10,,,1,15,,34931,10,,,1,15,,34893,10,,,1,14,,34934,10,,,1,55,,34892,10,,,1,15,,34895,10,,,1,14,,34975,10,,,1,14,,34976,10,,,1,54,,34977,10,,,1,15,,34939,10,,,1,19,,34899,10,,,1,60,,34944,10,,,1,19,,34904,10,,,1,20,,34949,10,,,1,60,,34910,10,,,1,20,,34956,10,,,1,35,,34916,10,,,1
70301,'H:121:0:Weekday:2:26SEP:12345',435,,35005,10,,,1,15,,35050,10,,,1,55,,35010,10,,,1,16,,35055,10,,,1,16,,35016,10,,,1,16,,35062,10,,,1,55,,35022,10,,,1,15,,35067,10,,,1,10,,35028,10,,,1,10,,35074,10,,,1,10,,35035,10,,,1,50,,34995,10,,,1,11,,34983,10,,,1,10,,34987,10,,,1,10,,34991,10,,,1,11,,34996,10,,,1,10,,35047,10,,,1,50,,34979,10,,,1,10,,35008,10,,,1,10,,35053,10,,,1,10,,35012,10,,,1,11,,35060,10,,,1,10,,35020,10,,,1,50,,35066,10,,,1,10,,35027,10,,,1,10,,35072,10,,,1,10,,35033,10,,,1,10,,35079,10,,,1,10,,34990,10,,,1,50,,35024,10,,,1,10,,34994,10,,,1,10,,35069,10,,,1,10,,35030,10,,,1,10,,35076,10,,,1,10,,35037,10,,,1,50,,34980,10,,,1,10,,34992,10,,,1,11,,34985,10,,,1,10,,34989,10,,,1,10,,35043,10,,,1,10,,35059,10,,,1,50,,34986,10,,,1,10,,35019,10,,,1,11,,35065,10,,,1,11,,35026,10,,,1,10,,35071,10,,,1,10,,35032,10,,,1,50,,35078,10,,,1,10,,34982,10,,,1,10,,34981,10,,,1,10,,34988,10,,,1,10,,34984,10,,,1,10,,34993,10,,,1,50,,35058,10,,,1,10,,34999,10,,,1,10,,35034,10,,,1,10,,35042,10,,,1,10,,35003,10,,,1,51,,35073,10,,,1,11,,35041,10,,,1,10,,35052,10,,,1,10,,35002,10,,,1,10,,35046,10,,,1,10,,35007,10,,,1,51,,35048,10,,,1,10,,35013,10,,,1,11,,35057,10,,,1,10,,35018,10,,,1,11,,35064,10,,,1,11,,35025,10,,,1,50,,35070,10,,,1,10,,35031,10,,,1,10,,35077,10,,,1,10,,35038,10,,,1,10,,35014,10,,,1,10,,35040,10,,,1,50,,34978,10,,,1,10,,35001,10,,,1,9,,35045,10,,,1,10,,35006,10,,,1,10,,35051,10,,,1,8,,35011,10,,,1,48,,35056,10,,,1,9,,35017,10,,,1,10,,35063,10,,,1,9,,35023,10,,,1,14,,35068,10,,,1,15,,35029,10,,,1,55,,35075,10,,,1,15,,35036,10,,,1,15,,34998,10,,,1,14,,35039,10,,,1,55,,34997,10,,,1,15,,35000,10,,,1,14,,35080,10,,,1,14,,35081,10,,,1,54,,35082,10,,,1,15,,35044,10,,,1,19,,35004,10,,,1,60,,35049,10,,,1,19,,35009,10,,,1,20,,35054,10,,,1,60,,35015,10,,,1,20,,35061,10,,,1,35,,35021,10,,,1
70301,'H:171:5:Saturday:1:26SEP:6',618,,35083,10,,,1,21,,35084,10,,,1,20,,35085,10,,,1,60,,35086,10,,,1,22,,35087,10,,,1,60,,35088,10,,,1,20,,35089,10,,,1,16,,35090,10,,,1,15,,35091,10,,,1,56,,35092,10,,,1,15,,35093,10,,,1,16,,35094,10,,,1,15,,35095,10,,,1,56,,35096,10,,,1,15,,35097,10,,,1,16,,35098,10,,,1,15,,35099,10,,,1,55,,35100,10,,,1,16,,35101,10,,,1,16,,35102,10,,,1,16,,35103,10,,,1,55,,35104,10,,,1,16,,35106,10,,,1,15,,35107,10,,,1,55,,35108,10,,,1,15,,35105,10,,,1,15,,35109,10,,,1,15,,35110,10,,,1,55,,35111,10,,,1,15,,35112,10,,,1,15,,35114,10,,,1,15,,35115,10,,,1,55,,35116,10,,,1,15,,35113,10,,,1,15,,35117,10,,,1,15,,35118,10,,,1,55,,35119,10,,,1,15,,35120,10,,,1,15,,35121,10,,,1,15,,35122,10,,,1,55,,35123,10,,,1,15,,35124,10,,,1,15,,35125,10,,,1,14,,35126,10,,,1,15,,35127,10,,,1,55,,35128,10,,,1,15,,35129,10,,,1,14,,35130,10,,,1,14,,35131,10,,,1,55,,35132,10,,,1,14,,35133,10,,,1,15,,35134,10,,,1,15,,35135,10,,,1,55,,35136,10,,,1,15,,35137,10,,,1,15,,35138,10,,,1,14,,35139,10,,,1,55,,35140,10,,,1,15,,35141,10,,,1,20,,35142,10,,,1,60,,35143,10,,,1,19,,35144,10,,,1,19,,35145,10,,,1,60,,35146,10,,,1,20,,35147,10,,,1
70301,'H:171:5:Saturday:2:26SEP:6',618,,35148,10,,,1,21,,35149,10,,,1,20,,35150,10,,,1,60,,35151,10,,,1,22,,35152,10,,,1,60,,35153,10,,,1,20,,35154,10,,,1,16,,35155,10,,,1,15,,35156,10,,,1,56,,35157,10,,,1,15,,35158,10,,,1,16,,35159,10,,,1,15,,35160,10,,,1,56,,35161,10,,,1,15,,35162,10,,,1,16,,35163,10,,,1,15,,35164,10,,,1,55,,35165,10,,,1,16,,35166,10,,,1,16,,35167,10,,,1,16,,35168,10,,,1,55,,35169,10,,,1,16,,35171,10,,,1,15,,35172,10,,,1,55,,35173,10,,,1,15,,35170,10,,,1,15,,35174,10,,,1,15,,35175,10,,,1,55,,35176,10,,,1,15,,35177,10,,,1,15,,35179,10,,,1,15,,35180,10,,,1,55,,35181,10,,,1,15,,35178,10,,,1,15,,35182,10,,,1,15,,35183,10,,,1,55,,35184,10,,,1,15,,35185,10,,,1,15,,35186,10,,,1,15,,35187,10,,,1,55,,35188,10,,,1,15,,35189,10,,,1,15,,35190,10,,,1,14,,35191,10,,,1,15,,35192,10,,,1,55,,35193,10,,,1,15,,35194,10,,,1,14,,35195,10,,,1,14,,35196,10,,,1,55,,35197,10,,,1,14,,35198,10,,,1,15,,35199,10,,,1,15,,35200,10,,,1,55,,35201,10,,,1,15,,35202,10,,,1,15,,35203,10,,,1,14,,35204,10,,,1,55,,35205,10,,,1,15,,35206,10,,,1,20,,35207,10,,,1,60,,35208,10,,,1,19,,35209,10,,,1,19,,35210,10,,,1,60,,35211,10,,,1,20,,35212,10,,,1
