10901,'H:111:6:Sunday:1:26SEP:1234567',838,,28503,41,,,1,102,,28515,41,,,1,104,,28507,41,,,1,101,,28512,41,,,1,102,,28504,41,,,1,101,,28505,41,,,1,99,,28513,41,,,1,99,,28508,41,,,1,100,,28511,41,,,1,100,,28506,41,,,1,97,,28509,41,,,1,98,,28514,41,,,1,100,,28510,41,,,1,99,,28516,41,,,1
10901,'H:111:6:Sunday:2:26SEP:1234567',838,,28517,41,,,1,102,,28529,41,,,1,104,,28521,41,,,1,101,,28526,41,,,1,102,,28518,41,,,1,101,,28519,41,,,1,99,,28527,41,,,1,99,,28522,41,,,1,100,,28525,41,,,1,100,,28520,41,,,1,97,,28523,41,,,1,98,,28528,41,,,1,100,,28524,41,,,1,99,,28530,41,,,1
10901,'H:121:0:Weekday:1:26SEP:12345',538,,28532,41,,,1,103,,28542,41,,,1,108,,28543,41,,,1,96,,28546,41,,,1,100,,28548,41,,,1,99,,28538,41,,,1,100,,28541,41,,,1,95,,28537,41,,,1,104,,28536,41,,,1,98,,28547,41,,,1,100,,28540,41,,,1,102,,28535,41,,,1,102,,28545,41,,,1,98,,28539,41,,,1,95,,28544,41,,,1,106,,28533,41,,,1,108,,28534,41,,,1,97,,28531,41,,,1
10901,'H:121:0:Weekday:2:26SEP:12345',538,,28550,41,,,1,103,,28560,41,,,1,108,,28561,41,,,1,96,,28564,41,,,1,100,,28566,41,,,1,99,,28556,41,,,1,100,,28559,41,,,1,95,,28555,41,,,1,104,,28554,41,,,1,98,,28565,41,,,1,100,,28558,41,,,1,102,,28553,41,,,1,102,,28563,41,,,1,98,,28557,41,,,1,95,,28562,41,,,1,106,,28551,41,,,1,108,,28552,41,,,1,97,,28549,41,,,1
10901,'H:171:5:Saturday:1:26SEP:6',740,,28567,41,,,1,102,,28580,41,,,1,101,,28573,41,,,1,105,,28578,41,,,1,100,,28569,41,,,1,102,,28568,41,,,1,101,,28581,41,,,1,100,,28572,41,,,1,100,,28576,41,,,1,98,,28570,41,,,1,100,,28571,41,,,1,98,,28579,41,,,1,97,,28574,41,,,1,99,,28577,41,,,1,99,,28575,41,,,1
10901,'H:171:5:Saturday:2:26SEP:6',740,,28582,41,,,1,102,,28595,41,,,1,101,,28588,41,,,1,105,,28593,41,,,1,100,,28584,41,,,1,102,,28583,41,,,1,101,,28596,41,,,1,100,,28587,41,,,1,100,,28591,41,,,1,98,,28585,41,,,1,100,,28586,41,,,1,98,,28594,41,,,1,97,,28589,41,,,1,99,,28592,41,,,1,99,,28590,41,,,1
28000,'H:111:6:Sunday:1:26SEP:1234567',825,,32347,38,,,1,102,,32348,38,,,1,100,,32349,38,,,1,100,,32350,38,,,1,101,,32358,38,,,1,100,,32352,38,,,1,100,,32351,38,,,1,100,,32353,38,,,1,100,,32354,38,,,1,100,,32355,38,,,1,100,,32359,38,,,1,99,,32357,38,,,1,99,,32356,38,,,1
28000,'H:111:6:Sunday:2:26SEP:1234567',825,,32360,38,,,1,102,,32361,38,,,1,100,,32362,38,,,1,100,,32363,38,,,1,101,,32371,38,,,1,100,,32365,38,,,1,100,,32364,38,,,1,100,,32366,38,,,1,100,,32367,38,,,1,100,,32368,38,,,1,100,,32372,38,,,1,99,,32370,38,,,1,99,,32369,38,,,1
28000,'H:121:0:Weekday:1:26SEP:12345',516,,32388,38,,,1,116,,32390,38,,,1,107,,32373,38,,,1,70,,32389,15,,,1,28,,32374,38,,,1,72,,32375,15,,,1,229,,32376,38,,,1,200,,32377,38,,,1,78,,32378,15,,,1,101,,32379,15,,,1,23,,32380,38,,,1,100,,32381,38,,,1,76,,32382,15,,,1,22,,32383,38,,,1,100,,32384,38,,,1,99,,32385,38,,,1,99,,32386,38,,,1,100,,32387,38,,,1
28000,'H:121:0:Weekday:2:26SEP:12345',516,,32406,38,,,1,116,,32408,38,,,1,107,,32391,38,,,1,70,,32407,15,,,1,28,,32392,38,,,1,72,,32393,15,,,1,229,,32394,38,,,1,200,,32395,38,,,1,78,,32396,15,,,1,101,,32397,15,,,1,23,,32398,38,,,1,100,,32399,38,,,1,76,,32400,15,,,1,22,,32401,38,,,1,100,,32402,38,,,1,99,,32403,38,,,1,99,,32404,38,,,1,100,,32405,38,,,1
28000,'H:171:5:Saturday:1:26SEP:6',726,,32421,38,,,1,100,,32409,38,,,1,100,,32417,38,,,1,102,,32410,38,,,1,101,,32419,38,,,1,100,,32420,38,,,1,101,,32411,38,,,1,99,,32412,38,,,1,100,,32414,38,,,1,100,,32413,38,,,1,99,,32415,38,,,1,99,,32416,38,,,1,99,,32418,38,,,1,100,,32422,38,,,1
28000,'H:171:5:Saturday:2:26SEP:6',726,,32435,38,,,1,100,,32423,38,,,1,100,,32431,38,,,1,102,,32424,38,,,1,101,,32433,38,,,1,100,,32434,38,,,1,101,,32425,38,,,1,99,,32426,38,,,1,100,,32428,38,,,1,100,,32427,38,,,1,99,,32429,38,,,1,99,,32430,38,,,1,99,,32432,38,,,1,100,,32436,38,,,1
28000,'KP:321:0:Weekday:1:26SEP:12345',706,,32442,15,,,1,231,,32440,38,,,1,101,,32437,38,,,1,200,,32441,38,,,1,202,,32438,38,,,1,176,,32439,15,,,1
28000,'KP:321:0:Weekday:2:26SEP:12345',706,,32448,15,,,1,231,,32446,38,,,1,101,,32443,38,,,1,200,,32447,38,,,1,202,,32444,38,,,1,176,,32445,15,,,1
28001,'H:111:6:Sunday:1:26SEP:1234567',744,,32450,15,,,1,100,,32449,15,,,1,100,,32451,15,,,1,101,,32460,15,,,1,100,,32452,15,,,1,100,,32453,15,,,1,100,,32454,15,,,1,100,,32455,15,,,1,101,,32456,15,,,1,100,,32461,15,,,1,100,,32458,15,,,1,99,,32457,15,,,1,100,,32459,15,,,1
28001,'H:111:6:Sunday:2:26SEP:1234567',744,,32463,15,,,1,100,,32462,15,,,1,100,,32464,15,,,1,101,,32473,15,,,1,100,,32465,15,,,1,100,,32466,15,,,1,100,,32467,15,,,1,100,,32468,15,,,1,101,,32469,15,,,1,100,,32474,15,,,1,100,,32471,15,,,1,99,,32470,15,,,1,100,,32472,15,,,1
28001,'H:121:0:Weekday:1:26SEP:12345',609,,32475,15,,,1,100,,32476,15,,,1,30,,32477,15,0,8 7,1,101,,32491,15,0,8 7,1,170,,32478,15,,,1,200,,32479,15,,,1,203,,32480,15,,,1,25,,32481,15,0,8 7,1,75,,32482,15,,,1,101,,32483,15,,,1,25,,32484,15,0,8 7,1,75,,32485,15,,,1,24,,32486,15,0,8 7,1,74,,32487,15,,,1,24,,32488,15,0,8 7,1,74,,32489,15,,,1,100,,32490,15,,,1
28001,'H:121:0:Weekday:2:26SEP:12345',609,,32492,15,,,1,100,,32493,15,,,1,30,,32494,15,0,8 7,1,101,,32508,15,0,8 7,1,170,,32495,15,,,1,200,,32496,15,,,1,203,,32497,15,,,1,25,,32498,15,0,8 7,1,75,,32499,15,,,1,101,,32500,15,,,1,25,,32501,15,0,8 7,1,75,,32502,15,,,1,24,,32503,15,0,8 7,1,74,,32504,15,,,1,24,,32505,15,0,8 7,1,74,,32506,15,,,1,100,,32507,15,,,1
28001,'H:171:5:Saturday:1:26SEP:6',744,,32517,15,,,1,100,,32509,15,,,1,101,,32520,15,,,1,101,,32515,15,,,1,100,,32518,15,,,1,100,,32516,15,,,1,102,,32514,15,,,1,100,,32511,15,,,1,100,,32513,15,,,1,98,,32510,15,,,1,100,,32512,15,,,1,100,,32519,15,,,1,99,,32521,15,,,1
28001,'H:171:5:Saturday:2:26SEP:6',744,,32530,15,,,1,100,,32522,15,,,1,101,,32533,15,,,1,101,,32528,15,,,1,100,,32531,15,,,1,100,,32529,15,,,1,102,,32527,15,,,1,100,,32524,15,,,1,100,,32526,15,,,1,98,,32523,15,,,1,100,,32525,15,,,1,100,,32532,15,,,1,99,,32534,15,,,1
28001,'KP:321:0:Weekday:1:26SEP:12345',810,,32538,15,,,1,100,,32535,15,,,1,200,,32539,15,,,1,203,,32536,15,,,1,226,,32537,15,0,8 7,1
28001,'KP:321:0:Weekday:2:26SEP:12345',810,,32543,15,,,1,100,,32540,15,,,1,200,,32544,15,,,1,203,,32541,15,,,1,226,,32542,15,0,8 7,1
90300,'KP:321:0:Weekday:1:26SEP:12345',455,,35259,4,,,1,74,,35255,4,,,1,27,,35253,4,,,1,65,,35256,4,,,1,32,,35257,4,,,1,75,,35254,4,,,1,80,,35258,4,,,1
90300,'KP:321:0:Weekday:2:26SEP:12345',455,,35266,4,,,1,74,,35262,4,,,1,27,,35260,4,,,1,65,,35263,4,,,1,32,,35264,4,,,1,75,,35261,4,,,1,80,,35265,4,,,1
90301,'H:121:0:Weekday:1:26SEP:12345',1658,,35267,15,4,,1,70,,35268,15,4,,1
90301,'H:121:0:Weekday:2:26SEP:12345',1658,,35269,15,4,,1,70,,35270,15,4,,1
90301,'KP:321:0:Weekday:1:26SEP:12345',1602,,35276,15,4,,1,32,,35273,15,4,,1,121,,35271,15,4,,1,69,,35277,15,4,,1,29,,35275,15,4,,1,73,,35274,15,4,,1,74,,35272,15,4,,1
90301,'KP:321:0:Weekday:2:26SEP:12345',1602,,35283,15,4,,1,32,,35280,15,4,,1,121,,35278,15,4,,1,69,,35284,15,4,,1,29,,35282,15,4,,1,73,,35281,15,4,,1,74,,35279,15,4,,1
