12100,'H:113:6:Sunday:3:26MAR:1234567',724,,23076,31,,,1,102,,23077,31,,,1,103,,23078,31,,,1,100,,23079,31,,,1,101,,23080,31,,,1,101,,23081,31,,,1,101,,23082,31,,,1,100,,23083,31,,,1,99,,23084,31,,,1,99,,23085,31,,,1,100,,23086,31,,,1,100,,23087,31,,,1,99,,23088,31,,,1,99,,23089,31,,,1
12100,'H:123:0:Weekday:3:26MAR:12345',555,,23108,31,,,1,66,,23106,31,,,1,26,,23113,31,,,1,69,,23107,31,,,1,29,,23112,31,,,1,68,,23104,31,,,1,26,,23109,31,,,1,69,,23114,31,,,1,21,,23116,31,,,1,30,,23110,31,,,1,93,,23111,31,,,1,90,,23105,31,,,1,90,,23097,31,,,1,91,,23103,31,,,1,90,,23095,31,,,1,96,,23101,31,,,1,102,,23102,31,,,1,35,,23098,31,,,1,72,,23100,31,,,1,35,,23099,31,,,1,73,,23096,31,,,1,25,,23090,31,,,1,69,,23115,31,,,1,33,,23094,31,,,1,95,,23093,31,,,1,100,,23091,31,,,1,99,,23092,31,,,1
12100,'H:123:0:Weekday:4:26MAR:12345',555,,23135,31,,,1,66,,23133,31,,,1,26,,23140,31,,,1,69,,23134,31,,,1,29,,23139,31,,,1,68,,23131,31,,,1,26,,23136,31,,,1,69,,23141,31,,,1,21,,23143,31,,,1,30,,23137,31,,,1,93,,23138,31,,,1,90,,23132,31,,,1,90,,23124,31,,,1,91,,23130,31,,,1,90,,23122,31,,,1,96,,23128,31,,,1,102,,23129,31,,,1,35,,23125,31,,,1,72,,23127,31,,,1,35,,23126,31,,,1,73,,23123,31,,,1,25,,23117,31,,,1,69,,23142,31,,,1,33,,23121,31,,,1,95,,23120,31,,,1,100,,23118,31,,,1,99,,23119,31,,,1
12100,'H:173:5:Saturday:3:26MAR:6',624,,23145,31,,,1,101,,23146,31,,,1,102,,23147,31,,,1,101,,23144,31,,,1,101,,23148,31,,,1,101,,23149,31,,,1,100,,23150,31,,,1,100,,23151,31,,,1,101,,23152,31,,,1,101,,23153,31,,,1,100,,23154,31,,,1,100,,23155,31,,,1,98,,23156,31,,,1,99,,23157,31,,,1,99,,23158,31,,,1
12100,'KP:323:0:Weekday:3:26MAR:12345',1541,,23159,31,,,1
12100,'KP:323:0:Weekday:4:26MAR:12345',1541,,23160,31,,,1
90800,'H:123:0:Weekday:3:26MAR:12345',511,,27052,22,,,1
90800,'H:123:0:Weekday:4:26MAR:12345',511,,27053,22,,,1
90800,'KP:323:0:Weekday:3:26MAR:12345',541,,27055,22,,,1,100,,27054,22,,,1,81,,27057,22,,,1,115,,27056,22,,,1
90800,'KP:323:0:Weekday:4:26MAR:12345',541,,27059,22,,,1,100,,27058,22,,,1,81,,27061,22,,,1,115,,27060,22,,,1
