16600,'H:113:6:Sunday:3:26MAR:1234567',639,,23438,8,,,1,96,,23439,8,,,1,99,,23440,8,,,1,97,,23441,8,,,1,97,,23442,8,,,1,97,,23443,8,,,1,98,,23444,8,,,1,99,,23445,8,,,1,101,,23446,8,,,1,101,,23447,8,,,1,101,,23448,8,,,1,103,,23449,8,,,1,103,,23450,8,,,1,101,,23451,8,,,1,101,,23452,8,,,1,101,,23453,8,,,1
16600,'H:123:0:Weekday:3:26MAR:12345',446,,23476,8,,,1,70,,23465,8,,,1,26,,23474,8,,,1,69,,23464,8,,,1,27,,23477,8,,,1,69,,23459,8,,,1,28,,23469,8,,,1,71,,23458,8,,,1,100,,23457,8,,,1,100,,23456,8,,,1,100,,23455,8,,,1,29,,23466,8,,,1,197,,23471,8,,,1,98,,23470,8,,,1,98,,23468,8,,,1,29,,23462,8,,,1,70,,23467,8,,,1,174,,23454,8,,,1,31,,23473,8,,,1,74,,23461,8,,,1,32,,23460,8,,,1,100,,23463,8,,,1,103,,23472,8,,,1,104,,23475,8,,,1
16600,'H:123:0:Weekday:4:26MAR:12345',446,,23500,8,,,1,70,,23489,8,,,1,26,,23498,8,,,1,69,,23488,8,,,1,27,,23501,8,,,1,69,,23483,8,,,1,28,,23493,8,,,1,71,,23482,8,,,1,100,,23481,8,,,1,100,,23480,8,,,1,100,,23479,8,,,1,29,,23490,8,,,1,197,,23495,8,,,1,98,,23494,8,,,1,98,,23492,8,,,1,29,,23486,8,,,1,70,,23491,8,,,1,174,,23478,8,,,1,31,,23497,8,,,1,74,,23485,8,,,1,32,,23484,8,,,1,100,,23487,8,,,1,103,,23496,8,,,1,104,,23499,8,,,1
16600,'H:173:5:Saturday:3:26MAR:6',538,,23502,8,,,1,99,,23503,8,,,1,96,,23505,8,,,1,98,,23506,8,,,1,95,,23507,8,,,1,98,,23504,8,,,1,98,,23508,8,,,1,98,,23510,8,,,1,99,,23511,8,,,1,100,,23515,8,,,1,101,,23513,8,,,1,102,,23516,8,,,1,103,,23514,8,,,1,101,,23512,8,,,1,105,,23517,8,,,1,102,,23509,8,,,1,101,,23518,8,,,1
16600,'KP:323:0:Weekday:3:26MAR:12345',836,,23527,8,,,1,100,,23523,8,,,1,100,,23519,8,,,1,167,,23525,8,,,1,29,,23522,8,,,1,70,,23526,8,,,1,99,,23524,8,,,1,57,,23520,8,,,1,199,,23528,8,,,1,72,,23521,8,,,1
16600,'KP:323:0:Weekday:4:26MAR:12345',836,,23537,8,,,1,100,,23533,8,,,1,100,,23529,8,,,1,167,,23535,8,,,1,29,,23532,8,,,1,70,,23536,8,,,1,99,,23534,8,,,1,57,,23530,8,,,1,199,,23538,8,,,1,72,,23531,8,,,1
90100,'H:123:0:Weekday:3:26MAR:12345',444,,26846,6,,,1
90100,'H:123:0:Weekday:4:26MAR:12345',444,,26847,6,,,1
90100,'KP:323:0:Weekday:3:26MAR:12345',514,,26849,6,,,1,29,,26851,6,,,1,65,,26855,6,,,1,28,,26853,6,,,1,67,,26852,6,,,1,29,,26850,6,,,1,73,,26854,6,,,1,33,,26848,6,,,1
90100,'KP:323:0:Weekday:4:26MAR:12345',514,,26857,6,,,1,29,,26859,6,,,1,65,,26863,6,,,1,28,,26861,6,,,1,67,,26860,6,,,1,29,,26858,6,,,1,73,,26862,6,,,1,33,,26856,6,,,1
