20900,'H:111:6:Sunday:1:26SEP:1234567',829,,31385,34,,,1,101,,31379,34,,,1,101,,31377,34,,,1,102,,31389,34,,,1,102,,31381,34,,,1,102,,31387,34,,,1,101,,31378,34,,,1,102,,31380,34,,,1,101,,31388,34,,,1,100,,31383,34,,,1,99,,31384,34,,,1,96,,31382,34,,,1,99,,31386,34,,,1
20900,'H:111:6:Sunday:2:26SEP:1234567',829,,31398,34,,,1,101,,31392,34,,,1,101,,31390,34,,,1,102,,31402,34,,,1,102,,31394,34,,,1,102,,31400,34,,,1,101,,31391,34,,,1,102,,31393,34,,,1,101,,31401,34,,,1,100,,31396,34,,,1,99,,31397,34,,,1,96,,31395,34,,,1,99,,31399,34,,,1
20900,'H:121:0:Weekday:1:26SEP:12345',635,,31415,34,,,1,103,,31416,34,,,1,100,,31418,34,,,1,100,,31417,34,,,1,100,,31414,34,,,1,101,,31410,34,,,1,103,,31408,34,,,1,98,,31412,34,,,1,102,,31406,34,,,1,101,,31411,34,,,1,100,,31413,34,,,1,99,,31405,34,,,1,99,,31407,34,,,1,98,,31409,34,,,1,99,,31403,34,,,1,98,,31404,34,,,1,95,,31419,34,,,1
20900,'H:121:0:Weekday:2:26SEP:12345',635,,31432,34,,,1,103,,31433,34,,,1,100,,31435,34,,,1,100,,31434,34,,,1,100,,31431,34,,,1,101,,31427,34,,,1,103,,31425,34,,,1,98,,31429,34,,,1,102,,31423,34,,,1,101,,31428,34,,,1,100,,31430,34,,,1,99,,31422,34,,,1,99,,31424,34,,,1,98,,31426,34,,,1,99,,31420,34,,,1,98,,31421,34,,,1,95,,31436,34,,,1
20900,'H:171:5:Saturday:1:26SEP:6',730,,31446,34,,,1,100,,31439,34,,,1,102,,31437,34,,,1,103,,31449,34,,,1,100,,31442,34,,,1,103,,31448,34,,,1,100,,31440,34,,,1,102,,31438,34,,,1,101,,31451,34,,,1,101,,31443,34,,,1,99,,31447,34,,,1,98,,31441,34,,,1,97,,31444,34,,,1,99,,31450,34,,,1,98,,31445,34,,,1
20900,'H:171:5:Saturday:2:26SEP:6',730,,31461,34,,,1,100,,31454,34,,,1,102,,31452,34,,,1,103,,31464,34,,,1,100,,31457,34,,,1,103,,31463,34,,,1,100,,31455,34,,,1,102,,31453,34,,,1,101,,31466,34,,,1,101,,31458,34,,,1,99,,31462,34,,,1,98,,31456,34,,,1,97,,31459,34,,,1,99,,31465,34,,,1,98,,31460,34,,,1
28000,'H:111:6:Sunday:1:26SEP:1234567',820,,32347,33,,,1,101,,32348,33,,,1,100,,32349,33,,,1,100,,32350,33,,,1,101,,32358,33,,,1,100,,32352,33,,,1,100,,32351,33,,,1,100,,32353,33,,,1,100,,32354,33,,,1,100,,32355,33,,,1,100,,32359,33,,,1,99,,32357,33,,,1,100,,32356,33,,,1
28000,'H:111:6:Sunday:2:26SEP:1234567',820,,32360,33,,,1,101,,32361,33,,,1,100,,32362,33,,,1,100,,32363,33,,,1,101,,32371,33,,,1,100,,32365,33,,,1,100,,32364,33,,,1,100,,32366,33,,,1,100,,32367,33,,,1,100,,32368,33,,,1,100,,32372,33,,,1,99,,32370,33,,,1,100,,32369,33,,,1
28000,'H:121:0:Weekday:1:26SEP:12345',510,,32388,33,,,1,116,,32390,33,,,1,107,,32373,33,,,1,70,,32389,10,,,1,28,,32374,33,,,1,72,,32375,10,,,1,229,,32376,33,,,1,200,,32377,33,,,1,78,,32378,10,,,1,101,,32379,10,,,1,23,,32380,33,,,1,100,,32381,33,,,1,76,,32382,10,,,1,22,,32383,33,,,1,100,,32384,33,,,1,99,,32385,33,,,1,99,,32386,33,,,1,100,,32387,33,,,1
28000,'H:121:0:Weekday:2:26SEP:12345',510,,32406,33,,,1,116,,32408,33,,,1,107,,32391,33,,,1,70,,32407,10,,,1,28,,32392,33,,,1,72,,32393,10,,,1,229,,32394,33,,,1,200,,32395,33,,,1,78,,32396,10,,,1,101,,32397,10,,,1,23,,32398,33,,,1,100,,32399,33,,,1,76,,32400,10,,,1,22,,32401,33,,,1,100,,32402,33,,,1,99,,32403,33,,,1,99,,32404,33,,,1,100,,32405,33,,,1
28000,'H:171:5:Saturday:1:26SEP:6',720,,32421,33,,,1,100,,32409,33,,,1,100,,32417,33,,,1,102,,32410,33,,,1,101,,32419,33,,,1,100,,32420,33,,,1,101,,32411,33,,,1,99,,32412,33,,,1,100,,32414,33,,,1,100,,32413,33,,,1,99,,32415,33,,,1,99,,32416,33,,,1,99,,32418,33,,,1,100,,32422,33,,,1
28000,'H:171:5:Saturday:2:26SEP:6',720,,32435,33,,,1,100,,32423,33,,,1,100,,32431,33,,,1,102,,32424,33,,,1,101,,32433,33,,,1,100,,32434,33,,,1,101,,32425,33,,,1,99,,32426,33,,,1,100,,32428,33,,,1,100,,32427,33,,,1,99,,32429,33,,,1,99,,32430,33,,,1,99,,32432,33,,,1,100,,32436,33,,,1
28000,'KP:321:0:Weekday:1:26SEP:12345',700,,32442,10,,,1,231,,32440,33,,,1,101,,32437,33,,,1,200,,32441,33,,,1,202,,32438,33,,,1,176,,32439,10,,,1
28000,'KP:321:0:Weekday:2:26SEP:12345',700,,32448,10,,,1,231,,32446,33,,,1,101,,32443,33,,,1,200,,32447,33,,,1,202,,32444,33,,,1,176,,32445,10,,,1
