12101,'H:111:6:Sunday:1:26SEP:1234567',726,,30121,30,,,1,101,,30122,30,,,1,101,,30123,30,,,1,100,,30124,30,,,1,101,,30125,30,,,1,101,,30126,30,,,1,100,,30127,30,,,1,100,,30129,30,,,1,100,,30130,30,,,1,99,,30131,30,,,1,100,,30128,30,,,1,99,,30132,30,,,1,100,,30133,30,,,1,99,,30134,30,,,1
12101,'H:111:6:Sunday:2:26SEP:1234567',726,,30135,30,,,1,101,,30136,30,,,1,101,,30137,30,,,1,100,,30138,30,,,1,101,,30139,30,,,1,101,,30140,30,,,1,100,,30141,30,,,1,100,,30143,30,,,1,100,,30144,30,,,1,99,,30145,30,,,1,100,,30142,30,,,1,99,,30146,30,,,1,100,,30147,30,,,1,99,,30148,30,,,1
12101,'H:121:0:Weekday:1:26SEP:12345',524,,30166,30,,,1,30,,30149,30,,,1,67,,30164,30,,,1,25,,30169,30,,,1,66,,30173,30,,,1,26,,30171,30,,,1,67,,30174,30,,,1,25,,30163,30,,,1,29,,30157,30,,,1,96,,30165,30,,,1,95,,30167,30,,,1,90,,30168,30,,,1,90,,30158,30,,,1,90,,30159,30,,,1,91,,30170,30,,,1,96,,30152,30,,,1,33,,30161,30,,,1,72,,30172,30,,,1,32,,30155,30,,,1,74,,30153,30,,,1,30,,30160,30,,,1,67,,30150,30,,,1,33,,30151,30,,,1,68,,30162,30,,,1,29,,30176,30,,,1,93,,30154,30,,,1,99,,30156,30,,,1,99,,30175,30,,,1
12101,'H:121:0:Weekday:2:26SEP:12345',524,,30194,30,,,1,30,,30177,30,,,1,67,,30192,30,,,1,25,,30197,30,,,1,66,,30201,30,,,1,26,,30199,30,,,1,67,,30202,30,,,1,25,,30191,30,,,1,29,,30185,30,,,1,96,,30193,30,,,1,95,,30195,30,,,1,90,,30196,30,,,1,90,,30186,30,,,1,90,,30187,30,,,1,91,,30198,30,,,1,96,,30180,30,,,1,33,,30189,30,,,1,72,,30200,30,,,1,32,,30183,30,,,1,74,,30181,30,,,1,30,,30188,30,,,1,67,,30178,30,,,1,33,,30179,30,,,1,68,,30190,30,,,1,29,,30204,30,,,1,93,,30182,30,,,1,99,,30184,30,,,1,99,,30203,30,,,1
12101,'H:171:5:Saturday:1:26SEP:6',624,,30205,30,,,1,100,,30206,30,,,1,103,,30207,30,,,1,101,,30208,30,,,1,101,,30209,30,,,1,100,,30210,30,,,1,102,,30211,30,,,1,100,,30212,30,,,1,100,,30213,30,,,1,100,,30214,30,,,1,100,,30215,30,,,1,100,,30216,30,,,1,99,,30217,30,,,1,99,,30218,30,,,1,98,,30219,30,,,1
12101,'H:171:5:Saturday:2:26SEP:6',624,,30220,30,,,1,100,,30221,30,,,1,103,,30222,30,,,1,101,,30223,30,,,1,101,,30224,30,,,1,100,,30225,30,,,1,102,,30226,30,,,1,100,,30227,30,,,1,100,,30228,30,,,1,100,,30229,30,,,1,100,,30230,30,,,1,100,,30231,30,,,1,99,,30232,30,,,1,99,,30233,30,,,1,98,,30234,30,,,1
16600,'H:111:6:Sunday:1:26SEP:1234567',649,,30491,23,,,1,97,,30492,23,,,1,99,,30493,23,,,1,98,,30494,23,,,1,97,,30495,23,,,1,97,,30496,23,,,1,99,,30497,23,,,1,99,,30498,23,,,1,100,,30499,23,,,1,101,,30500,23,,,1,101,,30501,23,,,1,103,,30502,23,,,1,102,,30503,23,,,1,101,,30504,23,,,1,101,,30505,23,,,1,101,,30506,23,,,1
16600,'H:111:6:Sunday:2:26SEP:1234567',649,,30507,23,,,1,97,,30508,23,,,1,99,,30509,23,,,1,98,,30510,23,,,1,97,,30511,23,,,1,97,,30512,23,,,1,99,,30513,23,,,1,99,,30514,23,,,1,100,,30515,23,,,1,101,,30516,23,,,1,101,,30517,23,,,1,103,,30518,23,,,1,102,,30519,23,,,1,101,,30520,23,,,1,101,,30521,23,,,1,101,,30522,23,,,1
16600,'H:121:0:Weekday:1:26SEP:12345',456,,30535,23,,,1,96,,30533,23,,,1,196,,30528,23,,,1,71,,30523,23,,,1,30,,30539,23,,,1,99,,30540,23,,,1,199,,30526,23,,,1,68,,30536,23,,,1,29,,30541,23,,,1,100,,30530,23,,,1,99,,30529,23,,,1,197,,30527,23,,,1,70,,30537,23,,,1,32,,30538,23,,,1,102,,30532,23,,,1,106,,30524,23,,,1,100,,30525,23,,,1,102,,30531,23,,,1,103,,30534,23,,,1
16600,'H:121:0:Weekday:2:26SEP:12345',456,,30554,23,,,1,96,,30552,23,,,1,196,,30547,23,,,1,71,,30542,23,,,1,30,,30558,23,,,1,99,,30559,23,,,1,199,,30545,23,,,1,68,,30555,23,,,1,29,,30560,23,,,1,100,,30549,23,,,1,99,,30548,23,,,1,197,,30546,23,,,1,70,,30556,23,,,1,32,,30557,23,,,1,102,,30551,23,,,1,106,,30543,23,,,1,100,,30544,23,,,1,102,,30550,23,,,1,103,,30553,23,,,1
16600,'H:171:5:Saturday:1:26SEP:6',549,,30561,23,,,1,99,,30562,23,,,1,97,,30564,23,,,1,98,,30565,23,,,1,95,,30566,23,,,1,100,,30563,23,,,1,98,,30567,23,,,1,98,,30569,23,,,1,99,,30570,23,,,1,99,,30574,23,,,1,101,,30572,23,,,1,101,,30575,23,,,1,103,,30573,23,,,1,101,,30571,23,,,1,104,,30576,23,,,1,102,,30568,23,,,1,101,,30577,23,,,1
16600,'H:171:5:Saturday:2:26SEP:6',549,,30578,23,,,1,99,,30579,23,,,1,97,,30581,23,,,1,98,,30582,23,,,1,95,,30583,23,,,1,100,,30580,23,,,1,98,,30584,23,,,1,98,,30586,23,,,1,99,,30587,23,,,1,99,,30591,23,,,1,101,,30589,23,,,1,101,,30592,23,,,1,103,,30590,23,,,1,101,,30588,23,,,1,104,,30593,23,,,1,102,,30585,23,,,1,101,,30594,23,,,1
16600,'KP:321:0:Weekday:1:26SEP:12345',526,,30603,23,,,1,96,,30602,23,,,1,28,,30605,23,,,1,69,,30599,23,,,1,199,,30598,23,,,1,100,,30597,23,,,1,30,,30609,23,,,1,70,,30596,23,,,1,196,,30608,23,,,1,99,,30606,23,,,1,99,,30607,23,,,1,30,,30604,23,,,1,69,,30601,23,,,1,202,,30595,23,,,1,105,,30600,23,,,1
16600,'KP:321:0:Weekday:2:26SEP:12345',526,,30618,23,,,1,96,,30617,23,,,1,28,,30620,23,,,1,69,,30614,23,,,1,199,,30613,23,,,1,100,,30612,23,,,1,30,,30624,23,,,1,70,,30611,23,,,1,196,,30623,23,,,1,99,,30621,23,,,1,99,,30622,23,,,1,30,,30619,23,,,1,69,,30616,23,,,1,202,,30610,23,,,1,105,,30615,23,,,1
