20101,'H:111:6:Sunday:1:26SEP:1234567',735,,30923,14,,,1,100,,30909,14,,,1,100,,30911,14,,,1,90,,30912,14,,,1,80,,30914,14,,,1,40,,30915,14,,,1,80,,30913,14,,,1,80,,30910,14,,,1,40,,30917,14,,,1,80,,30918,14,,,1,80,,30919,14,,,1,40,,30920,14,,,1,80,,30916,14,,,1,80,,30924,14,,,1,40,,30925,14,,,1,80,,30926,14,,,1,80,,30927,14,,,1,40,,30928,14,,,1,90,,30921,14,,,1,100,,30922,14,,,1
20101,'H:111:6:Sunday:2:26SEP:1234567',735,,30943,14,,,1,100,,30929,14,,,1,100,,30931,14,,,1,90,,30932,14,,,1,80,,30934,14,,,1,40,,30935,14,,,1,80,,30933,14,,,1,80,,30930,14,,,1,40,,30937,14,,,1,80,,30938,14,,,1,80,,30939,14,,,1,40,,30940,14,,,1,80,,30936,14,,,1,80,,30944,14,,,1,40,,30945,14,,,1,80,,30946,14,,,1,80,,30947,14,,,1,40,,30948,14,,,1,90,,30941,14,,,1,100,,30942,14,,,1
20101,'H:121:0:Weekday:1:26SEP:12345',600,,30952,14,,,1,221,,30966,14,,,1,29,,30962,14,,,1,471,,30963,14,,,1,101,,30960,14,,,1,30,,30965,14,,,1,170,,30961,14,,,1,100,,30955,14,,,1,29,,30956,14,,,1,70,,30964,14,,,1,29,,30954,14,,,1,70,,30953,14,,,1,30,,30949,14,,,1,70,,30951,14,,,1,30,,30950,14,,,1,70,,30958,14,,,1,30,,30959,14,,,1,70,,30957,14,,,1
20101,'H:121:0:Weekday:2:26SEP:12345',600,,30970,14,,,1,221,,30984,14,,,1,29,,30980,14,,,1,471,,30981,14,,,1,101,,30978,14,,,1,30,,30983,14,,,1,170,,30979,14,,,1,100,,30973,14,,,1,29,,30974,14,,,1,70,,30982,14,,,1,29,,30972,14,,,1,70,,30971,14,,,1,30,,30967,14,,,1,70,,30969,14,,,1,30,,30968,14,,,1,70,,30976,14,,,1,30,,30977,14,,,1,70,,30975,14,,,1
20101,'H:171:5:Saturday:1:26SEP:6',735,,30991,14,,,1,100,,30985,14,,,1,101,,30986,14,,,1,90,,30997,14,,,1,80,,30990,14,,,1,40,,30987,14,,,1,80,,30988,14,,,1,80,,30999,14,,,1,40,,30993,14,,,1,80,,30989,14,,,1,80,,30992,14,,,1,40,,30998,14,,,1,80,,30995,14,,,1,80,,31001,14,,,1,40,,31002,14,,,1,79,,31003,14,,,1,80,,31004,14,,,1,40,,31005,14,,,1,90,,30996,14,,,1,100,,30994,14,,,1,100,,31000,14,,,1
20101,'H:171:5:Saturday:2:26SEP:6',735,,31012,14,,,1,100,,31006,14,,,1,101,,31007,14,,,1,90,,31018,14,,,1,80,,31011,14,,,1,40,,31008,14,,,1,80,,31009,14,,,1,80,,31020,14,,,1,40,,31014,14,,,1,80,,31010,14,,,1,80,,31013,14,,,1,40,,31019,14,,,1,80,,31016,14,,,1,80,,31022,14,,,1,40,,31023,14,,,1,79,,31024,14,,,1,80,,31025,14,,,1,40,,31026,14,,,1,90,,31017,14,,,1,100,,31015,14,,,1,100,,31021,14,,,1
20101,'KP:321:0:Weekday:1:26SEP:12345',640,,31027,14,,,1,80,,31028,14,,,1,31,,31035,14,,,1,169,,31036,14,,,1,30,,31037,14,,,1,71,,31038,14,,,1,30,,31039,14,,,1,70,,31033,14,,,1,30,,31041,14,,,1,70,,31040,14,,,1,30,,31029,14,,,1,101,,31032,14,,,1,170,,31031,14,,,1,30,,31034,14,,,1,100,,31030,14,,,1
20101,'KP:321:0:Weekday:2:26SEP:12345',640,,31042,14,,,1,80,,31043,14,,,1,31,,31050,14,,,1,169,,31051,14,,,1,30,,31052,14,,,1,71,,31053,14,,,1,30,,31054,14,,,1,70,,31048,14,,,1,30,,31056,14,,,1,70,,31055,14,,,1,30,,31044,14,,,1,101,,31047,14,,,1,170,,31046,14,,,1,30,,31049,14,,,1,100,,31045,14,,,1
20201,'H:111:6:Sunday:1:26SEP:1234567',645,,31238,14,,,1,160,,31219,14,,,1,100,,31220,14,,,1,100,,31222,14,,,1,40,,31223,14,,,1,80,,31221,14,,,1,80,,31225,14,,,1,40,,31224,14,,,1,80,,31226,14,,,1,80,,31227,14,,,1,40,,31228,14,,,1,80,,31230,14,,,1,80,,31229,14,,,1,40,,31231,14,,,1,80,,31233,14,,,1,80,,31234,14,,,1,40,,31235,14,,,1,80,,31236,14,,,1,80,,31237,14,,,1,100,,31232,14,,,1,100,,31239,14,,,1
20201,'H:111:6:Sunday:2:26SEP:1234567',645,,31259,14,,,1,160,,31240,14,,,1,100,,31241,14,,,1,100,,31243,14,,,1,40,,31244,14,,,1,80,,31242,14,,,1,80,,31246,14,,,1,40,,31245,14,,,1,80,,31247,14,,,1,80,,31248,14,,,1,40,,31249,14,,,1,80,,31251,14,,,1,80,,31250,14,,,1,40,,31252,14,,,1,80,,31254,14,,,1,80,,31255,14,,,1,40,,31256,14,,,1,80,,31257,14,,,1,80,,31258,14,,,1,100,,31253,14,,,1,100,,31260,14,,,1
20201,'H:121:0:Weekday:1:26SEP:12345',500,,31278,14,,,1,200,,31269,14,,,1,35,,31275,14,,,1,71,,31280,14,,,1,200,,31276,14,,,1,30,,31277,14,,,1,70,,31274,14,,,1,30,,31279,14,,,1,271,,31273,14,,,1,100,,31266,14,,,1,130,,31265,14,,,1,100,,31267,14,,,1,99,,31268,14,,,1,99,,31264,14,,,1,70,,31262,14,,,1,30,,31261,14,,,1,70,,31270,14,,,1,30,,31271,14,,,1,70,,31272,14,,,1,51,,31263,14,,,1
20201,'H:121:0:Weekday:2:26SEP:12345',500,,31298,14,,,1,200,,31289,14,,,1,35,,31295,14,,,1,71,,31300,14,,,1,200,,31296,14,,,1,30,,31297,14,,,1,70,,31294,14,,,1,30,,31299,14,,,1,271,,31293,14,,,1,100,,31286,14,,,1,130,,31285,14,,,1,100,,31287,14,,,1,99,,31288,14,,,1,99,,31284,14,,,1,70,,31282,14,,,1,30,,31281,14,,,1,70,,31290,14,,,1,30,,31291,14,,,1,70,,31292,14,,,1,51,,31283,14,,,1
20201,'H:171:5:Saturday:1:26SEP:6',615,,31322,14,,,1,30,,31315,14,,,1,160,,31306,14,,,1,100,,31308,14,,,1,101,,31314,14,,,1,40,,31303,14,,,1,80,,31302,14,,,1,80,,31311,14,,,1,40,,31312,14,,,1,80,,31304,14,,,1,80,,31301,14,,,1,40,,31305,14,,,1,80,,31307,14,,,1,80,,31309,14,,,1,40,,31310,14,,,1,80,,31317,14,,,1,80,,31318,14,,,1,39,,31319,14,,,1,80,,31320,14,,,1,80,,31321,14,,,1,100,,31313,14,,,1,100,,31316,14,,,1,100,,31323,14,,,1
20201,'H:171:5:Saturday:2:26SEP:6',615,,31345,14,,,1,30,,31338,14,,,1,160,,31329,14,,,1,100,,31331,14,,,1,101,,31337,14,,,1,40,,31326,14,,,1,80,,31325,14,,,1,80,,31334,14,,,1,40,,31335,14,,,1,80,,31327,14,,,1,80,,31324,14,,,1,40,,31328,14,,,1,80,,31330,14,,,1,80,,31332,14,,,1,40,,31333,14,,,1,80,,31340,14,,,1,80,,31341,14,,,1,39,,31342,14,,,1,80,,31343,14,,,1,80,,31344,14,,,1,100,,31336,14,,,1,100,,31339,14,,,1,100,,31346,14,,,1
20201,'KP:321:0:Weekday:1:26SEP:12345',540,,31347,14,,,1,80,,31355,14,,,1,215,,31356,14,,,1,70,,31357,14,,,1,30,,31360,14,,,1,271,,31358,14,,,1,30,,31359,14,,,1,70,,31361,14,,,1,30,,31348,14,,,1,101,,31353,14,,,1,100,,31354,14,,,1,70,,31349,14,,,1,100,,31350,14,,,1,99,,31351,14,,,1,99,,31352,14,,,1
20201,'KP:321:0:Weekday:2:26SEP:12345',540,,31362,14,,,1,80,,31370,14,,,1,215,,31371,14,,,1,70,,31372,14,,,1,30,,31375,14,,,1,271,,31373,14,,,1,30,,31374,14,,,1,70,,31376,14,,,1,30,,31363,14,,,1,101,,31368,14,,,1,100,,31369,14,,,1,70,,31364,14,,,1,100,,31365,14,,,1,99,,31366,14,,,1,99,,31367,14,,,1
