10200,'H:113:6:Sunday:3:26MAR:1234567',731,,21317,24,,,1,70,,21332,24,,,1,31,,21318,24,,,1,70,,21333,24,,,1,30,,21319,24,,,1,71,,21334,24,,,1,30,,21320,24,,,1,70,,21335,24,,,1,31,,21321,24,,,1,70,,21336,24,,,1,29,,21322,24,,,1,71,,21337,24,,,1,30,,21323,24,,,1,71,,21338,24,,,1,30,,21324,24,,,1,70,,21339,24,,,1,30,,21325,24,,,1,70,,21340,24,,,1,29,,21327,24,,,1,70,,21341,24,,,1,29,,21328,24,,,1,71,,21342,24,,,1,29,,21329,24,,,1,70,,21343,24,,,1,29,,21326,24,,,1,100,,21330,24,,,1,100,,21331,24,,,1,100,,21344,24,,,1
10200,'H:123:0:Weekday:3:26MAR:12345',537,,21361,24,,,1,70,,21356,24,,,1,27,,21346,24,,,1,70,,21362,24,,,1,30,,21345,24,,,1,70,,21363,24,,,1,107,,21364,24,,,1,30,,21347,24,,,1,200,,21348,24,,,1,100,,21349,24,,,1,100,,21351,24,,,1,76,,21350,24,,,1,125,,21352,24,,,1,71,,21365,24,,,1,100,,21366,24,,,1,29,,21360,24,,,1,70,,21367,24,,,1,29,,21359,24,,,1,69,,21353,24,,,1,29,,21357,24,,,1,99,,21358,24,,,1,99,,21354,24,,,1,100,,21355,24,,,1
10200,'H:123:0:Weekday:4:26MAR:12345',537,,21384,24,,,1,70,,21379,24,,,1,27,,21369,24,,,1,70,,21385,24,,,1,30,,21368,24,,,1,70,,21386,24,,,1,107,,21387,24,,,1,30,,21370,24,,,1,200,,21371,24,,,1,100,,21372,24,,,1,100,,21374,24,,,1,76,,21373,24,,,1,125,,21375,24,,,1,71,,21388,24,,,1,100,,21389,24,,,1,29,,21383,24,,,1,70,,21390,24,,,1,29,,21382,24,,,1,69,,21376,24,,,1,29,,21380,24,,,1,99,,21381,24,,,1,99,,21377,24,,,1,100,,21378,24,,,1
10200,'H:173:5:Saturday:3:26MAR:6',632,,21395,24,,,1,70,,21396,24,,,1,30,,21397,24,,,1,70,,21398,24,,,1,31,,21399,24,,,1,70,,21400,24,,,1,31,,21401,24,,,1,71,,21402,24,,,1,30,,21403,24,,,1,71,,21404,24,,,1,30,,21405,24,,,1,70,,21406,24,,,1,30,,21407,24,,,1,70,,21408,24,,,1,30,,21410,24,,,1,70,,21411,24,,,1,30,,21413,24,,,1,70,,21409,24,,,1,30,,21414,24,,,1,70,,21415,24,,,1,30,,21412,24,,,1,69,,21416,24,,,1,30,,21417,24,,,1,70,,21418,24,,,1,29,,21419,24,,,1,70,,21420,24,,,1,30,,21392,24,,,1,99,,21394,24,,,1,99,,21393,24,,,1,100,,21391,24,,,1,100,,21421,24,,,1,100,,21422,24,,,1
10200,'KP:323:0:Weekday:3:26MAR:12345',841,,21423,24,,,1,170,,21429,24,,,1,30,,21426,24,,,1,70,,21431,24,,,1,100,,21428,24,,,1,100,,21424,24,,,1,131,,21430,24,,,1,70,,21425,24,,,1,131,,21427,24,,,1
10200,'KP:323:0:Weekday:4:26MAR:12345',841,,21432,24,,,1,170,,21438,24,,,1,30,,21435,24,,,1,70,,21440,24,,,1,100,,21437,24,,,1,100,,21433,24,,,1,131,,21439,24,,,1,70,,21434,24,,,1,131,,21436,24,,,1
13000,'H:113:6:Sunday:3:26MAR:1234567',721,,23246,48,,,1,101,,23248,48,,,1,103,,23247,48,,,1,101,,23249,48,,,1,101,,23252,48,,,1,101,,23250,48,,,1,102,,23251,48,,,1,99,,23254,48,,,1,100,,23253,48,,,1,100,,23255,48,,,1,100,,23256,48,,,1,98,,23257,48,,,1,98,,23258,48,,,1,98,,23259,48,,,1,99,,23260,48,,,1
13000,'H:123:0:Weekday:3:26MAR:12345',551,,23280,48,,,1,74,,23283,48,,,1,30,,23269,48,,,1,71,,23284,48,,,1,31,,23261,48,,,1,73,,23271,48,,,1,70,,23262,48,,,1,29,,23285,48,,,1,29,,23270,48,,,1,71,,23287,48,,,1,30,,23279,48,,,1,71,,23288,48,,,1,70,,23276,48,,,1,30,,23289,48,,,1,70,,23277,48,,,1,30,,23290,48,,,1,70,,23278,48,,,1,30,,23291,48,,,1,72,,23275,48,,,1,30,,23292,48,,,1,71,,23263,48,,,1,31,,23281,48,,,1,70,,23273,48,,,1,30,,23272,48,,,1,70,,23264,48,,,1,27,,23274,48,,,1,69,,23265,48,,,1,28,,23286,48,,,1,29,,23266,48,,,1,98,,23267,48,,,1,99,,23268,48,,,1,98,,23282,48,,,1
13000,'H:123:0:Weekday:4:26MAR:12345',551,,23312,48,,,1,74,,23315,48,,,1,30,,23301,48,,,1,71,,23316,48,,,1,31,,23293,48,,,1,73,,23303,48,,,1,70,,23294,48,,,1,29,,23317,48,,,1,29,,23302,48,,,1,71,,23319,48,,,1,30,,23311,48,,,1,71,,23320,48,,,1,70,,23308,48,,,1,30,,23321,48,,,1,70,,23309,48,,,1,30,,23322,48,,,1,70,,23310,48,,,1,30,,23323,48,,,1,72,,23307,48,,,1,30,,23324,48,,,1,71,,23295,48,,,1,31,,23313,48,,,1,70,,23305,48,,,1,30,,23304,48,,,1,70,,23296,48,,,1,27,,23306,48,,,1,69,,23297,48,,,1,28,,23318,48,,,1,29,,23298,48,,,1,98,,23299,48,,,1,99,,23300,48,,,1,98,,23314,48,,,1
13000,'H:173:5:Saturday:3:26MAR:6',619,,23340,48,,,1,101,,23325,48,,,1,103,,23326,48,,,1,101,,23327,48,,,1,102,,23328,48,,,1,102,,23329,48,,,1,102,,23330,48,,,1,101,,23331,48,,,1,100,,23332,48,,,1,99,,23333,48,,,1,100,,23334,48,,,1,99,,23335,48,,,1,98,,23336,48,,,1,98,,23337,48,,,1,99,,23338,48,,,1,99,,23339,48,,,1,100,,23341,48,,,1
90900,'H:113:6:Sunday:3:26MAR:1234567',657,,27072,20,,,1,80,,27073,20,,,1,100,,27074,20,,,1,85,,27075,20,,,1,85,,27076,20,,,1,45,,27077,20,,,1,85,,27078,20,,,1,85,,27079,20,,,1,100,,27080,20,,,1,90,,27081,20,,,1,90,,27082,20,,,1,40,,27083,20,,,1,90,,27084,20,,,1,80,,27085,20,,,1,90,,27087,20,,,1,40,,27088,20,,,1,85,,27089,20,,,1,90,,27086,20,,,1,35,,27090,20,,,1,85,,27091,20,,,1,75,,27092,20,,,1,45,,27093,20,,,1
90900,'H:123:0:Weekday:3:26MAR:12345',557,,27094,20,,,1,100,,27095,20,,,1,80,,27096,20,,,1,100,,27097,20,,,1,85,,27098,20,,,1,85,,27099,20,,,1,45,,27100,20,,,1,85,,27101,20,,,1,85,,27102,20,,,1,100,,27103,20,,,1,90,,27104,20,,,1,89,,27105,20,,,1,40,,27106,20,,,1,90,,27107,20,,,1,80,,27108,20,,,1,90,,27109,20,,,1,41,,27110,20,,,1,85,,27111,20,,,1,90,,27112,20,,,1,35,,27113,20,,,1,160,,27114,20,,,1,120,,27115,20,,,1
90900,'H:123:0:Weekday:4:26MAR:12345',557,,27116,20,,,1,100,,27117,20,,,1,80,,27118,20,,,1,100,,27119,20,,,1,85,,27120,20,,,1,85,,27121,20,,,1,45,,27122,20,,,1,85,,27123,20,,,1,85,,27124,20,,,1,100,,27125,20,,,1,90,,27126,20,,,1,89,,27127,20,,,1,40,,27128,20,,,1,90,,27129,20,,,1,80,,27130,20,,,1,90,,27131,20,,,1,41,,27132,20,,,1,85,,27133,20,,,1,90,,27134,20,,,1,35,,27135,20,,,1,160,,27136,20,,,1,120,,27137,20,,,1
90900,'H:173:5:Saturday:3:26MAR:6',557,,27138,20,,,1,100,,27139,20,,,1,80,,27141,20,,,1,100,,27142,20,,,1,85,,27143,20,,,1,85,,27140,20,,,1,45,,27144,20,,,1,84,,27145,20,,,1,85,,27146,20,,,1,100,,27147,20,,,1,90,,27148,20,,,1,91,,27149,20,,,1,40,,27150,20,,,1,90,,27151,20,,,1,80,,27152,20,,,1,90,,27153,20,,,1,40,,27154,20,,,1,85,,27155,20,,,1,90,,27156,20,,,1,35,,27157,20,,,1,85,,27158,20,,,1,75,,27159,20,,,1,45,,27160,20,,,1
