12000,'H:113:6:Sunday:3:26MAR:1234567',739,,22891,17,,,1,100,,22892,17,,,1,100,,22893,17,,,1,99,,22890,17,,,1,100,,22894,17,,,1,98,,22895,17,,,1,100,,22896,17,,,1,100,,22897,17,,,1,100,,22898,17,,,1,100,,22899,17,,,1,100,,22900,17,,,1,100,,22901,17,,,1,102,,22889,17,,,1,100,,22902,17,,,1
12000,'H:123:0:Weekday:3:26MAR:12345',432,,22920,17,,,1,85,,22921,17,,,1,28,,22907,17,,,1,68,,22922,17,,,1,28,,22905,17,,,1,70,,22923,17,,,1,29,,22903,17,,,1,71,,22924,17,,,1,30,,22904,17,,,1,70,,22929,17,,,1,33,,22906,17,,,1,70,,22930,17,,,1,30,,22910,17,,,1,70,,22931,17,,,1,30,,22908,17,,,1,70,,22932,17,,,1,29,,22911,17,,,1,69,,22933,17,,,1,30,,22909,17,,,1,70,,22934,17,,,1,30,,22913,17,,,1,67,,22925,17,,,1,29,,22914,17,,,1,70,,22926,17,,,1,29,,22912,17,,,1,71,,22927,17,,,1,32,,22919,17,,,1,70,,22928,17,,,1,34,,22917,17,,,1,98,,22918,17,,,1,101,,22915,17,,,1,102,,22916,17,,,1
12000,'H:123:0:Weekday:4:26MAR:12345',432,,22952,17,,,1,85,,22953,17,,,1,28,,22939,17,,,1,68,,22954,17,,,1,28,,22937,17,,,1,70,,22955,17,,,1,29,,22935,17,,,1,71,,22956,17,,,1,30,,22936,17,,,1,70,,22961,17,,,1,33,,22938,17,,,1,70,,22962,17,,,1,30,,22942,17,,,1,70,,22963,17,,,1,30,,22940,17,,,1,70,,22964,17,,,1,29,,22943,17,,,1,69,,22965,17,,,1,30,,22941,17,,,1,70,,22966,17,,,1,30,,22945,17,,,1,67,,22957,17,,,1,29,,22946,17,,,1,70,,22958,17,,,1,29,,22944,17,,,1,71,,22959,17,,,1,32,,22951,17,,,1,70,,22960,17,,,1,34,,22949,17,,,1,98,,22950,17,,,1,101,,22947,17,,,1,102,,22948,17,,,1
12000,'H:173:5:Saturday:3:26MAR:6',540,,22972,17,,,1,100,,22971,17,,,1,98,,22975,17,,,1,100,,22974,17,,,1,100,,22977,17,,,1,100,,22976,17,,,1,99,,22973,17,,,1,99,,22979,17,,,1,100,,22980,17,,,1,100,,22978,17,,,1,100,,22982,17,,,1,101,,22981,17,,,1,100,,22970,17,,,1,100,,22968,17,,,1,101,,22967,17,,,1,101,,22969,17,,,1,101,,22983,17,,,1
12100,'H:113:6:Sunday:3:26MAR:1234567',714,,23076,22,,,1,101,,23077,22,,,1,102,,23078,22,,,1,100,,23079,22,,,1,101,,23080,22,,,1,101,,23081,22,,,1,101,,23082,22,,,1,100,,23083,22,,,1,100,,23084,22,,,1,99,,23085,22,,,1,100,,23086,22,,,1,100,,23087,22,,,1,99,,23088,22,,,1,99,,23089,22,,,1
12100,'H:123:0:Weekday:3:26MAR:12345',544,,23108,22,,,1,66,,23106,22,,,1,25,,23113,22,,,1,67,,23107,22,,,1,27,,23112,22,,,1,27,,23104,22,,,1,66,,23109,22,,,1,30,,23114,22,,,1,63,,23116,22,,,1,30,,23110,22,,,1,94,,23111,22,,,1,90,,23105,22,,,1,90,,23097,22,,,1,90,,23103,22,,,1,50,,23095,22,,,1,96,,23101,22,,,1,102,,23102,22,,,1,73,,23098,22,,,1,72,,23100,22,,,1,37,,23099,22,,,1,73,,23096,22,,,1,25,,23090,22,,,1,69,,23115,22,,,1,34,,23094,22,,,1,96,,23093,22,,,1,100,,23091,22,,,1,99,,23092,22,,,1
12100,'H:123:0:Weekday:4:26MAR:12345',544,,23135,22,,,1,66,,23133,22,,,1,25,,23140,22,,,1,67,,23134,22,,,1,27,,23139,22,,,1,27,,23131,22,,,1,66,,23136,22,,,1,30,,23141,22,,,1,63,,23143,22,,,1,30,,23137,22,,,1,94,,23138,22,,,1,90,,23132,22,,,1,90,,23124,22,,,1,90,,23130,22,,,1,50,,23122,22,,,1,96,,23128,22,,,1,102,,23129,22,,,1,73,,23125,22,,,1,72,,23127,22,,,1,37,,23126,22,,,1,73,,23123,22,,,1,25,,23117,22,,,1,69,,23142,22,,,1,34,,23121,22,,,1,96,,23120,22,,,1,100,,23118,22,,,1,99,,23119,22,,,1
12100,'H:173:5:Saturday:3:26MAR:6',614,,23145,22,,,1,100,,23146,22,,,1,102,,23147,22,,,1,101,,23144,22,,,1,101,,23148,22,,,1,101,,23149,22,,,1,100,,23150,22,,,1,100,,23151,22,,,1,101,,23152,22,,,1,101,,23153,22,,,1,100,,23154,22,,,1,100,,23155,22,,,1,98,,23156,22,,,1,99,,23157,22,,,1,99,,23158,22,,,1
12100,'KP:323:0:Weekday:3:26MAR:12345',1527,,23159,22,,,1
12100,'KP:323:0:Weekday:4:26MAR:12345',1527,,23160,22,,,1
