10201,'H:111:6:Sunday:1:26SEP:1234567',655,,27750,13,,,1,70,,27765,13,,,1,30,,27749,13,,,1,70,,27764,13,,,1,30,,27752,13,,,1,69,,27766,13,,,1,30,,27753,13,,,1,70,,27768,13,,,1,30,,27751,13,,,1,69,,27769,13,,,1,30,,27754,13,,,1,70,,27770,13,,,1,30,,27755,13,,,1,70,,27767,13,,,1,30,,27756,13,,,1,70,,27771,13,,,1,30,,27757,13,,,1,69,,27772,13,,,1,30,,27758,13,,,1,70,,27773,13,,,1,30,,27759,13,,,1,71,,27774,13,,,1,31,,27760,13,,,1,70,,27775,13,,,1,30,,27761,13,,,1,100,,27762,13,,,1,100,,27763,13,,,1,100,,27776,13,,,1
10201,'H:111:6:Sunday:2:26SEP:1234567',655,,27778,13,,,1,70,,27793,13,,,1,30,,27777,13,,,1,70,,27792,13,,,1,30,,27780,13,,,1,69,,27794,13,,,1,30,,27781,13,,,1,70,,27796,13,,,1,30,,27779,13,,,1,69,,27797,13,,,1,30,,27782,13,,,1,70,,27798,13,,,1,30,,27783,13,,,1,70,,27795,13,,,1,30,,27784,13,,,1,70,,27799,13,,,1,30,,27785,13,,,1,69,,27800,13,,,1,30,,27786,13,,,1,70,,27801,13,,,1,30,,27787,13,,,1,71,,27802,13,,,1,31,,27788,13,,,1,70,,27803,13,,,1,30,,27789,13,,,1,100,,27790,13,,,1,100,,27791,13,,,1,100,,27804,13,,,1
10201,'H:121:0:Weekday:1:26SEP:12345',454,,27814,13,,,1,99,,27805,13,,,1,99,,27807,13,,,1,100,,27806,13,,,1,99,,27808,13,,,1,70,,27819,13,,,1,100,,27820,13,,,1,99,,27821,13,,,1,200,,27809,13,,,1,30,,27818,13,,,1,69,,27817,13,,,1,99,,27815,13,,,1,108,,27816,13,,,1,200,,27812,13,,,1,227,,27810,13,,,1,100,,27813,13,,,1,100,,27811,13,,,1
10201,'H:121:0:Weekday:2:26SEP:12345',454,,27831,13,,,1,99,,27822,13,,,1,99,,27824,13,,,1,100,,27823,13,,,1,99,,27825,13,,,1,70,,27836,13,,,1,100,,27837,13,,,1,99,,27838,13,,,1,200,,27826,13,,,1,30,,27835,13,,,1,69,,27834,13,,,1,99,,27832,13,,,1,108,,27833,13,,,1,200,,27829,13,,,1,227,,27827,13,,,1,100,,27830,13,,,1,100,,27828,13,,,1
10201,'H:171:5:Saturday:1:26SEP:6',554,,27839,13,,,1,70,,27840,13,,,1,30,,27841,13,,,1,70,,27842,13,,,1,30,,27844,13,,,1,69,,27845,13,,,1,29,,27846,13,,,1,70,,27843,13,,,1,30,,27849,13,,,1,69,,27850,13,,,1,30,,27851,13,,,1,70,,27847,13,,,1,30,,27848,13,,,1,70,,27852,13,,,1,30,,27853,13,,,1,70,,27854,13,,,1,30,,27855,13,,,1,70,,27856,13,,,1,30,,27857,13,,,1,70,,27858,13,,,1,30,,27859,13,,,1,70,,27860,13,,,1,30,,27861,13,,,1,70,,27862,13,,,1,30,,27863,13,,,1,71,,27864,13,,,1,30,,27865,13,,,1,100,,27866,13,,,1,100,,27867,13,,,1,100,,27868,13,,,1,101,,27869,13,,,1
10201,'H:171:5:Saturday:2:26SEP:6',554,,27870,13,,,1,70,,27871,13,,,1,30,,27872,13,,,1,70,,27873,13,,,1,30,,27875,13,,,1,69,,27876,13,,,1,29,,27877,13,,,1,70,,27874,13,,,1,30,,27880,13,,,1,69,,27881,13,,,1,30,,27882,13,,,1,70,,27878,13,,,1,30,,27879,13,,,1,70,,27883,13,,,1,30,,27884,13,,,1,70,,27885,13,,,1,30,,27886,13,,,1,70,,27887,13,,,1,30,,27888,13,,,1,70,,27889,13,,,1,30,,27890,13,,,1,70,,27891,13,,,1,30,,27892,13,,,1,70,,27893,13,,,1,30,,27894,13,,,1,71,,27895,13,,,1,30,,27896,13,,,1,100,,27897,13,,,1,100,,27898,13,,,1,100,,27899,13,,,1,101,,27900,13,,,1
10201,'KP:321:0:Weekday:1:26SEP:12345',524,,27902,13,,,1,98,,27909,13,,,1,100,,27910,13,,,1,99,,27911,13,,,1,130,,27915,13,,,1,100,,27903,13,,,1,99,,27904,13,,,1,70,,27916,13,,,1,30,,27905,13,,,1,198,,27908,13,,,1,100,,27913,13,,,1,102,,27914,13,,,1,70,,27912,13,,,1,37,,27907,13,,,1,94,,27901,13,,,1,100,,27906,13,,,1
10201,'KP:321:0:Weekday:2:26SEP:12345',524,,27918,13,,,1,98,,27925,13,,,1,100,,27926,13,,,1,99,,27927,13,,,1,130,,27931,13,,,1,100,,27919,13,,,1,99,,27920,13,,,1,70,,27932,13,,,1,30,,27921,13,,,1,198,,27924,13,,,1,100,,27929,13,,,1,102,,27930,13,,,1,70,,27928,13,,,1,37,,27923,13,,,1,94,,27917,13,,,1,100,,27922,13,,,1
11401,'H:111:6:Sunday:1:26SEP:1234567',754,,29097,15,,,1,100,,29098,15,,,1,100,,29099,15,,,1,99,,29100,15,,,1,99,,29101,15,,,1,100,,29102,15,,,1,99,,29103,15,,,1,100,,29104,15,,,1,101,,29105,15,,,1,100,,29106,15,,,1,101,,29107,15,,,1,101,,29108,15,,,1,100,,29109,15,,,1,101,,29110,15,,,1
11401,'H:111:6:Sunday:2:26SEP:1234567',754,,29111,15,,,1,100,,29112,15,,,1,100,,29113,15,,,1,99,,29114,15,,,1,99,,29115,15,,,1,100,,29116,15,,,1,99,,29117,15,,,1,100,,29118,15,,,1,101,,29119,15,,,1,100,,29120,15,,,1,101,,29121,15,,,1,101,,29122,15,,,1,100,,29123,15,,,1,101,,29124,15,,,1
11401,'H:121:0:Weekday:1:26SEP:12345',459,,29150,15,,,1,70,,29151,15,,,1,29,,29141,15,,,1,69,,29142,15,,,1,29,,29127,15,,,1,69,,29154,15,,,1,100,,29128,15,,,1,30,,29129,15,,,1,71,,29144,15,,,1,30,,29130,15,,,1,70,,29147,15,,,1,30,,29152,15,,,1,70,,29148,15,,,1,98,,29149,15,,,1,30,,29132,15,,,1,70,,29146,15,,,1,30,,29131,15,,,1,69,,29145,15,,,1,30,,29153,15,,,1,70,,29133,15,,,1,30,,29134,15,,,1,71,,29136,15,,,1,30,,29135,15,,,1,70,,29137,15,,,1,31,,29138,15,,,1,71,,29143,15,,,1,30,,29126,15,,,1,101,,29140,15,,,1,102,,29125,15,,,1,100,,29139,15,,,1
11401,'H:121:0:Weekday:2:26SEP:12345',459,,29180,15,,,1,70,,29181,15,,,1,29,,29171,15,,,1,69,,29172,15,,,1,29,,29157,15,,,1,69,,29184,15,,,1,100,,29158,15,,,1,30,,29159,15,,,1,71,,29174,15,,,1,30,,29160,15,,,1,70,,29177,15,,,1,30,,29182,15,,,1,70,,29178,15,,,1,98,,29179,15,,,1,30,,29162,15,,,1,70,,29176,15,,,1,30,,29161,15,,,1,69,,29175,15,,,1,30,,29183,15,,,1,70,,29163,15,,,1,30,,29164,15,,,1,71,,29166,15,,,1,30,,29165,15,,,1,70,,29167,15,,,1,31,,29168,15,,,1,71,,29173,15,,,1,30,,29156,15,,,1,101,,29170,15,,,1,102,,29155,15,,,1,100,,29169,15,,,1
11401,'H:171:5:Saturday:1:26SEP:6',655,,29185,15,,,1,99,,29187,15,,,1,100,,29188,15,,,1,100,,29186,15,,,1,98,,29189,15,,,1,100,,29191,15,,,1,99,,29192,15,,,1,100,,29190,15,,,1,99,,29195,15,,,1,100,,29193,15,,,1,102,,29196,15,,,1,101,,29194,15,,,1,100,,29197,15,,,1,101,,29198,15,,,1,101,,29199,15,,,1,100,,29200,15,,,1
11401,'H:171:5:Saturday:2:26SEP:6',655,,29201,15,,,1,99,,29203,15,,,1,100,,29204,15,,,1,100,,29202,15,,,1,98,,29205,15,,,1,100,,29207,15,,,1,99,,29208,15,,,1,100,,29206,15,,,1,99,,29211,15,,,1,100,,29209,15,,,1,102,,29212,15,,,1,101,,29210,15,,,1,100,,29213,15,,,1,101,,29214,15,,,1,101,,29215,15,,,1,100,,29216,15,,,1
11401,'KP:321:0:Weekday:1:26SEP:12345',754,,29218,15,,,1,401,,29217,15,,,1
11401,'KP:321:0:Weekday:2:26SEP:12345',754,,29220,15,,,1,401,,29219,15,,,1
