20900,'H:113:6:Sunday:3:26MAR:1234567',803,,24088,8,,,1,100,,24082,8,,,1,100,,24080,8,,,1,100,,24092,8,,,1,101,,24084,8,,,1,101,,24090,8,,,1,100,,24081,8,,,1,101,,24083,8,,,1,100,,24091,8,,,1,100,,24086,8,,,1,99,,24087,8,,,1,99,,24085,8,,,1,100,,24089,8,,,1
20900,'H:123:0:Weekday:3:26MAR:12345',606,,24105,8,,,1,101,,24106,8,,,1,100,,24108,8,,,1,100,,24107,8,,,1,100,,24104,8,,,1,100,,24100,8,,,1,101,,24098,8,,,1,97,,24102,8,,,1,100,,24096,8,,,1,100,,24101,8,,,1,100,,24103,8,,,1,100,,24095,8,,,1,100,,24097,8,,,1,99,,24099,8,,,1,100,,24093,8,,,1,100,,24094,8,,,1,99,,24109,8,,,1
20900,'H:123:0:Weekday:4:26MAR:12345',606,,24122,8,,,1,101,,24123,8,,,1,100,,24125,8,,,1,100,,24124,8,,,1,100,,24121,8,,,1,100,,24117,8,,,1,101,,24115,8,,,1,97,,24119,8,,,1,100,,24113,8,,,1,100,,24118,8,,,1,100,,24120,8,,,1,100,,24112,8,,,1,100,,24114,8,,,1,99,,24116,8,,,1,100,,24110,8,,,1,100,,24111,8,,,1,99,,24126,8,,,1
20900,'H:173:5:Saturday:3:26MAR:6',703,,24136,8,,,1,100,,24129,8,,,1,100,,24127,8,,,1,101,,24139,8,,,1,100,,24132,8,,,1,101,,24138,8,,,1,100,,24130,8,,,1,100,,24128,8,,,1,101,,24141,8,,,1,101,,24133,8,,,1,100,,24137,8,,,1,100,,24131,8,,,1,98,,24134,8,,,1,99,,24140,8,,,1,100,,24135,8,,,1
22200,'H:113:6:Sunday:3:26MAR:1234567',752,,24352,34,,,1,91,,24351,34,,,1,90,,24343,34,,,1,91,,24338,34,,,1,91,,24341,34,,,1,92,,24347,34,,,1,52,,24339,34,,,1,90,,24344,34,,,1,90,,24346,34,,,1,89,,24340,34,,,1,88,,24342,34,,,1,90,,24348,34,,,1,50,,24349,34,,,1,89,,24345,34,,,1,89,,24350,34,,,1
22200,'H:123:0:Weekday:3:26MAR:12345',645,,24355,34,,,1,83,,24353,34,,,1,93,,24356,34,,,1,95,,24354,34,,,1,91,,24357,34,,,1,50,,24359,34,,,1,91,,24360,34,,,1,90,,24361,34,,,1,91,,24358,34,,,1,90,,24363,34,,,1,90,,24364,34,,,1,93,,24365,34,,,1,50,,24362,34,,,1,85,,24366,34,,,1,89,,24368,34,,,1,88,,24369,34,,,1,90,,24367,34,,,1
22200,'H:123:0:Weekday:4:26MAR:12345',645,,24372,34,,,1,83,,24370,34,,,1,93,,24373,34,,,1,95,,24371,34,,,1,91,,24374,34,,,1,50,,24376,34,,,1,91,,24377,34,,,1,90,,24378,34,,,1,91,,24375,34,,,1,90,,24380,34,,,1,90,,24381,34,,,1,93,,24382,34,,,1,50,,24379,34,,,1,85,,24383,34,,,1,89,,24385,34,,,1,88,,24386,34,,,1,90,,24384,34,,,1
22200,'H:173:5:Saturday:3:26MAR:6',611,,24401,34,,,1,90,,24387,34,,,1,52,,24388,34,,,1,91,,24398,34,,,1,90,,24402,34,,,1,92,,24403,34,,,1,91,,24394,34,,,1,91,,24389,34,,,1,51,,24390,34,,,1,91,,24397,34,,,1,90,,24396,34,,,1,89,,24399,34,,,1,89,,24393,34,,,1,90,,24395,34,,,1,49,,24400,34,,,1,88,,24391,34,,,1,90,,24392,34,,,1,83,,24404,34,,,1
22201,'H:113:6:Sunday:3:26MAR:1234567',719,,24405,22,,,1,90,,24408,22,,,1,50,,24406,22,,,1,90,,24409,22,,,1,90,,24407,22,,,1,90,,24410,22,,,1,91,,24411,22,,,1,90,,24414,22,,,1,90,,24415,22,,,1,50,,24412,22,,,1,90,,24416,22,,,1,90,,24417,22,,,1,90,,24418,22,,,1,90,,24413,22,,,1,90,,24419,22,,,1
22201,'H:123:0:Weekday:3:26MAR:12345',612,,24421,22,,,1,46,,24422,22,,,1,95,,24423,22,,,1,90,,24424,22,,,1,90,,24425,22,,,1,90,,24426,22,,,1,91,,24427,22,,,1,90,,24428,22,,,1,50,,24429,22,,,1,90,,24430,22,,,1,90,,24432,22,,,1,91,,24433,22,,,1,90,,24434,22,,,1,90,,24431,22,,,1,48,,24420,22,,,1,90,,24435,22,,,1,90,,24436,22,,,1,89,,24437,22,,,1,90,,24438,22,,,1
22201,'H:123:0:Weekday:4:26MAR:12345',612,,24440,22,,,1,46,,24441,22,,,1,95,,24442,22,,,1,90,,24443,22,,,1,90,,24444,22,,,1,90,,24445,22,,,1,91,,24446,22,,,1,90,,24447,22,,,1,50,,24448,22,,,1,90,,24449,22,,,1,90,,24451,22,,,1,91,,24452,22,,,1,90,,24453,22,,,1,90,,24450,22,,,1,48,,24439,22,,,1,90,,24454,22,,,1,90,,24455,22,,,1,89,,24456,22,,,1,90,,24457,22,,,1
22201,'H:173:5:Saturday:3:26MAR:6',719,,24461,22,,,1,90,,24462,22,,,1,50,,24463,22,,,1,90,,24464,22,,,1,90,,24465,22,,,1,90,,24466,22,,,1,91,,24467,22,,,1,90,,24469,22,,,1,90,,24471,22,,,1,50,,24468,22,,,1,90,,24472,22,,,1,90,,24470,22,,,1,90,,24473,22,,,1,90,,24474,22,,,1,90,,24475,22,,,1,50,,24458,22,,,1,90,,24459,22,,,1,90,,24460,22,,,1
