10900,'H:111:6:Sunday:1:26SEP:1234567',806,,28416,13,,,1,101,,28420,13,,,1,100,,28411,13,,,1,100,,28412,13,,,1,100,,28423,13,,,1,100,,28414,13,,,1,100,,28419,13,,,1,100,,28413,13,,,1,100,,28415,13,,,1,100,,28422,13,,,1,100,,28418,13,,,1,100,,28421,13,,,1,100,,28417,13,,,1,99,,28424,13,,,1
10900,'H:121:0:Weekday:1:26SEP:12345',503,,28452,13,,,1,101,,28446,13,,,1,102,,28442,13,,,1,100,,28448,13,,,1,105,,28455,13,,,1,100,,28440,13,,,1,100,,28454,13,,,1,100,,28453,13,,,1,100,,28445,13,,,1,100,,28451,13,,,1,101,,28443,13,,,1,101,,28447,13,,,1,99,,28450,13,,,1,99,,28444,13,,,1,100,,28441,13,,,1,99,,28439,13,,,1,100,,28449,13,,,1
10900,'H:171:5:Saturday:1:26SEP:6',707,,28477,13,,,1,100,,28480,13,,,1,101,,28476,13,,,1,100,,28473,13,,,1,100,,28485,13,,,1,101,,28478,13,,,1,100,,28483,13,,,1,100,,28474,13,,,1,99,,28475,13,,,1,100,,28487,13,,,1,100,,28479,13,,,1,100,,28484,13,,,1,100,,28481,13,,,1,99,,28482,13,,,1,100,,28486,13,,,1
27001,'H:121:0:Weekday:1:26SEP:12345',536,,32157,8,,,1,20,,32156,8,0,5,1,100,,32155,8,0,5,1
27101,'H:111:6:Sunday:1:26SEP:1234567',717,,32268,8,,,1,110,,32258,8,,,1,100,,32255,8,,,1,100,,32256,8,,,1,100,,32257,8,,,1,100,,32259,8,,,1,100,,32266,8,,,1,100,,32260,8,,,1,100,,32261,8,,,1,100,,32263,8,,,1,100,,32262,8,,,1,100,,32264,8,,,1,100,,32267,8,,,1,100,,32265,8,,,1
27101,'H:121:0:Weekday:1:26SEP:12345',627,,32283,8,,,1,100,,32284,8,,,1,100,,32293,8,,,1,200,,32285,8,,,1,200,,32286,8,,,1,201,,32287,8,,,1,200,,32288,8,,,1,199,,32289,8,,,1,100,,32290,8,,,1,100,,32291,8,,,1,100,,32292,8,,,1
27101,'H:171:5:Saturday:1:26SEP:6',717,,32305,8,,,1,110,,32311,8,,,1,100,,32308,8,,,1,100,,32312,8,,,1,100,,32309,8,,,1,100,,32314,8,,,1,100,,32310,8,,,1,100,,32315,8,,,1,100,,32307,8,,,1,100,,32313,8,,,1,100,,32306,8,,,1,100,,32316,8,,,1,100,,32317,8,,,1,100,,32318,8,,,1,100,,32319,8,,,1
27101,'KP:321:0:Weekday:1:26SEP:12345',927,,32335,8,,,1,200,,32336,8,,,1,200,,32339,8,,,1,201,,32337,8,,,1,131,,32338,8,0,5,1,69,,32340,8,,,1
90800,'H:121:0:Weekday:1:26SEP:12345',430,,35418,2,,,1,125,,35417,2,,,1
90800,'KP:321:0:Weekday:1:26SEP:12345',500,,35423,2,,,1,130,,35422,2,,,1,110,,35421,2,,,1
