27101,'H:113:6:Sunday:3:26MAR:1234567',736,,24704,26,,,1,110,,24694,26,,,1,100,,24691,26,,,1,102,,24692,26,,,1,100,,24693,26,,,1,100,,24695,26,,,1,100,,24702,26,,,1,100,,24696,26,,,1,100,,24697,26,,,1,100,,24699,26,,,1,100,,24698,26,,,1,99,,24700,26,,,1,100,,24703,26,,,1,100,,24701,26,,,1
27101,'H:123:0:Weekday:3:26MAR:12345',648,,24705,26,,,1,400,,24706,26,,,1,101,,24717,26,,,1,102,,24707,26,,,1,100,,24709,26,,,1,101,,24708,26,,,1,102,,24710,26,,,1,99,,24715,26,,,1,98,,24711,26,,,1,99,,24712,26,,,1,98,,24713,26,,,1,98,,24716,26,,,1,100,,24714,26,,,1
27101,'H:123:0:Weekday:4:26MAR:12345',648,,24718,26,,,1,400,,24719,27,,,1,101,,24730,27,,,1,102,,24720,27,,,1,100,,24722,27,,,1,102,,24721,27,,,1,102,,24723,27,,,1,99,,24728,27,,,1,97,,24724,27,,,1,99,,24725,27,,,1,98,,24726,27,,,1,98,,24729,27,,,1,100,,24727,27,,,1
27101,'H:173:5:Saturday:3:26MAR:6',736,,24731,26,,,1,111,,24737,26,,,1,102,,24734,26,,,1,101,,24738,26,,,1,101,,24735,26,,,1,100,,24740,26,,,1,100,,24736,26,,,1,100,,24741,26,,,1,99,,24733,26,,,1,100,,24739,26,,,1,100,,24732,26,,,1,98,,24742,26,,,1,100,,24743,26,,,1,99,,24744,26,,,1,100,,24745,26,,,1
27101,'KP:323:0:Weekday:3:26MAR:12345',749,,24746,26,,,1,100,,24748,26,,,1,99,,24747,26,,,1
27101,'KP:323:0:Weekday:4:26MAR:12345',749,,24749,26,,,1,100,,24751,27,,,1,99,,24750,27,,,1
90800,'H:123:0:Weekday:3:26MAR:12345',451,,27052,20,,,1
90800,'H:123:0:Weekday:4:26MAR:12345',451,,27053,20,,,1
90800,'KP:323:0:Weekday:3:26MAR:12345',521,,27055,20,,,1,95,,27054,20,,,1,38,,27057,20,,,1,150,,27056,20,,,1
90800,'KP:323:0:Weekday:4:26MAR:12345',521,,27059,20,,,1,95,,27058,20,,,1,38,,27061,20,,,1,150,,27060,20,,,1
