10101,'H:111:6:Sunday:1:26SEP:1234567',653,,27409,6,,,1,100,,27410,6,,,1,101,,27412,6,,,1,100,,27414,6,,,1,100,,27411,6,,,1,100,,27415,6,,,1,101,,27413,6,,,1,70,,27424,6,,,1,30,,27416,6,,,1,70,,27425,6,,,1,29,,27418,6,,,1,70,,27426,6,,,1,30,,27419,6,,,1,70,,27427,6,,,1,30,,27420,6,,,1,70,,27428,6,,,1,30,,27421,6,,,1,100,,27422,6,,,1,100,,27423,6,,,1,99,,27417,6,,,1
10101,'H:111:6:Sunday:2:26SEP:1234567',653,,27429,6,,,1,100,,27430,6,,,1,101,,27432,6,,,1,100,,27434,6,,,1,100,,27431,6,,,1,100,,27435,6,,,1,101,,27433,6,,,1,70,,27444,6,,,1,30,,27436,6,,,1,70,,27445,6,,,1,29,,27438,6,,,1,70,,27446,6,,,1,30,,27439,6,,,1,70,,27447,6,,,1,30,,27440,6,,,1,70,,27448,6,,,1,30,,27441,6,,,1,100,,27442,6,,,1,100,,27443,6,,,1,99,,27437,6,,,1
10101,'H:121:0:Weekday:1:26SEP:12345',508,,27449,6,,,1,30,,27483,6,,,1,71,,27450,6,,,1,30,,27451,6,,,1,70,,27452,6,,,1,30,,27453,6,,,1,70,,27454,6,,,1,30,,27484,6,,,1,100,,27475,6,,,1,70,,27455,6,,,1,30,,27476,6,,,1,70,,27456,6,,,1,30,,27477,6,,,1,70,,27457,6,,,1,30,,27482,6,,,1,70,,27458,6,,,1,31,,27478,6,,,1,70,,27459,6,,,1,30,,27460,6,,,1,70,,27461,6,,,1,30,,27462,6,,,1,70,,27463,6,,,1,30,,27464,6,,,1,70,,27468,6,,,1,29,,27470,6,,,1,70,,27466,6,,,1,30,,27465,6,,,1,70,,27467,6,,,1,30,,27469,6,,,1,70,,27471,6,,,1,30,,27479,6,,,1,70,,27472,6,,,1,30,,27480,6,,,1,70,,27473,6,,,1,29,,27481,6,,,1,70,,27474,6,,,1
10101,'H:121:0:Weekday:2:26SEP:12345',508,,27485,6,,,1,30,,27519,6,,,1,71,,27486,6,,,1,30,,27487,6,,,1,70,,27488,6,,,1,30,,27489,6,,,1,70,,27490,6,,,1,30,,27520,6,,,1,100,,27511,6,,,1,70,,27491,6,,,1,30,,27512,6,,,1,70,,27492,6,,,1,30,,27513,6,,,1,70,,27493,6,,,1,30,,27518,6,,,1,70,,27494,6,,,1,31,,27514,6,,,1,70,,27495,6,,,1,30,,27496,6,,,1,70,,27497,6,,,1,30,,27498,6,,,1,70,,27499,6,,,1,30,,27500,6,,,1,70,,27504,6,,,1,29,,27506,6,,,1,70,,27502,6,,,1,30,,27501,6,,,1,70,,27503,6,,,1,30,,27505,6,,,1,70,,27507,6,,,1,30,,27515,6,,,1,70,,27508,6,,,1,30,,27516,6,,,1,70,,27509,6,,,1,29,,27517,6,,,1,70,,27510,6,,,1
10101,'H:171:5:Saturday:1:26SEP:6',653,,27523,6,,,1,101,,27532,6,,,1,100,,27524,6,,,1,100,,27525,6,,,1,100,,27526,6,,,1,70,,27537,6,,,1,30,,27534,6,,,1,70,,27538,6,,,1,30,,27528,6,,,1,70,,27539,6,,,1,30,,27529,6,,,1,70,,27540,6,,,1,30,,27535,6,,,1,70,,27541,6,,,1,30,,27527,6,,,1,70,,27542,6,,,1,30,,27536,6,,,1,70,,27543,6,,,1,30,,27521,6,,,1,100,,27530,6,,,1,100,,27533,6,,,1,100,,27531,6,,,1,100,,27522,6,,,1
10101,'H:171:5:Saturday:2:26SEP:6',653,,27546,6,,,1,101,,27555,6,,,1,100,,27547,6,,,1,100,,27548,6,,,1,100,,27549,6,,,1,70,,27560,6,,,1,30,,27557,6,,,1,70,,27561,6,,,1,30,,27551,6,,,1,70,,27562,6,,,1,30,,27552,6,,,1,70,,27563,6,,,1,30,,27558,6,,,1,70,,27564,6,,,1,30,,27550,6,,,1,70,,27565,6,,,1,30,,27559,6,,,1,70,,27566,6,,,1,30,,27544,6,,,1,100,,27553,6,,,1,100,,27556,6,,,1,100,,27554,6,,,1,100,,27545,6,,,1
10101,'KP:321:0:Weekday:1:26SEP:12345',909,,27567,6,,,1
10101,'KP:321:0:Weekday:2:26SEP:12345',909,,27568,6,,,1
90901,'H:111:6:Sunday:1:26SEP:1234567',716,,35567,17,,,1,40,,35568,17,,,1,91,,35569,17,,,1,85,,35571,17,,,1,97,,35573,17,,,1,90,,35574,17,,,1,85,,35570,17,,,1,46,,35575,17,,,1,91,,35572,17,,,1,85,,35576,17,,,1,100,,35577,17,,,1,79,,35578,17,,,1,50,,35579,17,,,1,79,,35580,17,,,1,90,,35581,17,,,1,85,,35582,17,,,1,45,,35583,17,,,1,83,,35584,17,,,1,75,,35585,17,,,1,89,,35586,17,,,1
90901,'H:111:6:Sunday:2:26SEP:1234567',716,,35587,17,,,1,40,,35588,17,,,1,91,,35589,17,,,1,85,,35591,17,,,1,97,,35593,17,,,1,90,,35594,17,,,1,85,,35590,17,,,1,46,,35595,17,,,1,91,,35592,17,,,1,85,,35596,17,,,1,100,,35597,17,,,1,79,,35598,17,,,1,50,,35599,17,,,1,79,,35600,17,,,1,90,,35601,17,,,1,85,,35602,17,,,1,45,,35603,17,,,1,83,,35604,17,,,1,75,,35605,17,,,1,89,,35606,17,,,1
90901,'H:121:0:Weekday:1:26SEP:12345',536,,35607,17,,,1,86,,35608,17,,,1,95,,35609,17,,,1,42,,35610,17,,,1,175,,35611,17,,,1,95,,35612,17,,,1,91,,35613,17,,,1,85,,35614,17,,,1,45,,35615,17,,,1,90,,35616,17,,,1,86,,35617,17,,,1,100,,35618,17,,,1,80,,35619,17,,,1,50,,35620,17,,,1,80,,35621,17,,,1,89,,35622,17,,,1,84,,35623,17,,,1,45,,35624,17,,,1,84,,35625,17,,,1,75,,35626,17,,,1,119,,35627,17,,,1
90901,'H:121:0:Weekday:2:26SEP:12345',536,,35628,17,,,1,86,,35629,17,,,1,95,,35630,17,,,1,42,,35631,17,,,1,175,,35632,17,,,1,95,,35633,17,,,1,91,,35634,17,,,1,85,,35635,17,,,1,45,,35636,17,,,1,90,,35637,17,,,1,86,,35638,17,,,1,100,,35639,17,,,1,80,,35640,17,,,1,50,,35641,17,,,1,80,,35642,17,,,1,89,,35643,17,,,1,84,,35644,17,,,1,45,,35645,17,,,1,84,,35646,17,,,1,75,,35647,17,,,1,119,,35648,17,,,1
90901,'H:171:5:Saturday:1:26SEP:6',536,,35649,17,,,1,85,,35650,17,,,1,95,,35651,17,,,1,41,,35652,17,,,1,91,,35653,17,,,1,86,,35655,17,,,1,96,,35656,17,,,1,90,,35657,17,,,1,86,,35654,17,,,1,45,,35658,17,,,1,90,,35659,17,,,1,85,,35660,17,,,1,100,,35661,17,,,1,79,,35662,17,,,1,50,,35663,17,,,1,80,,35664,17,,,1,89,,35665,17,,,1,85,,35666,17,,,1,44,,35667,17,,,1,85,,35668,17,,,1,74,,35669,17,,,1,90,,35670,17,,,1,30,,35671,17,,,1
90901,'H:171:5:Saturday:2:26SEP:6',536,,35672,17,,,1,85,,35673,17,,,1,95,,35674,17,,,1,41,,35675,17,,,1,91,,35676,17,,,1,86,,35678,17,,,1,96,,35679,17,,,1,90,,35680,17,,,1,86,,35677,17,,,1,45,,35681,17,,,1,90,,35682,17,,,1,85,,35683,17,,,1,100,,35684,17,,,1,79,,35685,17,,,1,50,,35686,17,,,1,80,,35687,17,,,1,89,,35688,17,,,1,85,,35689,17,,,1,44,,35690,17,,,1,85,,35691,17,,,1,74,,35692,17,,,1,90,,35693,17,,,1,30,,35694,17,,,1
90901,'KP:321:0:Weekday:1:26SEP:12345',849,,35695,17,,,1
90901,'KP:321:0:Weekday:2:26SEP:12345',849,,35696,17,,,1
