10901,'H:111:6:Sunday:1:26SEP:1234567',754,,28503,8,,,1,100,,28515,8,,,1,100,,28507,8,,,1,100,,28512,8,,,1,100,,28504,8,,,1,100,,28505,8,,,1,100,,28513,8,,,1,100,,28508,8,,,1,100,,28511,8,,,1,100,,28506,8,,,1,100,,28509,8,,,1,100,,28514,8,,,1,100,,28510,8,,,1,100,,28516,8,,,1
10901,'H:121:0:Weekday:1:26SEP:12345',454,,28532,8,,,1,100,,28542,8,,,1,100,,28543,8,,,1,100,,28546,8,,,1,100,,28548,8,,,1,100,,28538,8,,,1,100,,28541,8,,,1,90,,28537,8,,,1,100,,28536,8,,,1,95,,28547,8,,,1,100,,28540,8,,,1,100,,28535,8,,,1,100,,28545,8,,,1,105,,28539,8,,,1,100,,28544,8,,,1,110,,28533,8,,,1,150,,28534,8,,,1,100,,28531,8,,,1
10901,'H:171:5:Saturday:1:26SEP:6',654,,28567,8,,,1,100,,28580,8,,,1,100,,28573,8,,,1,100,,28578,8,,,1,100,,28569,8,,,1,100,,28568,8,,,1,100,,28581,8,,,1,100,,28572,8,,,1,100,,28576,8,,,1,100,,28570,8,,,1,100,,28571,8,,,1,100,,28579,8,,,1,100,,28574,8,,,1,100,,28577,8,,,1,100,,28575,8,,,1
20101,'H:111:6:Sunday:1:26SEP:1234567',715,,30923,9,,,1,100,,30909,9,,,1,100,,30911,9,,,1,89,,30912,9,,,1,40,,30914,9,,,1,80,,30915,9,,,1,80,,30913,9,,,1,40,,30910,9,,,1,80,,30917,9,,,1,80,,30918,9,,,1,40,,30919,9,,,1,80,,30920,9,,,1,80,,30916,9,,,1,40,,30924,9,,,1,80,,30925,9,,,1,80,,30926,9,,,1,40,,30927,9,,,1,80,,30928,9,,,1,90,,30921,9,,,1,100,,30922,9,,,1
20101,'H:121:0:Weekday:1:26SEP:12345',539,,30952,9,,,1,219,,30966,9,,,1,70,,30962,9,,,1,430,,30963,9,,,1,98,,30960,9,,,1,68,,30965,9,,,1,130,,30961,9,,,1,100,,30955,9,,,1,71,,30956,9,,,1,31,,30964,9,,,1,70,,30954,9,,,1,32,,30953,9,,,1,70,,30949,9,,,1,30,,30951,9,,,1,71,,30950,9,,,1,30,,30958,9,,,1,70,,30959,9,,,1,30,,30957,9,,,1
20101,'H:171:5:Saturday:1:26SEP:6',715,,30991,9,,,1,99,,30985,9,,,1,100,,30986,9,,,1,90,,30997,9,,,1,40,,30990,9,,,1,80,,30987,9,,,1,79,,30988,9,,,1,40,,30999,9,,,1,80,,30993,9,,,1,80,,30989,9,,,1,40,,30992,9,,,1,80,,30998,9,,,1,80,,30995,9,,,1,40,,31001,9,,,1,80,,31002,9,,,1,80,,31003,9,,,1,40,,31004,9,,,1,80,,31005,9,,,1,90,,30996,9,,,1,101,,30994,9,,,1,100,,31000,9,,,1
20101,'KP:321:0:Weekday:1:26SEP:12345',619,,31027,9,,,1,39,,31028,9,,,1,70,,31035,9,,,1,131,,31036,9,,,1,70,,31037,9,,,1,30,,31038,9,,,1,70,,31039,9,,,1,30,,31033,9,,,1,70,,31041,9,,,1,30,,31040,9,,,1,70,,31029,9,,,1,99,,31032,9,,,1,126,,31031,9,,,1,70,,31034,9,,,1,100,,31030,9,,,1
20201,'H:111:6:Sunday:1:26SEP:1234567',625,,31238,9,,,1,120,,31219,9,,,1,100,,31220,9,,,1,99,,31222,9,,,1,80,,31223,9,,,1,80,,31221,9,,,1,40,,31225,9,,,1,80,,31224,9,,,1,80,,31226,9,,,1,40,,31227,9,,,1,80,,31228,9,,,1,80,,31230,9,,,1,40,,31229,9,,,1,80,,31231,9,,,1,80,,31233,9,,,1,40,,31234,9,,,1,80,,31235,9,,,1,80,,31236,9,,,1,40,,31237,9,,,1,100,,31232,9,,,1,101,,31239,9,,,1
20201,'H:121:0:Weekday:1:26SEP:12345',440,,31278,9,,,1,199,,31269,9,,,1,74,,31275,9,,,1,30,,31280,9,,,1,201,,31276,9,,,1,70,,31277,9,,,1,30,,31274,9,,,1,70,,31279,9,,,1,228,,31273,9,,,1,97,,31266,9,,,1,170,,31265,9,,,1,100,,31267,9,,,1,102,,31268,9,,,1,102,,31264,9,,,1,30,,31262,9,,,1,70,,31261,9,,,1,31,,31270,9,,,1,70,,31271,9,,,1,30,,31272,9,,,1,91,,31263,9,,,1
20201,'H:171:5:Saturday:1:26SEP:6',555,,31322,9,,,1,70,,31315,9,,,1,120,,31306,9,,,1,99,,31308,9,,,1,100,,31314,9,,,1,80,,31303,9,,,1,80,,31302,9,,,1,39,,31311,9,,,1,80,,31312,9,,,1,80,,31304,9,,,1,40,,31301,9,,,1,80,,31305,9,,,1,80,,31307,9,,,1,40,,31309,9,,,1,80,,31310,9,,,1,80,,31317,9,,,1,40,,31318,9,,,1,80,,31319,9,,,1,80,,31320,9,,,1,40,,31321,9,,,1,100,,31313,9,,,1,101,,31316,9,,,1,100,,31323,9,,,1
20201,'KP:321:0:Weekday:1:26SEP:12345',520,,31347,9,,,1,39,,31355,9,,,1,254,,31356,9,,,1,30,,31357,9,,,1,71,,31360,9,,,1,230,,31358,9,,,1,70,,31359,9,,,1,30,,31361,9,,,1,69,,31348,9,,,1,97,,31353,9,,,1,99,,31354,9,,,1,30,,31349,9,,,1,100,,31350,9,,,1,102,,31351,9,,,1,102,,31352,9,,,1
