10300,'H:111:6:Sunday:1:26SEP:1234567',647,,27933,34,,,1,98,,27934,34,,,1,99,,27935,34,,,1,99,,27936,34,,,1,99,,27937,34,,,1,99,,27938,34,,,1,99,,27939,34,,,1,100,,27941,34,,,1,100,,27942,34,,,1,100,,27943,34,,,1,101,,27940,34,,,1,100,,27944,34,,,1,101,,27946,34,,,1,102,,27947,34,,,1,101,,27948,34,,,1,101,,27945,34,,,1,102,,27949,34,,,1
10300,'H:111:6:Sunday:2:26SEP:1234567',647,,27950,34,,,1,98,,27951,34,,,1,99,,27952,34,,,1,99,,27953,34,,,1,99,,27954,34,,,1,99,,27955,34,,,1,99,,27956,34,,,1,100,,27958,34,,,1,100,,27959,34,,,1,100,,27960,34,,,1,101,,27957,34,,,1,100,,27961,34,,,1,101,,27963,34,,,1,102,,27964,34,,,1,101,,27965,34,,,1,101,,27962,34,,,1,102,,27966,34,,,1
10300,'H:121:0:Weekday:1:26SEP:12345',451,,27975,34,,,1,68,,27976,34,,,1,29,,27977,34,,,1,68,,27996,34,,,1,29,,27978,34,,,1,69,,27997,34,,,1,29,,27979,34,,,1,70,,27998,34,,,1,30,,27980,34,,,1,70,,27981,34,,,1,30,,27982,34,,,1,69,,27983,34,,,1,30,,27985,34,,,1,70,,27986,34,,,1,30,,27987,34,,,1,69,,27984,34,,,1,30,,27988,34,,,1,68,,27989,34,,,1,30,,27990,34,,,1,70,,27991,34,,,1,30,,27992,34,,,1,70,,28001,34,,,1,29,,27993,34,,,1,70,,27994,34,,,1,30,,27995,34,,,1,72,,27972,34,,,1,30,,27971,34,,,1,71,,27973,34,,,1,32,,27974,34,,,1,70,,27999,34,,,1,33,,27967,34,,,1,70,,28000,34,,,1,30,,27969,34,,,1,101,,27970,34,,,1,102,,27968,34,,,1
10300,'H:121:0:Weekday:2:26SEP:12345',451,,28010,34,,,1,68,,28011,34,,,1,29,,28012,34,,,1,68,,28031,34,,,1,29,,28013,34,,,1,69,,28032,34,,,1,29,,28014,34,,,1,70,,28033,34,,,1,30,,28015,34,,,1,70,,28016,34,,,1,30,,28017,34,,,1,69,,28018,34,,,1,30,,28020,34,,,1,70,,28021,34,,,1,30,,28022,34,,,1,69,,28019,34,,,1,30,,28023,34,,,1,68,,28024,34,,,1,30,,28025,34,,,1,70,,28026,34,,,1,30,,28027,34,,,1,70,,28036,34,,,1,29,,28028,34,,,1,70,,28029,34,,,1,30,,28030,34,,,1,72,,28007,34,,,1,30,,28006,34,,,1,71,,28008,34,,,1,32,,28009,34,,,1,70,,28034,34,,,1,33,,28002,34,,,1,70,,28035,34,,,1,30,,28004,34,,,1,101,,28005,34,,,1,102,,28003,34,,,1
10300,'H:171:5:Saturday:1:26SEP:6',644,,28037,34,,,1,100,,28038,34,,,1,98,,28039,34,,,1,100,,28040,34,,,1,99,,28041,34,,,1,98,,28042,34,,,1,100,,28043,34,,,1,100,,28044,34,,,1,100,,28045,34,,,1,100,,28046,34,,,1,100,,28047,34,,,1,100,,28048,34,,,1,102,,28049,34,,,1,101,,28050,34,,,1,101,,28051,34,,,1,101,,28052,34,,,1,102,,28053,34,,,1,100,,28054,34,,,1
10300,'H:171:5:Saturday:2:26SEP:6',644,,28055,34,,,1,100,,28056,34,,,1,98,,28057,34,,,1,100,,28058,34,,,1,99,,28059,34,,,1,98,,28060,34,,,1,100,,28061,34,,,1,100,,28062,34,,,1,100,,28063,34,,,1,100,,28064,34,,,1,100,,28065,34,,,1,100,,28066,34,,,1,102,,28067,34,,,1,101,,28068,34,,,1,101,,28069,34,,,1,101,,28070,34,,,1,102,,28071,34,,,1,100,,28072,34,,,1
11901,'H:111:6:Sunday:1:26SEP:1234567',827,,29646,36,,,1,102,,29643,36,,,1,100,,29644,36,,,1,101,,29647,36,,,1,101,,29645,36,,,1,100,,29648,36,,,1,100,,29649,36,,,1,100,,29650,36,,,1,100,,29651,36,,,1,99,,29652,36,,,1,99,,29653,36,,,1,100,,29654,36,,,1,99,,29655,36,,,1
11901,'H:111:6:Sunday:2:26SEP:1234567',827,,29659,36,,,1,102,,29656,36,,,1,100,,29657,36,,,1,101,,29660,36,,,1,101,,29658,36,,,1,100,,29661,36,,,1,100,,29662,36,,,1,100,,29663,36,,,1,100,,29664,36,,,1,99,,29665,36,,,1,99,,29666,36,,,1,100,,29667,36,,,1,99,,29668,36,,,1
11901,'H:121:0:Weekday:1:26SEP:12345',609,,29697,36,,,1,31,,29685,36,,,1,74,,29669,36,,,1,34,,29686,36,,,1,70,,29672,36,,,1,30,,29687,36,,,1,69,,29670,36,,,1,30,,29691,36,,,1,70,,29671,36,,,1,30,,29692,36,,,1,70,,29674,36,,,1,30,,29693,36,,,1,70,,29673,36,,,1,31,,29694,36,,,1,70,,29675,36,,,1,31,,29695,36,,,1,78,,29678,36,,,1,24,,29696,36,,,1,70,,29679,36,,,1,30,,29688,36,,,1,70,,29677,36,,,1,30,,29689,36,,,1,70,,29681,36,,,1,30,,29690,36,,,1,70,,29680,36,,,1,96,,29676,36,,,1,98,,29684,36,,,1,99,,29682,36,,,1,99,,29683,36,,,1
11901,'H:121:0:Weekday:2:26SEP:12345',609,,29726,36,,,1,31,,29714,36,,,1,74,,29698,36,,,1,34,,29715,36,,,1,70,,29701,36,,,1,30,,29716,36,,,1,69,,29699,36,,,1,30,,29720,36,,,1,70,,29700,36,,,1,30,,29721,36,,,1,70,,29703,36,,,1,30,,29722,36,,,1,70,,29702,36,,,1,31,,29723,36,,,1,70,,29704,36,,,1,31,,29724,36,,,1,78,,29707,36,,,1,24,,29725,36,,,1,70,,29708,36,,,1,30,,29717,36,,,1,70,,29706,36,,,1,30,,29718,36,,,1,70,,29710,36,,,1,30,,29719,36,,,1,70,,29709,36,,,1,96,,29705,36,,,1,98,,29713,36,,,1,99,,29711,36,,,1,99,,29712,36,,,1
11901,'H:171:5:Saturday:1:26SEP:6',627,,29730,36,,,1,100,,29731,36,,,1,100,,29727,36,,,1,103,,29729,36,,,1,101,,29732,36,,,1,100,,29734,36,,,1,100,,29728,36,,,1,101,,29737,36,,,1,100,,29733,36,,,1,100,,29738,36,,,1,100,,29735,36,,,1,101,,29741,36,,,1,100,,29742,36,,,1,97,,29736,36,,,1,100,,29739,36,,,1,98,,29740,36,,,1
11901,'H:171:5:Saturday:2:26SEP:6',627,,29746,36,,,1,100,,29747,36,,,1,100,,29743,36,,,1,103,,29745,36,,,1,101,,29748,36,,,1,100,,29750,36,,,1,100,,29744,36,,,1,101,,29753,36,,,1,100,,29749,36,,,1,100,,29754,36,,,1,100,,29751,36,,,1,101,,29757,36,,,1,100,,29758,36,,,1,97,,29752,36,,,1,100,,29755,36,,,1,98,,29756,36,,,1
