10601,'H:111:6:Sunday:1:26SEP:1234567',657,,28325,6,,,1,100,,28311,6,,,1,99,,28312,6,,,1,100,,28313,6,,,1,100,,28314,6,,,1,100,,28315,6,,,1,99,,28316,6,,,1,100,,28317,6,,,1,100,,28319,6,,,1,100,,28320,6,,,1,100,,28321,6,,,1,101,,28318,6,,,1,100,,28322,6,,,1,100,,28323,6,,,1,100,,28324,6,,,1
10601,'H:111:6:Sunday:2:26SEP:1234567',657,,28340,6,,,1,100,,28326,6,,,1,99,,28327,6,,,1,100,,28328,6,,,1,100,,28329,6,,,1,100,,28330,6,,,1,99,,28331,6,,,1,100,,28332,6,,,1,100,,28334,6,,,1,100,,28335,6,,,1,100,,28336,6,,,1,101,,28333,6,,,1,100,,28337,6,,,1,100,,28338,6,,,1,100,,28339,6,,,1
10601,'H:121:0:Weekday:1:26SEP:12345',513,,28341,6,,,1,100,,28342,6,,,1,100,,28343,6,,,1,101,,28344,6,,,1,100,,28345,6,,,1,99,,28346,6,,,1,100,,28348,6,,,1,100,,28349,6,,,1,101,,28350,6,,,1,100,,28347,6,,,1,100,,28352,6,,,1,100,,28358,6,,,1,100,,28353,6,,,1,100,,28351,6,,,1,100,,28354,6,,,1,99,,28355,6,,,1,100,,28356,6,,,1,100,,28357,6,,,1
10601,'H:121:0:Weekday:2:26SEP:12345',513,,28359,6,,,1,100,,28360,6,,,1,100,,28361,6,,,1,101,,28362,6,,,1,100,,28363,6,,,1,99,,28364,6,,,1,100,,28366,6,,,1,100,,28367,6,,,1,101,,28368,6,,,1,100,,28365,6,,,1,100,,28370,6,,,1,100,,28376,6,,,1,100,,28371,6,,,1,100,,28369,6,,,1,100,,28372,6,,,1,99,,28373,6,,,1,100,,28374,6,,,1,100,,28375,6,,,1
10601,'H:171:5:Saturday:1:26SEP:6',557,,28391,6,,,1,100,,28390,6,,,1,100,,28377,6,,,1,99,,28378,6,,,1,100,,28379,6,,,1,99,,28380,6,,,1,100,,28382,6,,,1,100,,28383,6,,,1,100,,28384,6,,,1,100,,28381,6,,,1,100,,28385,6,,,1,100,,28386,6,,,1,100,,28387,6,,,1,100,,28388,6,,,1,100,,28389,6,,,1,101,,28392,6,,,1,101,,28393,6,,,1
10601,'H:171:5:Saturday:2:26SEP:6',557,,28408,6,,,1,100,,28407,6,,,1,100,,28394,6,,,1,99,,28395,6,,,1,100,,28396,6,,,1,99,,28397,6,,,1,100,,28399,6,,,1,100,,28400,6,,,1,100,,28401,6,,,1,100,,28398,6,,,1,100,,28402,6,,,1,100,,28403,6,,,1,100,,28404,6,,,1,100,,28405,6,,,1,100,,28406,6,,,1,101,,28409,6,,,1,101,,28410,6,,,1
12000,'H:111:6:Sunday:1:26SEP:1234567',727,,29761,6,,,1,100,,29762,6,,,1,99,,29763,6,,,1,99,,29760,6,,,1,100,,29764,6,,,1,98,,29765,6,,,1,100,,29766,6,,,1,100,,29767,6,,,1,100,,29768,6,,,1,100,,29769,6,,,1,100,,29770,6,,,1,100,,29771,6,,,1,102,,29759,6,,,1,101,,29772,6,,,1
12000,'H:111:6:Sunday:2:26SEP:1234567',727,,29775,6,,,1,100,,29776,6,,,1,99,,29777,6,,,1,99,,29774,6,,,1,100,,29778,6,,,1,98,,29779,6,,,1,100,,29780,6,,,1,100,,29781,6,,,1,100,,29782,6,,,1,100,,29783,6,,,1,100,,29784,6,,,1,100,,29785,6,,,1,102,,29773,6,,,1,101,,29786,6,,,1
12000,'H:121:0:Weekday:1:26SEP:12345',422,,29804,6,,,1,83,,29805,6,,,1,27,,29791,6,,,1,68,,29806,6,,,1,28,,29789,6,,,1,29,,29807,6,,,1,69,,29787,6,,,1,31,,29808,6,,,1,70,,29788,6,,,1,31,,29813,6,,,1,73,,29790,6,,,1,70,,29814,6,,,1,30,,29794,6,,,1,70,,29815,6,,,1,30,,29792,6,,,1,70,,29816,6,,,1,28,,29795,6,,,1,29,,29817,6,,,1,70,,29793,6,,,1,30,,29818,6,,,1,69,,29797,6,,,1,27,,29809,6,,,1,69,,29798,6,,,1,30,,29810,6,,,1,69,,29796,6,,,1,31,,29811,6,,,1,72,,29803,6,,,1,30,,29812,6,,,1,74,,29801,6,,,1,100,,29802,6,,,1,101,,29799,6,,,1,103,,29800,6,,,1
12000,'H:121:0:Weekday:2:26SEP:12345',422,,29836,6,,,1,83,,29837,6,,,1,27,,29823,6,,,1,68,,29838,6,,,1,28,,29821,6,,,1,29,,29839,6,,,1,69,,29819,6,,,1,31,,29840,6,,,1,70,,29820,6,,,1,31,,29845,6,,,1,73,,29822,6,,,1,70,,29846,6,,,1,30,,29826,6,,,1,70,,29847,6,,,1,30,,29824,6,,,1,70,,29848,6,,,1,28,,29827,6,,,1,29,,29849,6,,,1,70,,29825,6,,,1,30,,29850,6,,,1,69,,29829,6,,,1,27,,29841,6,,,1,69,,29830,6,,,1,30,,29842,6,,,1,69,,29828,6,,,1,31,,29843,6,,,1,72,,29835,6,,,1,30,,29844,6,,,1,74,,29833,6,,,1,100,,29834,6,,,1,101,,29831,6,,,1,103,,29832,6,,,1
12000,'H:171:5:Saturday:1:26SEP:6',529,,29856,6,,,1,99,,29855,6,,,1,98,,29859,6,,,1,99,,29858,6,,,1,99,,29861,6,,,1,99,,29860,6,,,1,99,,29857,6,,,1,99,,29863,6,,,1,100,,29864,6,,,1,100,,29862,6,,,1,100,,29866,6,,,1,101,,29865,6,,,1,101,,29854,6,,,1,100,,29852,6,,,1,102,,29851,6,,,1,101,,29853,6,,,1,101,,29867,6,,,1
12000,'H:171:5:Saturday:2:26SEP:6',529,,29873,6,,,1,99,,29872,6,,,1,98,,29876,6,,,1,99,,29875,6,,,1,99,,29878,6,,,1,99,,29877,6,,,1,99,,29874,6,,,1,99,,29880,6,,,1,100,,29881,6,,,1,100,,29879,6,,,1,100,,29883,6,,,1,101,,29882,6,,,1,101,,29871,6,,,1,100,,29869,6,,,1,102,,29868,6,,,1,101,,29870,6,,,1,101,,29884,6,,,1
