10201,'H:111:6:Sunday:1:26SEP:1234567',705,,27750,25,,,1,30,,27765,25,,,1,70,,27749,25,,,1,30,,27764,25,,,1,70,,27752,25,,,1,29,,27766,25,,,1,70,,27753,25,,,1,30,,27768,25,,,1,70,,27751,25,,,1,30,,27769,25,,,1,70,,27754,25,,,1,30,,27770,25,,,1,70,,27755,25,,,1,30,,27767,25,,,1,70,,27756,25,,,1,30,,27771,25,,,1,70,,27757,25,,,1,30,,27772,25,,,1,70,,27758,25,,,1,30,,27773,25,,,1,70,,27759,25,,,1,30,,27774,25,,,1,70,,27760,25,,,1,30,,27775,25,,,1,70,,27761,25,,,1,100,,27762,25,,,1,100,,27763,25,,,1,100,,27776,25,,,1
10201,'H:111:6:Sunday:2:26SEP:1234567',705,,27778,25,,,1,30,,27793,25,,,1,70,,27777,25,,,1,30,,27792,25,,,1,70,,27780,25,,,1,29,,27794,25,,,1,70,,27781,25,,,1,30,,27796,25,,,1,70,,27779,25,,,1,30,,27797,25,,,1,70,,27782,25,,,1,30,,27798,25,,,1,70,,27783,25,,,1,30,,27795,25,,,1,70,,27784,25,,,1,30,,27799,25,,,1,70,,27785,25,,,1,30,,27800,25,,,1,70,,27786,25,,,1,30,,27801,25,,,1,70,,27787,25,,,1,30,,27802,25,,,1,70,,27788,25,,,1,30,,27803,25,,,1,70,,27789,25,,,1,100,,27790,25,,,1,100,,27791,25,,,1,100,,27804,25,,,1
10201,'H:121:0:Weekday:1:26SEP:12345',504,,27814,25,,,1,100,,27805,25,,,1,100,,27807,25,,,1,100,,27806,25,,,1,100,,27808,25,,,1,30,,27819,25,,,1,100,,27820,25,,,1,99,,27821,25,,,1,200,,27809,25,,,1,70,,27818,25,,,1,30,,27817,25,,,1,100,,27815,25,,,1,108,,27816,25,,,1,199,,27812,25,,,1,264,,27810,25,,,1,100,,27813,25,,,1,100,,27811,25,,,1
10201,'H:121:0:Weekday:2:26SEP:12345',504,,27831,25,,,1,100,,27822,25,,,1,100,,27824,25,,,1,100,,27823,25,,,1,100,,27825,25,,,1,30,,27836,25,,,1,100,,27837,25,,,1,99,,27838,25,,,1,200,,27826,25,,,1,70,,27835,25,,,1,30,,27834,25,,,1,100,,27832,25,,,1,108,,27833,25,,,1,199,,27829,25,,,1,264,,27827,25,,,1,100,,27830,25,,,1,100,,27828,25,,,1
10201,'H:171:5:Saturday:1:26SEP:6',604,,27839,25,,,1,30,,27840,25,,,1,70,,27841,25,,,1,30,,27842,25,,,1,70,,27844,25,,,1,30,,27845,25,,,1,70,,27846,25,,,1,30,,27843,25,,,1,70,,27849,25,,,1,30,,27850,25,,,1,70,,27851,25,,,1,30,,27847,25,,,1,70,,27848,25,,,1,30,,27852,25,,,1,70,,27853,25,,,1,30,,27854,25,,,1,70,,27855,25,,,1,30,,27856,25,,,1,70,,27857,25,,,1,30,,27858,25,,,1,70,,27859,25,,,1,30,,27860,25,,,1,70,,27861,25,,,1,30,,27862,25,,,1,70,,27863,25,,,1,30,,27864,25,,,1,70,,27865,25,,,1,100,,27866,25,,,1,100,,27867,25,,,1,100,,27868,25,,,1,100,,27869,25,,,1
10201,'H:171:5:Saturday:2:26SEP:6',604,,27870,25,,,1,30,,27871,25,,,1,70,,27872,25,,,1,30,,27873,25,,,1,70,,27875,25,,,1,30,,27876,25,,,1,70,,27877,25,,,1,30,,27874,25,,,1,70,,27880,25,,,1,30,,27881,25,,,1,70,,27882,25,,,1,30,,27878,25,,,1,70,,27879,25,,,1,30,,27883,25,,,1,70,,27884,25,,,1,30,,27885,25,,,1,70,,27886,25,,,1,30,,27887,25,,,1,70,,27888,25,,,1,30,,27889,25,,,1,70,,27890,25,,,1,30,,27891,25,,,1,70,,27892,25,,,1,30,,27893,25,,,1,70,,27894,25,,,1,30,,27895,25,,,1,70,,27896,25,,,1,100,,27897,25,,,1,100,,27898,25,,,1,100,,27899,25,,,1,100,,27900,25,,,1
10201,'KP:321:0:Weekday:1:26SEP:12345',534,,27902,25,,,1,100,,27909,25,,,1,100,,27910,25,,,1,100,,27911,25,,,1,170,,27915,25,,,1,100,,27903,25,,,1,99,,27904,25,,,1,30,,27916,25,,,1,70,,27905,25,,,1,200,,27908,25,,,1,100,,27913,25,,,1,102,,27914,25,,,1,30,,27912,25,,,1,76,,27907,25,,,1,93,,27901,25,,,1,100,,27906,25,,,1
10201,'KP:321:0:Weekday:2:26SEP:12345',534,,27918,25,,,1,100,,27925,25,,,1,100,,27926,25,,,1,100,,27927,25,,,1,170,,27931,25,,,1,100,,27919,25,,,1,99,,27920,25,,,1,30,,27932,25,,,1,70,,27921,25,,,1,200,,27924,25,,,1,100,,27929,25,,,1,102,,27930,25,,,1,30,,27928,25,,,1,76,,27923,25,,,1,93,,27917,25,,,1,100,,27922,25,,,1
13001,'H:111:6:Sunday:1:26SEP:1234567',717,,30377,48,,,1,100,,30363,48,,,1,99,,30364,48,,,1,100,,30365,48,,,1,99,,30366,48,,,1,105,,30367,48,,,1,100,,30368,48,,,1,100,,30369,48,,,1,100,,30370,48,,,1,100,,30371,48,,,1,100,,30372,48,,,1,100,,30374,48,,,1,96,,30373,48,,,1,95,,30375,48,,,1,100,,30376,48,,,1
13001,'H:111:6:Sunday:2:26SEP:1234567',717,,30392,48,,,1,100,,30378,48,,,1,99,,30379,48,,,1,100,,30380,48,,,1,99,,30381,48,,,1,105,,30382,48,,,1,100,,30383,48,,,1,100,,30384,48,,,1,100,,30385,48,,,1,100,,30386,48,,,1,100,,30387,48,,,1,100,,30389,48,,,1,96,,30388,48,,,1,95,,30390,48,,,1,100,,30391,48,,,1
13001,'H:121:0:Weekday:1:26SEP:12345',501,,30415,48,,,1,29,,30417,48,,,1,70,,30400,48,,,1,30,,30418,48,,,1,70,,30401,48,,,1,30,,30394,48,,,1,70,,30402,48,,,1,30,,30396,48,,,1,70,,30403,48,,,1,30,,30419,48,,,1,70,,30393,48,,,1,30,,30420,48,,,1,70,,30411,48,,,1,30,,30421,48,,,1,70,,30409,48,,,1,30,,30422,48,,,1,70,,30407,48,,,1,30,,30423,48,,,1,29,,30408,48,,,1,70,,30424,48,,,1,30,,30410,48,,,1,70,,30405,48,,,1,30,,30414,48,,,1,70,,30406,48,,,1,30,,30413,48,,,1,70,,30395,48,,,1,30,,30404,48,,,1,70,,30397,48,,,1,71,,30412,48,,,1,100,,30398,48,,,1,105,,30399,48,,,1,95,,30416,48,,,1
13001,'H:121:0:Weekday:2:26SEP:12345',501,,30447,48,,,1,29,,30449,48,,,1,70,,30432,48,,,1,30,,30450,48,,,1,70,,30433,48,,,1,30,,30426,48,,,1,70,,30434,48,,,1,30,,30428,48,,,1,70,,30435,48,,,1,30,,30451,48,,,1,70,,30425,48,,,1,30,,30452,48,,,1,70,,30443,48,,,1,30,,30453,48,,,1,70,,30441,48,,,1,30,,30454,48,,,1,70,,30439,48,,,1,30,,30455,48,,,1,29,,30440,48,,,1,70,,30456,48,,,1,30,,30442,48,,,1,70,,30437,48,,,1,30,,30446,48,,,1,70,,30438,48,,,1,30,,30445,48,,,1,70,,30427,48,,,1,30,,30436,48,,,1,70,,30429,48,,,1,71,,30444,48,,,1,100,,30430,48,,,1,105,,30431,48,,,1,95,,30448,48,,,1
13001,'H:171:5:Saturday:1:26SEP:6',616,,30473,48,,,1,100,,30457,48,,,1,100,,30458,48,,,1,99,,30459,48,,,1,100,,30460,48,,,1,100,,30461,48,,,1,105,,30462,48,,,1,100,,30463,48,,,1,100,,30464,48,,,1,100,,30465,48,,,1,100,,30466,48,,,1,100,,30467,48,,,1,100,,30468,48,,,1,95,,30469,48,,,1,95,,30470,48,,,1,100,,30471,48,,,1,100,,30472,48,,,1
13001,'H:171:5:Saturday:2:26SEP:6',616,,30490,48,,,1,100,,30474,48,,,1,100,,30475,48,,,1,99,,30476,48,,,1,100,,30477,48,,,1,100,,30478,48,,,1,105,,30479,48,,,1,100,,30480,48,,,1,100,,30481,48,,,1,100,,30482,48,,,1,100,,30483,48,,,1,100,,30484,48,,,1,100,,30485,48,,,1,95,,30486,48,,,1,95,,30487,48,,,1,100,,30488,48,,,1,100,,30489,48,,,1
