10201,'H:111:6:Sunday:1:26SEP:1234567',706,,27750,26,,,1,30,,27765,26,,,1,70,,27749,26,,,1,30,,27764,26,,,1,70,,27752,26,,,1,30,,27766,26,,,1,70,,27753,26,,,1,30,,27768,26,,,1,70,,27751,26,,,1,29,,27769,26,,,1,70,,27754,26,,,1,30,,27770,26,,,1,70,,27755,26,,,1,30,,27767,26,,,1,70,,27756,26,,,1,30,,27771,26,,,1,70,,27757,26,,,1,30,,27772,26,,,1,70,,27758,26,,,1,30,,27773,26,,,1,70,,27759,26,,,1,30,,27774,26,,,1,71,,27760,26,,,1,30,,27775,26,,,1,70,,27761,26,,,1,100,,27762,26,,,1,100,,27763,26,,,1,100,,27776,26,,,1
10201,'H:121:0:Weekday:1:26SEP:12345',506,,27814,26,,,1,99,,27805,26,,,1,100,,27807,26,,,1,100,,27806,26,,,1,100,,27808,26,,,1,30,,27819,26,,,1,100,,27820,26,,,1,100,,27821,26,,,1,200,,27809,26,,,1,70,,27818,26,,,1,30,,27817,26,,,1,100,,27815,26,,,1,108,,27816,26,,,1,199,,27812,26,,,1,263,,27810,26,,,1,100,,27813,26,,,1,100,,27811,26,,,1
10201,'H:171:5:Saturday:1:26SEP:6',606,,27839,26,,,1,30,,27840,26,,,1,70,,27841,26,,,1,30,,27842,26,,,1,70,,27844,26,,,1,29,,27845,26,,,1,70,,27846,26,,,1,30,,27843,26,,,1,70,,27849,26,,,1,30,,27850,26,,,1,70,,27851,26,,,1,30,,27847,26,,,1,70,,27848,26,,,1,30,,27852,26,,,1,70,,27853,26,,,1,30,,27854,26,,,1,70,,27855,26,,,1,30,,27856,26,,,1,70,,27857,26,,,1,30,,27858,26,,,1,70,,27859,26,,,1,30,,27860,26,,,1,70,,27861,26,,,1,30,,27862,26,,,1,70,,27863,26,,,1,30,,27864,26,,,1,70,,27865,26,,,1,100,,27866,26,,,1,100,,27867,26,,,1,100,,27868,26,,,1,100,,27869,26,,,1
10201,'KP:321:0:Weekday:1:26SEP:12345',536,,27902,26,,,1,99,,27909,26,,,1,100,,27910,26,,,1,100,,27911,26,,,1,170,,27915,26,,,1,100,,27903,26,,,1,100,,27904,26,,,1,30,,27916,26,,,1,70,,27905,26,,,1,200,,27908,26,,,1,100,,27913,26,,,1,102,,27914,26,,,1,30,,27912,26,,,1,76,,27907,26,,,1,92,,27901,26,,,1,100,,27906,26,,,1
11401,'H:111:6:Sunday:1:26SEP:1234567',805,,29097,28,,,1,100,,29098,28,,,1,100,,29099,28,,,1,100,,29100,28,,,1,100,,29101,28,,,1,100,,29102,28,,,1,100,,29103,28,,,1,100,,29104,28,,,1,100,,29105,28,,,1,100,,29106,28,,,1,100,,29107,28,,,1,100,,29108,28,,,1,100,,29109,28,,,1,100,,29110,28,,,1
11401,'H:121:0:Weekday:1:26SEP:12345',510,,29150,28,,,1,30,,29151,28,,,1,70,,29141,28,,,1,30,,29142,28,,,1,69,,29127,28,,,1,30,,29154,28,,,1,100,,29128,28,,,1,70,,29129,28,,,1,30,,29144,28,,,1,70,,29130,28,,,1,30,,29147,28,,,1,70,,29152,28,,,1,30,,29148,28,,,1,100,,29149,28,,,1,70,,29132,28,,,1,30,,29146,28,,,1,70,,29131,28,,,1,30,,29145,28,,,1,70,,29153,28,,,1,30,,29133,28,,,1,70,,29134,28,,,1,30,,29136,28,,,1,70,,29135,28,,,1,30,,29137,28,,,1,70,,29138,28,,,1,31,,29143,28,,,1,70,,29126,28,,,1,100,,29140,28,,,1,100,,29125,28,,,1,100,,29139,28,,,1
11401,'H:171:5:Saturday:1:26SEP:6',705,,29185,28,,,1,100,,29187,28,,,1,100,,29188,28,,,1,100,,29186,28,,,1,100,,29189,28,,,1,100,,29191,28,,,1,100,,29192,28,,,1,100,,29190,28,,,1,99,,29195,28,,,1,100,,29193,28,,,1,101,,29196,28,,,1,100,,29194,28,,,1,100,,29197,28,,,1,100,,29198,28,,,1,100,,29199,28,,,1,100,,29200,28,,,1
11401,'KP:321:0:Weekday:1:26SEP:12345',809,,29218,28,,,1,400,,29217,28,,,1
13001,'H:111:6:Sunday:1:26SEP:1234567',718,,30377,49,,,1,100,,30363,49,,,1,100,,30364,49,,,1,100,,30365,49,,,1,100,,30366,49,,,1,105,,30367,49,,,1,99,,30368,49,,,1,100,,30369,49,,,1,100,,30370,49,,,1,100,,30371,49,,,1,101,,30372,49,,,1,100,,30374,49,,,1,95,,30373,49,,,1,95,,30375,49,,,1,100,,30376,49,,,1
13001,'H:121:0:Weekday:1:26SEP:12345',503,,30415,49,,,1,30,,30417,49,,,1,69,,30400,49,,,1,30,,30418,49,,,1,70,,30401,49,,,1,30,,30394,49,,,1,70,,30402,49,,,1,30,,30396,49,,,1,70,,30403,49,,,1,30,,30419,49,,,1,71,,30393,49,,,1,30,,30420,49,,,1,70,,30411,49,,,1,29,,30421,49,,,1,70,,30409,49,,,1,30,,30422,49,,,1,70,,30407,49,,,1,30,,30423,49,,,1,70,,30408,49,,,1,30,,30424,49,,,1,70,,30410,49,,,1,30,,30405,49,,,1,70,,30414,49,,,1,30,,30406,49,,,1,70,,30413,49,,,1,30,,30395,49,,,1,70,,30404,49,,,1,30,,30397,49,,,1,70,,30412,49,,,1,100,,30398,49,,,1,105,,30399,49,,,1,96,,30416,49,,,1
13001,'H:171:5:Saturday:1:26SEP:6',618,,30473,49,,,1,100,,30457,49,,,1,100,,30458,49,,,1,100,,30459,49,,,1,100,,30460,49,,,1,99,,30461,49,,,1,105,,30462,49,,,1,100,,30463,49,,,1,100,,30464,49,,,1,101,,30465,49,,,1,100,,30466,49,,,1,100,,30467,49,,,1,100,,30468,49,,,1,95,,30469,49,,,1,95,,30470,49,,,1,100,,30471,49,,,1,100,,30472,49,,,1
