20100,'H:111:6:Sunday:1:26SEP:1234567',740,,30758,18,,,1,100,,30760,18,,,1,98,,30761,18,,,1,80,,30759,18,,,1,40,,30762,18,,,1,80,,30757,18,,,1,79,,30763,18,,,1,40,,30764,18,,,1,80,,30765,18,,,1,80,,30766,18,,,1,40,,30768,18,,,1,80,,30769,18,,,1,80,,30770,18,,,1,40,,30772,18,,,1,80,,30773,18,,,1,80,,30774,18,,,1,40,,30775,18,,,1,80,,30776,18,,,1,100,,30767,18,,,1,101,,30771,18,,,1
20100,'H:111:6:Sunday:2:26SEP:1234567',740,,30778,18,,,1,100,,30780,18,,,1,98,,30781,18,,,1,80,,30779,18,,,1,40,,30782,18,,,1,80,,30777,18,,,1,79,,30783,18,,,1,40,,30784,18,,,1,80,,30785,18,,,1,80,,30786,18,,,1,40,,30788,18,,,1,80,,30789,18,,,1,80,,30790,18,,,1,40,,30792,18,,,1,80,,30793,18,,,1,80,,30794,18,,,1,40,,30795,18,,,1,80,,30796,18,,,1,100,,30787,18,,,1,101,,30791,18,,,1
20100,'H:121:0:Weekday:1:26SEP:12345',515,,30800,18,,,1,38,,30810,18,,,1,75,,30817,18,,,1,29,,30801,18,,,1,269,,30816,18,,,1,30,,30811,18,,,1,268,,30806,18,,,1,30,,30814,18,,,1,169,,30807,18,,,1,100,,30808,18,,,1,30,,30809,18,,,1,70,,30813,18,,,1,31,,30815,18,,,1,101,,30802,18,,,1,101,,30797,18,,,1,70,,30812,18,,,1,30,,30798,18,,,1,70,,30799,18,,,1,33,,30803,18,,,1,70,,30804,18,,,1,90,,30805,18,,,1
20100,'H:121:0:Weekday:2:26SEP:12345',515,,30821,18,,,1,38,,30831,18,,,1,75,,30838,18,,,1,29,,30822,18,,,1,269,,30837,18,,,1,30,,30832,18,,,1,268,,30827,18,,,1,30,,30835,18,,,1,169,,30828,18,,,1,100,,30829,18,,,1,30,,30830,18,,,1,70,,30834,18,,,1,31,,30836,18,,,1,101,,30823,18,,,1,101,,30818,18,,,1,70,,30833,18,,,1,30,,30819,18,,,1,70,,30820,18,,,1,33,,30824,18,,,1,70,,30825,18,,,1,90,,30826,18,,,1
20100,'H:171:5:Saturday:1:26SEP:6',639,,30851,18,,,1,99,,30841,18,,,1,99,,30850,18,,,1,100,,30842,18,,,1,80,,30843,18,,,1,39,,30848,18,,,1,80,,30849,18,,,1,80,,30840,18,,,1,40,,30852,18,,,1,80,,30844,18,,,1,79,,30839,18,,,1,40,,30853,18,,,1,80,,30845,18,,,1,80,,30847,18,,,1,40,,30856,18,,,1,80,,30857,18,,,1,81,,30858,18,,,1,41,,30855,18,,,1,80,,30859,18,,,1,100,,30846,18,,,1,101,,30854,18,,,1,100,,30860,18,,,1
20100,'H:171:5:Saturday:2:26SEP:6',639,,30873,18,,,1,99,,30863,18,,,1,99,,30872,18,,,1,100,,30864,18,,,1,80,,30865,18,,,1,39,,30870,18,,,1,80,,30871,18,,,1,80,,30862,18,,,1,40,,30874,18,,,1,80,,30866,18,,,1,79,,30861,18,,,1,40,,30875,18,,,1,80,,30867,18,,,1,80,,30869,18,,,1,40,,30878,18,,,1,80,,30879,18,,,1,81,,30880,18,,,1,41,,30877,18,,,1,80,,30881,18,,,1,100,,30868,18,,,1,101,,30876,18,,,1,100,,30882,18,,,1
20100,'KP:321:0:Weekday:1:26SEP:12345',726,,30889,18,,,1,29,,30883,18,,,1,71,,30884,18,,,1,30,,30890,18,,,1,169,,30891,18,,,1,30,,30892,18,,,1,69,,30893,18,,,1,30,,30894,18,,,1,169,,30888,18,,,1,30,,30895,18,,,1,100,,30885,18,,,1,271,,30886,18,,,1,101,,30887,18,,,1
20100,'KP:321:0:Weekday:2:26SEP:12345',726,,30902,18,,,1,29,,30896,18,,,1,71,,30897,18,,,1,30,,30903,18,,,1,169,,30904,18,,,1,30,,30905,18,,,1,69,,30906,18,,,1,30,,30907,18,,,1,169,,30901,18,,,1,30,,30908,18,,,1,100,,30898,18,,,1,271,,30899,18,,,1,101,,30900,18,,,1
20200,'H:111:6:Sunday:1:26SEP:1234567',608,,31078,28,,,1,100,,31071,28,,,1,100,,31058,28,,,1,99,,31057,28,,,1,50,,31059,28,,,1,80,,31060,28,,,1,80,,31061,28,,,1,40,,31064,28,,,1,80,,31062,28,,,1,80,,31065,28,,,1,40,,31063,28,,,1,79,,31067,28,,,1,80,,31066,28,,,1,40,,31068,28,,,1,80,,31072,28,,,1,80,,31073,28,,,1,41,,31074,28,,,1,80,,31075,28,,,1,80,,31076,28,,,1,91,,31069,28,,,1,100,,31070,28,,,1,100,,31077,28,,,1
20200,'H:111:6:Sunday:2:26SEP:1234567',608,,31100,28,,,1,100,,31093,28,,,1,100,,31080,28,,,1,99,,31079,28,,,1,50,,31081,28,,,1,80,,31082,28,,,1,80,,31083,28,,,1,40,,31086,28,,,1,80,,31084,28,,,1,80,,31087,28,,,1,40,,31085,28,,,1,79,,31089,28,,,1,80,,31088,28,,,1,40,,31090,28,,,1,80,,31094,28,,,1,80,,31095,28,,,1,41,,31096,28,,,1,80,,31097,28,,,1,80,,31098,28,,,1,91,,31091,28,,,1,100,,31092,28,,,1,100,,31099,28,,,1
20200,'H:121:0:Weekday:1:26SEP:12345',455,,31117,28,,,1,158,,31104,28,,,1,197,,31105,28,,,1,31,,31106,28,,,1,70,,31114,28,,,1,30,,31118,28,,,1,199,,31116,28,,,1,69,,31115,28,,,1,229,,31113,28,,,1,100,,31107,28,,,1,102,,31108,28,,,1,200,,31102,28,,,1,71,,31101,28,,,1,101,,31103,28,,,1,30,,31110,28,,,1,71,,31111,28,,,1,36,,31112,28,,,1
20200,'H:121:0:Weekday:2:26SEP:12345',455,,31135,28,,,1,158,,31122,28,,,1,197,,31123,28,,,1,31,,31124,28,,,1,70,,31132,28,,,1,30,,31136,28,,,1,199,,31134,28,,,1,69,,31133,28,,,1,229,,31131,28,,,1,100,,31125,28,,,1,102,,31126,28,,,1,200,,31120,28,,,1,71,,31119,28,,,1,101,,31121,28,,,1,30,,31128,28,,,1,71,,31129,28,,,1,36,,31130,28,,,1
20200,'H:171:5:Saturday:1:26SEP:6',509,,31160,28,,,1,30,,31154,28,,,1,70,,31138,28,,,1,100,,31139,28,,,1,99,,31150,28,,,1,99,,31144,28,,,1,50,,31137,28,,,1,80,,31140,28,,,1,80,,31148,28,,,1,39,,31142,28,,,1,80,,31141,28,,,1,80,,31143,28,,,1,40,,31151,28,,,1,80,,31145,28,,,1,80,,31146,28,,,1,40,,31147,28,,,1,80,,31155,28,,,1,80,,31156,28,,,1,41,,31157,28,,,1,80,,31158,28,,,1,80,,31159,28,,,1,90,,31152,28,,,1,100,,31149,28,,,1,102,,31153,28,,,1
20200,'H:171:5:Saturday:2:26SEP:6',509,,31184,28,,,1,30,,31178,28,,,1,70,,31162,28,,,1,100,,31163,28,,,1,99,,31174,28,,,1,99,,31168,28,,,1,50,,31161,28,,,1,80,,31164,28,,,1,80,,31172,28,,,1,39,,31166,28,,,1,80,,31165,28,,,1,80,,31167,28,,,1,40,,31175,28,,,1,80,,31169,28,,,1,80,,31170,28,,,1,40,,31171,28,,,1,80,,31179,28,,,1,80,,31180,28,,,1,41,,31181,28,,,1,80,,31182,28,,,1,80,,31183,28,,,1,90,,31176,28,,,1,100,,31173,28,,,1,102,,31177,28,,,1
20200,'KP:321:0:Weekday:1:26SEP:12345',534,,31186,28,,,1,109,,31188,28,,,1,68,,31196,28,,,1,29,,31201,28,,,1,271,,31197,28,,,1,30,,31198,28,,,1,69,,31200,28,,,1,129,,31193,28,,,1,70,,31199,28,,,1,30,,31195,28,,,1,69,,31189,28,,,1,100,,31194,28,,,1,100,,31190,28,,,1,102,,31191,28,,,1,30,,31192,28,,,1,70,,31187,28,,,1,132,,31185,28,,,1
20200,'KP:321:0:Weekday:2:26SEP:12345',534,,31203,28,,,1,109,,31205,28,,,1,68,,31213,28,,,1,29,,31218,28,,,1,271,,31214,28,,,1,30,,31215,28,,,1,69,,31217,28,,,1,129,,31210,28,,,1,70,,31216,28,,,1,30,,31212,28,,,1,69,,31206,28,,,1,100,,31211,28,,,1,100,,31207,28,,,1,102,,31208,28,,,1,30,,31209,28,,,1,70,,31204,28,,,1,132,,31202,28,,,1
