20900,'H:111:6:Sunday:1:26SEP:1234567',816,,31385,22,,,1,100,,31379,22,,,1,100,,31377,22,,,1,101,,31389,22,,,1,102,,31381,22,,,1,102,,31387,22,,,1,100,,31378,22,,,1,102,,31380,22,,,1,101,,31388,22,,,1,100,,31383,22,,,1,99,,31384,22,,,1,97,,31382,22,,,1,100,,31386,22,,,1
20900,'H:111:6:Sunday:2:26SEP:1234567',816,,31398,22,,,1,100,,31392,22,,,1,100,,31390,22,,,1,101,,31402,22,,,1,102,,31394,22,,,1,102,,31400,22,,,1,100,,31391,22,,,1,102,,31393,22,,,1,101,,31401,22,,,1,100,,31396,22,,,1,99,,31397,22,,,1,97,,31395,22,,,1,100,,31399,22,,,1
20900,'H:121:0:Weekday:1:26SEP:12345',620,,31415,22,,,1,101,,31416,22,,,1,100,,31418,22,,,1,100,,31417,22,,,1,100,,31414,22,,,1,101,,31410,22,,,1,103,,31408,22,,,1,98,,31412,22,,,1,100,,31406,22,,,1,100,,31411,22,,,1,100,,31413,22,,,1,100,,31405,22,,,1,100,,31407,22,,,1,99,,31409,22,,,1,100,,31403,22,,,1,98,,31404,22,,,1,97,,31419,22,,,1
20900,'H:121:0:Weekday:2:26SEP:12345',620,,31432,22,,,1,101,,31433,22,,,1,100,,31435,22,,,1,100,,31434,22,,,1,100,,31431,22,,,1,101,,31427,22,,,1,103,,31425,22,,,1,98,,31429,22,,,1,100,,31423,22,,,1,100,,31428,22,,,1,100,,31430,22,,,1,100,,31422,22,,,1,100,,31424,22,,,1,99,,31426,22,,,1,100,,31420,22,,,1,98,,31421,22,,,1,97,,31436,22,,,1
20900,'H:171:5:Saturday:1:26SEP:6',716,,31446,22,,,1,100,,31439,22,,,1,102,,31437,22,,,1,102,,31449,22,,,1,100,,31442,22,,,1,103,,31448,22,,,1,100,,31440,22,,,1,101,,31438,22,,,1,101,,31451,22,,,1,101,,31443,22,,,1,99,,31447,22,,,1,98,,31441,22,,,1,98,,31444,22,,,1,99,,31450,22,,,1,99,,31445,22,,,1
20900,'H:171:5:Saturday:2:26SEP:6',716,,31461,22,,,1,100,,31454,22,,,1,102,,31452,22,,,1,102,,31464,22,,,1,100,,31457,22,,,1,103,,31463,22,,,1,100,,31455,22,,,1,101,,31453,22,,,1,101,,31466,22,,,1,101,,31458,22,,,1,99,,31462,22,,,1,98,,31456,22,,,1,98,,31459,22,,,1,99,,31465,22,,,1,99,,31460,22,,,1
22200,'H:111:6:Sunday:1:26SEP:1234567',732,,31765,10,,,1,90,,31764,10,,,1,90,,31756,10,,,1,90,,31751,10,,,1,50,,31754,10,,,1,90,,31760,10,,,1,91,,31752,10,,,1,90,,31757,10,,,1,90,,31759,10,,,1,90,,31753,10,,,1,50,,31755,10,,,1,90,,31761,10,,,1,90,,31762,10,,,1,90,,31758,10,,,1,89,,31763,10,,,1
22200,'H:111:6:Sunday:2:26SEP:1234567',732,,31780,10,,,1,90,,31779,10,,,1,90,,31771,10,,,1,90,,31766,10,,,1,50,,31769,10,,,1,90,,31775,10,,,1,91,,31767,10,,,1,90,,31772,10,,,1,90,,31774,10,,,1,90,,31768,10,,,1,50,,31770,10,,,1,90,,31776,10,,,1,90,,31777,10,,,1,90,,31773,10,,,1,89,,31778,10,,,1
22200,'H:121:0:Weekday:1:26SEP:12345',623,,31783,10,,,1,80,,31781,10,,,1,55,,31784,10,,,1,95,,31782,10,,,1,90,,31785,10,,,1,90,,31787,10,,,1,91,,31788,10,,,1,90,,31789,10,,,1,90,,31786,10,,,1,50,,31791,10,,,1,90,,31792,10,,,1,91,,31793,10,,,1,90,,31790,10,,,1,89,,31794,10,,,1,89,,31796,10,,,1,50,,31797,10,,,1,90,,31795,10,,,1
22200,'H:121:0:Weekday:2:26SEP:12345',623,,31800,10,,,1,80,,31798,10,,,1,55,,31801,10,,,1,95,,31799,10,,,1,90,,31802,10,,,1,90,,31804,10,,,1,91,,31805,10,,,1,90,,31806,10,,,1,90,,31803,10,,,1,50,,31808,10,,,1,90,,31809,10,,,1,91,,31810,10,,,1,90,,31807,10,,,1,89,,31811,10,,,1,89,,31813,10,,,1,50,,31814,10,,,1,90,,31812,10,,,1
22200,'H:171:5:Saturday:1:26SEP:6',552,,31829,10,,,1,90,,31815,10,,,1,90,,31816,10,,,1,90,,31826,10,,,1,90,,31830,10,,,1,91,,31831,10,,,1,50,,31822,10,,,1,90,,31817,10,,,1,91,,31818,10,,,1,90,,31825,10,,,1,90,,31824,10,,,1,90,,31827,10,,,1,50,,31821,10,,,1,90,,31823,10,,,1,89,,31828,10,,,1,89,,31819,10,,,1,90,,31820,10,,,1,45,,31832,10,,,1
22200,'H:171:5:Saturday:2:26SEP:6',552,,31847,10,,,1,90,,31833,10,,,1,90,,31834,10,,,1,90,,31844,10,,,1,90,,31848,10,,,1,91,,31849,10,,,1,50,,31840,10,,,1,90,,31835,10,,,1,91,,31836,10,,,1,90,,31843,10,,,1,90,,31842,10,,,1,90,,31845,10,,,1,50,,31839,10,,,1,90,,31841,10,,,1,89,,31846,10,,,1,89,,31837,10,,,1,90,,31838,10,,,1,45,,31850,10,,,1
