20101,'H:111:6:Sunday:1:26SEP:1234567',745,,30923,20,,,1,100,,30909,20,,,1,101,,30911,20,,,1,90,,30912,20,,,1,80,,30914,20,,,1,40,,30915,20,,,1,80,,30913,20,,,1,80,,30910,20,,,1,40,,30917,20,,,1,80,,30918,20,,,1,80,,30919,20,,,1,40,,30920,20,,,1,80,,30916,20,,,1,80,,30924,20,,,1,40,,30925,20,,,1,80,,30926,20,,,1,80,,30927,20,,,1,40,,30928,20,,,1,90,,30921,20,,,1,99,,30922,20,,,1
20101,'H:111:6:Sunday:2:26SEP:1234567',745,,30943,20,,,1,100,,30929,20,,,1,101,,30931,20,,,1,90,,30932,20,,,1,80,,30934,20,,,1,40,,30935,20,,,1,80,,30933,20,,,1,80,,30930,20,,,1,40,,30937,20,,,1,80,,30938,20,,,1,80,,30939,20,,,1,40,,30940,20,,,1,80,,30936,20,,,1,80,,30944,20,,,1,40,,30945,20,,,1,80,,30946,20,,,1,80,,30947,20,,,1,40,,30948,20,,,1,90,,30941,20,,,1,99,,30942,20,,,1
20101,'H:121:0:Weekday:1:26SEP:12345',611,,30952,20,,,1,221,,30966,20,,,1,69,,30962,20,,,1,433,,30963,20,,,1,101,,30960,20,,,1,70,,30965,20,,,1,131,,30961,20,,,1,99,,30955,20,,,1,68,,30956,20,,,1,30,,30964,20,,,1,68,,30954,20,,,1,30,,30953,20,,,1,70,,30949,20,,,1,29,,30951,20,,,1,70,,30950,20,,,1,30,,30958,20,,,1,70,,30959,20,,,1,29,,30957,20,,,1
20101,'H:121:0:Weekday:2:26SEP:12345',611,,30970,20,,,1,221,,30984,20,,,1,69,,30980,20,,,1,433,,30981,20,,,1,101,,30978,20,,,1,70,,30983,20,,,1,131,,30979,20,,,1,99,,30973,20,,,1,68,,30974,20,,,1,30,,30982,20,,,1,68,,30972,20,,,1,30,,30971,20,,,1,70,,30967,20,,,1,29,,30969,20,,,1,70,,30968,20,,,1,30,,30976,20,,,1,70,,30977,20,,,1,29,,30975,20,,,1
20101,'H:171:5:Saturday:1:26SEP:6',746,,30991,20,,,1,100,,30985,20,,,1,101,,30986,20,,,1,90,,30997,20,,,1,80,,30990,20,,,1,40,,30987,20,,,1,81,,30988,20,,,1,80,,30999,20,,,1,40,,30993,20,,,1,80,,30989,20,,,1,80,,30992,20,,,1,40,,30998,20,,,1,80,,30995,20,,,1,80,,31001,20,,,1,39,,31002,20,,,1,79,,31003,20,,,1,80,,31004,20,,,1,40,,31005,20,,,1,90,,30996,20,,,1,100,,30994,20,,,1,100,,31000,20,,,1
20101,'H:171:5:Saturday:2:26SEP:6',746,,31012,20,,,1,100,,31006,20,,,1,101,,31007,20,,,1,90,,31018,20,,,1,80,,31011,20,,,1,40,,31008,20,,,1,81,,31009,20,,,1,80,,31020,20,,,1,40,,31014,20,,,1,80,,31010,20,,,1,80,,31013,20,,,1,40,,31019,20,,,1,80,,31016,20,,,1,80,,31022,20,,,1,39,,31023,20,,,1,79,,31024,20,,,1,80,,31025,20,,,1,40,,31026,20,,,1,90,,31017,20,,,1,100,,31015,20,,,1,100,,31021,20,,,1
20101,'KP:321:0:Weekday:1:26SEP:12345',651,,31027,20,,,1,80,,31028,20,,,1,71,,31035,20,,,1,129,,31036,20,,,1,70,,31037,20,,,1,31,,31038,20,,,1,70,,31039,20,,,1,30,,31033,20,,,1,70,,31041,20,,,1,31,,31040,20,,,1,70,,31029,20,,,1,102,,31032,20,,,1,131,,31031,20,,,1,70,,31034,20,,,1,100,,31030,20,,,1
20101,'KP:321:0:Weekday:2:26SEP:12345',651,,31042,20,,,1,80,,31043,20,,,1,71,,31050,20,,,1,129,,31051,20,,,1,70,,31052,20,,,1,31,,31053,20,,,1,70,,31054,20,,,1,30,,31048,20,,,1,70,,31056,20,,,1,31,,31055,20,,,1,70,,31044,20,,,1,102,,31047,20,,,1,131,,31046,20,,,1,70,,31049,20,,,1,100,,31045,20,,,1
20201,'H:111:6:Sunday:1:26SEP:1234567',654,,31238,20,,,1,161,,31219,20,,,1,101,,31220,20,,,1,100,,31222,20,,,1,40,,31223,20,,,1,80,,31221,20,,,1,80,,31225,20,,,1,40,,31224,20,,,1,80,,31226,20,,,1,80,,31227,20,,,1,40,,31228,20,,,1,80,,31230,20,,,1,80,,31229,20,,,1,40,,31231,20,,,1,80,,31233,20,,,1,80,,31234,20,,,1,40,,31235,20,,,1,80,,31236,20,,,1,80,,31237,20,,,1,99,,31232,20,,,1,99,,31239,20,,,1
20201,'H:111:6:Sunday:2:26SEP:1234567',654,,31259,20,,,1,161,,31240,20,,,1,101,,31241,20,,,1,100,,31243,20,,,1,40,,31244,20,,,1,80,,31242,20,,,1,80,,31246,20,,,1,40,,31245,20,,,1,80,,31247,20,,,1,80,,31248,20,,,1,40,,31249,20,,,1,80,,31251,20,,,1,80,,31250,20,,,1,40,,31252,20,,,1,80,,31254,20,,,1,80,,31255,20,,,1,40,,31256,20,,,1,80,,31257,20,,,1,80,,31258,20,,,1,99,,31253,20,,,1,99,,31260,20,,,1
20201,'H:121:0:Weekday:1:26SEP:12345',509,,31278,20,,,1,202,,31269,20,,,1,35,,31275,20,,,1,71,,31280,20,,,1,200,,31276,20,,,1,30,,31277,20,,,1,70,,31274,20,,,1,30,,31279,20,,,1,273,,31273,20,,,1,101,,31266,20,,,1,130,,31265,20,,,1,99,,31267,20,,,1,97,,31268,20,,,1,99,,31264,20,,,1,70,,31262,20,,,1,29,,31261,20,,,1,70,,31270,20,,,1,30,,31271,20,,,1,69,,31272,20,,,1,91,,31263,20,,,1
20201,'H:121:0:Weekday:2:26SEP:12345',509,,31298,20,,,1,202,,31289,20,,,1,35,,31295,20,,,1,71,,31300,20,,,1,200,,31296,20,,,1,30,,31297,20,,,1,70,,31294,20,,,1,30,,31299,20,,,1,273,,31293,20,,,1,101,,31286,20,,,1,130,,31285,20,,,1,99,,31287,20,,,1,97,,31288,20,,,1,99,,31284,20,,,1,70,,31282,20,,,1,29,,31281,20,,,1,70,,31290,20,,,1,30,,31291,20,,,1,69,,31292,20,,,1,91,,31283,20,,,1
20201,'H:171:5:Saturday:1:26SEP:6',626,,31322,20,,,1,30,,31315,20,,,1,160,,31306,20,,,1,100,,31308,20,,,1,101,,31314,20,,,1,40,,31303,20,,,1,80,,31302,20,,,1,81,,31311,20,,,1,40,,31312,20,,,1,80,,31304,20,,,1,80,,31301,20,,,1,40,,31305,20,,,1,80,,31307,20,,,1,80,,31309,20,,,1,40,,31310,20,,,1,79,,31317,20,,,1,80,,31318,20,,,1,39,,31319,20,,,1,80,,31320,20,,,1,80,,31321,20,,,1,100,,31313,20,,,1,100,,31316,20,,,1,100,,31323,20,,,1
20201,'H:171:5:Saturday:2:26SEP:6',626,,31345,20,,,1,30,,31338,20,,,1,160,,31329,20,,,1,100,,31331,20,,,1,101,,31337,20,,,1,40,,31326,20,,,1,80,,31325,20,,,1,81,,31334,20,,,1,40,,31335,20,,,1,80,,31327,20,,,1,80,,31324,20,,,1,40,,31328,20,,,1,80,,31330,20,,,1,80,,31332,20,,,1,40,,31333,20,,,1,79,,31340,20,,,1,80,,31341,20,,,1,39,,31342,20,,,1,80,,31343,20,,,1,80,,31344,20,,,1,100,,31336,20,,,1,100,,31339,20,,,1,100,,31346,20,,,1
20201,'KP:321:0:Weekday:1:26SEP:12345',550,,31347,20,,,1,81,,31355,20,,,1,215,,31356,20,,,1,70,,31357,20,,,1,30,,31360,20,,,1,272,,31358,20,,,1,30,,31359,20,,,1,70,,31361,20,,,1,31,,31348,20,,,1,101,,31353,20,,,1,101,,31354,20,,,1,70,,31349,20,,,1,99,,31350,20,,,1,98,,31351,20,,,1,98,,31352,20,,,1
20201,'KP:321:0:Weekday:2:26SEP:12345',550,,31362,20,,,1,81,,31370,20,,,1,215,,31371,20,,,1,70,,31372,20,,,1,30,,31375,20,,,1,272,,31373,20,,,1,30,,31374,20,,,1,70,,31376,20,,,1,31,,31363,20,,,1,101,,31368,20,,,1,101,,31369,20,,,1,70,,31364,20,,,1,99,,31365,20,,,1,98,,31366,20,,,1,98,,31367,20,,,1
22200,'H:111:6:Sunday:1:26SEP:1234567',726,,31765,2,,,1,90,,31764,2,,,1,90,,31756,2,,,1,50,,31751,2,,,1,90,,31754,2,,,1,90,,31760,2,,,1,90,,31752,2,,,1,90,,31757,2,,,1,90,,31759,2,,,1,50,,31753,2,,,1,90,,31755,2,,,1,90,,31761,2,,,1,90,,31762,2,,,1,90,,31758,2,,,1,90,,31763,2,,,1
22200,'H:111:6:Sunday:2:26SEP:1234567',726,,31780,2,,,1,90,,31779,2,,,1,90,,31771,2,,,1,50,,31766,2,,,1,90,,31769,2,,,1,90,,31775,2,,,1,90,,31767,2,,,1,90,,31772,2,,,1,90,,31774,2,,,1,50,,31768,2,,,1,90,,31770,2,,,1,90,,31776,2,,,1,90,,31777,2,,,1,90,,31773,2,,,1,90,,31778,2,,,1
22200,'H:121:0:Weekday:1:26SEP:12345',616,,31783,2,,,1,40,,31781,2,,,1,95,,31784,2,,,1,95,,31782,2,,,1,90,,31785,2,,,1,90,,31787,2,,,1,90,,31788,2,,,1,90,,31789,2,,,1,50,,31786,2,,,1,90,,31791,2,,,1,90,,31792,2,,,1,90,,31793,2,,,1,90,,31790,2,,,1,90,,31794,2,,,1,50,,31796,2,,,1,90,,31797,2,,,1,90,,31795,2,,,1
22200,'H:121:0:Weekday:2:26SEP:12345',616,,31800,2,,,1,40,,31798,2,,,1,95,,31801,2,,,1,95,,31799,2,,,1,90,,31802,2,,,1,90,,31804,2,,,1,90,,31805,2,,,1,90,,31806,2,,,1,50,,31803,2,,,1,90,,31808,2,,,1,90,,31809,2,,,1,90,,31810,2,,,1,90,,31807,2,,,1,90,,31811,2,,,1,50,,31813,2,,,1,90,,31814,2,,,1,90,,31812,2,,,1
22200,'H:171:5:Saturday:1:26SEP:6',546,,31829,2,,,1,90,,31815,2,,,1,90,,31816,2,,,1,90,,31826,2,,,1,90,,31830,2,,,1,50,,31831,2,,,1,90,,31822,2,,,1,90,,31817,2,,,1,90,,31818,2,,,1,90,,31825,2,,,1,90,,31824,2,,,1,50,,31827,2,,,1,90,,31821,2,,,1,90,,31823,2,,,1,90,,31828,2,,,1,90,,31819,2,,,1,90,,31820,2,,,1,45,,31832,2,,,1
22200,'H:171:5:Saturday:2:26SEP:6',546,,31847,2,,,1,90,,31833,2,,,1,90,,31834,2,,,1,90,,31844,2,,,1,90,,31848,2,,,1,50,,31849,2,,,1,90,,31840,2,,,1,90,,31835,2,,,1,90,,31836,2,,,1,90,,31843,2,,,1,90,,31842,2,,,1,50,,31845,2,,,1,90,,31839,2,,,1,90,,31841,2,,,1,90,,31846,2,,,1,90,,31837,2,,,1,90,,31838,2,,,1,45,,31850,2,,,1
22201,'H:111:6:Sunday:1:26SEP:1234567',743,,31851,50,4,,1,90,,31854,50,4,,1,91,,31852,50,4,,1,91,,31855,50,4,,1,91,,31853,50,4,,1,50,,31856,50,4,,1,92,,31857,50,4,,1,92,,31860,50,4,,1,90,,31861,50,4,,1,90,,31858,50,4,,1,90,,31862,50,4,,1,90,,31863,50,4,,1,50,,31864,50,4,,1,89,,31859,50,4,,1,89,,31865,50,4,,1
22201,'H:111:6:Sunday:2:26SEP:1234567',743,,31866,50,4,,1,90,,31869,50,4,,1,91,,31867,50,4,,1,91,,31870,50,4,,1,91,,31868,50,4,,1,50,,31871,50,4,,1,92,,31872,50,4,,1,92,,31875,50,4,,1,90,,31876,50,4,,1,90,,31873,50,4,,1,90,,31877,50,4,,1,90,,31878,50,4,,1,50,,31879,50,4,,1,89,,31874,50,4,,1,89,,31880,50,4,,1
22201,'H:121:0:Weekday:1:26SEP:12345',641,,31882,50,4,,1,88,,31883,50,4,,1,93,,31884,50,4,,1,90,,31885,50,4,,1,89,,31886,50,4,,1,50,,31887,50,4,,1,91,,31888,50,4,,1,92,,31889,50,4,,1,91,,31890,50,4,,1,91,,31891,50,4,,1,91,,31893,50,4,,1,93,,31894,50,4,,1,47,,31895,50,4,,1,90,,31892,50,4,,1,87,,31881,50,4,,1,88,,31896,50,4,,1,89,,31897,50,4,,1,48,,31898,50,4,,1,90,,31899,50,4,,1
22201,'H:121:0:Weekday:2:26SEP:12345',641,,31901,50,4,,1,88,,31902,50,4,,1,93,,31903,50,4,,1,90,,31904,50,4,,1,89,,31905,50,4,,1,50,,31906,50,4,,1,91,,31907,50,4,,1,92,,31908,50,4,,1,91,,31909,50,4,,1,91,,31910,50,4,,1,91,,31912,50,4,,1,93,,31913,50,4,,1,47,,31914,50,4,,1,90,,31911,50,4,,1,87,,31900,50,4,,1,88,,31915,50,4,,1,89,,31916,50,4,,1,48,,31917,50,4,,1,90,,31918,50,4,,1
22201,'H:171:5:Saturday:1:26SEP:6',743,,31922,50,4,,1,91,,31923,50,4,,1,91,,31924,50,4,,1,90,,31925,50,4,,1,91,,31926,50,4,,1,51,,31927,50,4,,1,91,,31928,50,4,,1,91,,31930,50,4,,1,91,,31932,50,4,,1,90,,31929,50,4,,1,90,,31933,50,4,,1,90,,31931,50,4,,1,50,,31934,50,4,,1,90,,31935,50,4,,1,90,,31936,50,4,,1,88,,31919,50,4,,1,87,,31920,50,4,,1,50,,31921,50,4,,1
22201,'H:171:5:Saturday:2:26SEP:6',743,,31940,50,4,,1,91,,31941,50,4,,1,91,,31942,50,4,,1,90,,31943,50,4,,1,91,,31944,50,4,,1,51,,31945,50,4,,1,91,,31946,50,4,,1,91,,31948,50,4,,1,91,,31950,50,4,,1,90,,31947,50,4,,1,90,,31951,50,4,,1,90,,31949,50,4,,1,50,,31952,50,4,,1,90,,31953,50,4,,1,90,,31954,50,4,,1,88,,31937,50,4,,1,87,,31938,50,4,,1,50,,31939,50,4,,1
