90101,'KP:323:0:Weekday:3:26MAR:12345',1400,,26874,1,,,1,30,,26873,1,,,1,70,,26869,1,,,1,30,,26864,1,,,1,70,,26868,1,,,1,30,,26872,1,,,1,70,,26865,1,,,1,30,,26866,1,,,1,70,,26870,1,,,1,30,,26871,1,,,1,70,,26867,1,,,1
90101,'KP:323:0:Weekday:4:26MAR:12345',1400,,26885,1,,,1,30,,26884,1,,,1,70,,26880,1,,,1,30,,26875,1,,,1,70,,26879,1,,,1,30,,26883,1,,,1,70,,26876,1,,,1,30,,26877,1,,,1,70,,26881,1,,,1,30,,26882,1,,,1,70,,26878,1,,,1
90301,'H:123:0:Weekday:3:26MAR:12345',1610,,26900,1,,,1
90301,'H:123:0:Weekday:4:26MAR:12345',1610,,26901,1,,,1
90301,'KP:323:0:Weekday:3:26MAR:12345',1515,,26902,1,,,1,30,,26904,1,,,1,95,,26908,1,,,1,70,,26903,1,,,1,30,,26909,1,,,1,75,,26907,1,,,1,35,,26905,1,,,1,75,,26906,1,,,1
90301,'KP:323:0:Weekday:4:26MAR:12345',1515,,26910,1,,,1,30,,26912,1,,,1,95,,26916,1,,,1,70,,26911,1,,,1,30,,26917,1,,,1,75,,26915,1,,,1,35,,26913,1,,,1,75,,26914,1,,,1
90401,'H:123:0:Weekday:3:26MAR:12345',1450,,26939,1,,,1,60,,26938,1,,,1
90401,'H:123:0:Weekday:4:26MAR:12345',1450,,26941,1,,,1,60,,26940,1,,,1
90401,'KP:323:0:Weekday:3:26MAR:12345',1550,,26950,1,,,1,70,,26946,1,,,1,30,,26942,1,,,1,70,,26944,1,,,1,15,,26949,1,,,1,70,,26945,1,,,1,20,,26947,1,,,1,80,,26948,1,,,1,25,,26943,1,,,1
90401,'KP:323:0:Weekday:4:26MAR:12345',1550,,26959,1,,,1,70,,26955,1,,,1,30,,26951,1,,,1,70,,26953,1,,,1,15,,26958,1,,,1,70,,26954,1,,,1,20,,26956,1,,,1,80,,26957,1,,,1,25,,26952,1,,,1
90501,'H:123:0:Weekday:3:26MAR:12345',545,,27009,1,,,1,100,,27008,1,,,1,100,,27007,1,,,1,100,,27005,1,,,1,100,,27006,1,,,1,100,,27016,1,,,1,100,,27014,1,,,1,100,,27015,1,,,1,100,,27017,1,,,1,90,,27013,1,,,1,100,,27010,1,,,1,70,,27002,1,,,1,30,,27004,1,,,1,70,,27001,1,,,1,40,,27000,1,,,1,100,,27003,1,,,1,100,,27012,1,,,1,100,,27011,1,,,1
90501,'H:123:0:Weekday:4:26MAR:12345',545,,27027,1,,,1,100,,27026,1,,,1,100,,27025,1,,,1,100,,27023,1,,,1,100,,27024,1,,,1,100,,27034,1,,,1,100,,27032,1,,,1,100,,27033,1,,,1,100,,27035,1,,,1,90,,27031,1,,,1,100,,27028,1,,,1,70,,27020,1,,,1,30,,27022,1,,,1,70,,27019,1,,,1,40,,27018,1,,,1,100,,27021,1,,,1,100,,27030,1,,,1,100,,27029,1,,,1
