27000,'H:121:0:Weekday:1:26SEP:12345',436,,32145,4,,,1,110,,32146,4,,,1,100,,32148,4,,,1,1500,,32147,4,,,1
27000,'H:121:0:Weekday:2:26SEP:12345',436,,32149,4,,,1,110,,32150,4,,,1,100,,32152,4,,,1,1500,,32151,4,,,1
27001,'H:121:0:Weekday:1:26SEP:12345',622,,32157,34,4,,1
27001,'H:121:0:Weekday:2:26SEP:12345',622,,32160,34,4,,1
27100,'H:111:6:Sunday:1:26SEP:1234567',656,,32161,4,,,1,100,,32162,4,,,1,100,,32172,4,,,1,100,,32163,4,,,1,100,,32164,4,,,1,100,,32165,4,,,1,100,,32166,4,,,1,100,,32167,4,,,1,100,,32174,4,,,1,100,,32168,4,,,1,100,,32169,4,,,1,100,,32170,4,,,1,100,,32171,4,,,1,100,,32173,4,,,1
27100,'H:111:6:Sunday:2:26SEP:1234567',656,,32175,4,,,1,100,,32176,4,,,1,100,,32186,4,,,1,100,,32177,4,,,1,100,,32178,4,,,1,100,,32179,4,,,1,100,,32180,4,,,1,100,,32181,4,,,1,100,,32188,4,,,1,100,,32182,4,,,1,100,,32183,4,,,1,100,,32184,4,,,1,100,,32185,4,,,1,100,,32187,4,,,1
27100,'H:121:0:Weekday:1:26SEP:12345',811,,32190,4,,,1,100,,32191,4,,,1,100,,32199,4,,,1,200,,32192,4,,,1,200,,32193,4,,,1,200,,32194,4,,,1,200,,32195,4,,,1,200,,32196,4,,,1,100,,32197,4,,,1
27100,'H:121:0:Weekday:2:26SEP:12345',811,,32201,4,,,1,100,,32202,4,,,1,100,,32210,4,,,1,200,,32203,4,,,1,200,,32204,4,,,1,200,,32205,4,,,1,200,,32206,4,,,1,200,,32207,4,,,1,100,,32208,4,,,1
27100,'H:171:5:Saturday:1:26SEP:6',656,,32220,4,,,1,100,,32212,4,,,1,100,,32221,4,,,1,100,,32213,4,,,1,100,,32219,4,,,1,100,,32211,4,,,1,100,,32218,4,,,1,100,,32214,4,,,1,100,,32222,4,,,1,100,,32215,4,,,1,100,,32217,4,,,1,100,,32216,4,,,1,100,,32223,4,,,1,100,,32224,4,,,1,100,,32225,4,,,1
27100,'H:171:5:Saturday:2:26SEP:6',656,,32235,4,,,1,100,,32227,4,,,1,100,,32236,4,,,1,100,,32228,4,,,1,100,,32234,4,,,1,100,,32226,4,,,1,100,,32233,4,,,1,100,,32229,4,,,1,100,,32237,4,,,1,100,,32230,4,,,1,100,,32232,4,,,1,100,,32231,4,,,1,100,,32238,4,,,1,100,,32239,4,,,1,100,,32240,4,,,1
27100,'KP:321:0:Weekday:1:26SEP:12345',741,,32241,4,,,1,370,,32242,4,,,1,200,,32243,4,,,1,200,,32245,4,,,1,200,,32244,4,,,1,200,,32247,4,,,1
27100,'KP:321:0:Weekday:2:26SEP:12345',741,,32248,4,,,1,370,,32249,4,,,1,200,,32250,4,,,1,200,,32252,4,,,1,200,,32251,4,,,1,200,,32254,4,,,1
27101,'H:111:6:Sunday:1:26SEP:1234567',813,,32268,47,4,,1,112,,32258,47,4,,1,104,,32255,47,4,,1,102,,32256,47,4,,1,101,,32257,47,4,,1,100,,32259,47,4,,1,100,,32266,47,4,,1,101,,32260,47,4,,1,100,,32261,47,4,,1,100,,32263,47,4,,1,98,,32262,47,4,,1,98,,32264,47,4,,1,99,,32267,47,4,,1,100,,32265,47,4,,1
27101,'H:111:6:Sunday:2:26SEP:1234567',813,,32282,47,4,,1,112,,32272,48,4,,1,104,,32269,48,4,,1,102,,32270,48,4,,1,101,,32271,48,4,,1,100,,32273,48,4,,1,100,,32280,48,4,,1,101,,32274,48,4,,1,100,,32275,48,4,,1,100,,32277,48,4,,1,98,,32276,48,4,,1,98,,32278,48,4,,1,99,,32281,48,4,,1,100,,32279,48,4,,1
27101,'H:121:0:Weekday:1:26SEP:12345',732,,32283,47,4,,1,101,,32284,47,4,,1,100,,32293,47,4,,1,199,,32285,47,4,,1,209,,32286,47,4,,1,206,,32287,47,4,,1,202,,32288,47,4,,1,188,,32289,47,4,,1,95,,32290,47,4,,1,97,,32291,47,4,,1,100,,32292,47,4,,1
27101,'H:121:0:Weekday:2:26SEP:12345',732,,32294,47,4,,1,101,,32295,47,4,,1,100,,32304,48,4,,1,199,,32296,48,4,,1,209,,32297,48,4,,1,206,,32298,48,4,,1,202,,32299,48,4,,1,188,,32300,48,4,,1,95,,32301,48,4,,1,97,,32302,48,4,,1,100,,32303,48,4,,1
27101,'H:171:5:Saturday:1:26SEP:6',816,,32305,47,4,,1,113,,32311,47,4,,1,104,,32308,47,4,,1,104,,32312,47,4,,1,103,,32309,47,4,,1,100,,32314,47,4,,1,98,,32310,47,4,,1,100,,32315,47,4,,1,98,,32307,47,4,,1,100,,32313,47,4,,1,100,,32306,47,4,,1,97,,32316,47,4,,1,99,,32317,47,4,,1,97,,32318,47,4,,1,100,,32319,47,4,,1
27101,'H:171:5:Saturday:2:26SEP:6',816,,32320,47,4,,1,113,,32326,48,4,,1,104,,32323,48,4,,1,104,,32327,48,4,,1,103,,32324,48,4,,1,100,,32329,48,4,,1,98,,32325,48,4,,1,100,,32330,48,4,,1,98,,32322,48,4,,1,100,,32328,48,4,,1,100,,32321,48,4,,1,97,,32331,48,4,,1,99,,32332,48,4,,1,97,,32333,48,4,,1,100,,32334,48,4,,1
27101,'KP:321:0:Weekday:1:26SEP:12345',1032,,32335,47,4,,1,204,,32336,47,4,,1,205,,32339,47,4,,1,209,,32337,47,4,,1,194,,32340,47,4,,1
27101,'KP:321:0:Weekday:2:26SEP:12345',1032,,32341,48,4,,1,204,,32342,48,4,,1,205,,32345,48,4,,1,209,,32343,48,4,,1,194,,32346,48,4,,1
