20101,'H:113:6:Sunday:3:26MAR:1234567',730,5,23762,12,,,1,100,5,23748,12,,,1,100,5,23750,12,,,1,90,5,23751,12,,,1,80,45,23753,12,,,1,40,5,23754,12,,,1,80,5,23752,12,,,1,80,45,23749,12,,,1,40,5,23756,12,,,1,80,5,23757,12,,,1,80,45,23758,12,,,1,40,5,23759,12,,,1,80,5,23755,12,,,1,80,45,23763,12,,,1,40,5,23764,12,,,1,80,5,23765,12,,,1,80,45,23766,12,,,1,40,5,23767,12,,,1,90,5,23760,12,,,1,100,5,23761,12,,,1
20101,'H:123:0:Weekday:3:26MAR:12345',555,5,23771,12,,,1,80,5,23772,12,,,1,80,5,23776,12,,,1,530,5,23777,12,,,1,270,5,23784,12,,,1,130,5,23778,12,,,1,70,5,23779,12,,,1,30,5,23780,12,,,1,70,5,23774,12,,,1,30,5,23775,12,,,1,70,5,23773,12,,,1,30,5,23768,12,,,1,70,5,23770,12,,,1,30,5,23769,12,,,1,70,5,23782,12,,,1,30,5,23783,12,,,1,70,5,23781,12,,,1
20101,'H:123:0:Weekday:4:26MAR:12345',555,5,23788,12,,,1,80,5,23789,12,,,1,80,5,23793,12,,,1,530,5,23794,12,,,1,270,5,23801,12,,,1,130,5,23795,12,,,1,70,5,23796,12,,,1,30,5,23797,12,,,1,70,5,23791,12,,,1,30,5,23792,12,,,1,70,5,23790,12,,,1,30,5,23785,12,,,1,70,5,23787,12,,,1,30,5,23786,12,,,1,70,5,23799,12,,,1,30,5,23800,12,,,1,70,5,23798,12,,,1
20101,'H:173:5:Saturday:3:26MAR:6',730,5,23808,12,,,1,100,5,23802,12,,,1,100,5,23803,12,,,1,90,5,23814,12,,,1,80,45,23807,12,,,1,40,5,23804,12,,,1,80,5,23805,12,,,1,80,45,23816,12,,,1,40,5,23810,12,,,1,80,5,23806,12,,,1,80,45,23809,12,,,1,40,5,23815,12,,,1,80,5,23812,12,,,1,80,45,23818,12,,,1,40,5,23819,12,,,1,80,5,23820,12,,,1,80,45,23821,12,,,1,40,5,23822,12,,,1,90,5,23813,12,,,1,100,5,23811,12,,,1,100,5,23817,12,,,1
20101,'KP:323:0:Weekday:3:26MAR:12345',745,5,23837,12,,,1,70,5,23838,12,,,1,30,5,23833,12,,,1,70,5,23823,12,,,1,30,5,23835,12,,,1,70,5,23830,12,,,1,30,5,23827,12,,,1,70,5,23836,12,,,1,30,5,23832,12,,,1,70,5,23824,12,,,1,100,5,23831,12,,,1,30,5,23826,12,,,1,70,5,23829,12,,,1,30,5,23834,12,,,1,100,5,23825,12,,,1,70,5,23828,12,,,1
20101,'KP:323:0:Weekday:4:26MAR:12345',745,5,23853,12,,,1,70,5,23854,12,,,1,30,5,23849,12,,,1,70,5,23839,12,,,1,30,5,23851,12,,,1,70,5,23846,12,,,1,30,5,23843,12,,,1,70,5,23852,12,,,1,30,5,23848,12,,,1,70,5,23840,12,,,1,100,5,23847,12,,,1,30,5,23842,12,,,1,70,5,23845,12,,,1,30,5,23850,12,,,1,100,5,23841,12,,,1,70,5,23844,12,,,1
20201,'H:113:6:Sunday:3:26MAR:1234567',640,5,23987,12,,,1,160,45,23968,12,,,1,100,45,23969,12,,,1,100,45,23971,12,,,1,40,5,23972,12,,,1,80,5,23970,12,,,1,80,45,23974,12,,,1,40,5,23973,12,,,1,80,5,23975,12,,,1,80,45,23976,12,,,1,40,5,23977,12,,,1,80,5,23979,12,,,1,80,45,23978,12,,,1,40,5,23980,12,,,1,80,5,23982,12,,,1,80,45,23983,12,,,1,40,5,23984,12,,,1,80,5,23985,12,,,1,80,45,23986,12,,,1,100,45,23981,12,,,1
20201,'H:123:0:Weekday:3:26MAR:12345',455,5,23988,12,,,1,80,5,23989,12,,,1,120,5,24004,12,,,1,675,5,23994,12,,,1,100,5,24003,12,,,1,70,45,23996,12,,,1,100,45,23997,12,,,1,30,5,23995,12,,,1,70,45,23998,12,,,1,30,5,23999,12,,,1,70,45,24000,12,,,1,30,5,24001,12,,,1,70,45,24002,12,,,1,30,5,23993,12,,,1,70,45,23991,12,,,1,30,5,23990,12,,,1,70,45,24005,12,,,1,30,5,24006,12,,,1,70,45,24007,12,,,1,51,5,23992,12,,,1
20201,'H:123:0:Weekday:4:26MAR:12345',455,5,24008,12,,,1,80,5,24009,12,,,1,120,5,24024,12,,,1,675,5,24014,12,,,1,100,5,24023,12,,,1,70,45,24016,12,,,1,100,45,24017,12,,,1,30,5,24015,12,,,1,70,45,24018,12,,,1,30,5,24019,12,,,1,70,45,24020,12,,,1,30,5,24021,12,,,1,70,45,24022,12,,,1,30,5,24013,12,,,1,70,45,24011,12,,,1,30,5,24010,12,,,1,70,45,24025,12,,,1,30,5,24026,12,,,1,70,45,24027,12,,,1,51,5,24012,12,,,1
20201,'H:173:5:Saturday:3:26MAR:6',610,5,24049,12,,,1,30,5,24042,12,,,1,160,45,24033,12,,,1,100,45,24035,12,,,1,100,45,24041,12,,,1,40,5,24030,12,,,1,80,5,24029,12,,,1,80,45,24038,12,,,1,40,5,24039,12,,,1,80,5,24031,12,,,1,80,45,24028,12,,,1,40,5,24032,12,,,1,80,5,24034,12,,,1,80,45,24036,12,,,1,40,5,24037,12,,,1,80,5,24044,12,,,1,80,45,24045,12,,,1,40,5,24046,12,,,1,80,5,24047,12,,,1,80,45,24048,12,,,1,100,45,24040,12,,,1,100,45,24043,12,,,1
20201,'KP:323:0:Weekday:3:26MAR:12345',615,5,24061,12,,,1,115,5,24062,12,,,1,70,45,24059,12,,,1,30,5,24064,12,,,1,70,45,24052,12,,,1,30,5,24055,12,,,1,70,45,24057,12,,,1,30,5,24060,12,,,1,70,45,24063,12,,,1,30,5,24058,12,,,1,70,45,24050,12,,,1,30,5,24053,12,,,1,70,45,24056,12,,,1,100,45,24054,12,,,1,130,5,24051,12,,,1
20201,'KP:323:0:Weekday:4:26MAR:12345',615,5,24076,12,,,1,115,5,24077,12,,,1,70,45,24074,12,,,1,30,5,24079,12,,,1,70,45,24067,12,,,1,30,5,24070,12,,,1,70,45,24072,12,,,1,30,5,24075,12,,,1,70,45,24078,12,,,1,30,5,24073,12,,,1,70,45,24065,12,,,1,30,5,24068,12,,,1,70,45,24071,12,,,1,100,45,24069,12,,,1,130,5,24066,12,,,1
