27000,'H:121:0:Weekday:1:26SEP:12345',435,,32145,2,,,1,110,,32146,2,,,1,100,,32148,2,,,1,1500,,32147,2,,,1
27001,'H:121:0:Weekday:1:26SEP:12345',620,,32157,32,,,1
27100,'H:111:6:Sunday:1:26SEP:1234567',655,,32161,2,,,1,100,,32162,2,,,1,100,,32172,2,,,1,100,,32163,2,,,1,100,,32164,2,,,1,100,,32165,2,,,1,100,,32166,2,,,1,100,,32167,2,,,1,100,,32174,2,,,1,100,,32168,2,,,1,100,,32169,2,,,1,100,,32170,2,,,1,100,,32171,2,,,1,100,,32173,2,,,1
27100,'H:121:0:Weekday:1:26SEP:12345',810,,32190,2,,,1,100,,32191,2,,,1,100,,32199,2,,,1,200,,32192,2,,,1,200,,32193,2,,,1,200,,32194,2,,,1,200,,32195,2,,,1,200,,32196,2,,,1,100,,32197,2,,,1
27100,'H:171:5:Saturday:1:26SEP:6',655,,32220,2,,,1,100,,32212,2,,,1,100,,32221,2,,,1,100,,32213,2,,,1,100,,32219,2,,,1,100,,32211,2,,,1,100,,32218,2,,,1,100,,32214,2,,,1,100,,32222,2,,,1,100,,32215,2,,,1,100,,32217,2,,,1,100,,32216,2,,,1,100,,32223,2,,,1,100,,32224,2,,,1,100,,32225,2,,,1
27100,'KP:321:0:Weekday:1:26SEP:12345',740,,32241,2,,,1,370,,32242,2,,,1,200,,32243,2,,,1,200,,32245,2,,,1,200,,32244,2,,,1,200,,32247,2,,,1
27101,'H:111:6:Sunday:1:26SEP:1234567',812,,32268,45,,,1,111,,32258,45,,,1,104,,32255,45,,,1,102,,32256,45,,,1,101,,32257,45,,,1,100,,32259,45,,,1,100,,32266,45,,,1,101,,32260,45,,,1,100,,32261,45,,,1,100,,32263,45,,,1,98,,32262,45,,,1,98,,32264,45,,,1,99,,32267,45,,,1,100,,32265,45,,,1
27101,'H:121:0:Weekday:1:26SEP:12345',730,,32283,45,,,1,101,,32284,45,,,1,100,,32293,45,,,1,199,,32285,45,,,1,209,,32286,45,,,1,206,,32287,45,,,1,202,,32288,45,,,1,188,,32289,45,,,1,95,,32290,45,,,1,97,,32291,45,,,1,100,,32292,45,,,1
27101,'H:171:5:Saturday:1:26SEP:6',814,,32305,45,,,1,113,,32311,45,,,1,104,,32308,45,,,1,104,,32312,45,,,1,103,,32309,45,,,1,100,,32314,45,,,1,98,,32310,45,,,1,100,,32315,45,,,1,98,,32307,45,,,1,100,,32313,45,,,1,100,,32306,45,,,1,97,,32316,45,,,1,99,,32317,45,,,1,97,,32318,45,,,1,100,,32319,45,,,1
27101,'KP:321:0:Weekday:1:26SEP:12345',1030,,32335,45,,,1,204,,32336,45,,,1,205,,32339,45,,,1,209,,32337,45,,,1,194,,32340,45,,,1
