10901,'H:113:6:Sunday:2:26MAR:1234567',750,,17493,1,,,1,100,,17505,1,,,1,100,,17497,1,,,1,100,,17502,1,,,1,100,,17494,1,,,1,100,,17495,1,,,1,100,,17503,1,,,1,100,,17498,1,,,1,100,,17501,1,,,1,100,,17496,1,,,1,100,,17499,1,,,1,100,,17504,1,,,1,100,,17500,1,,,1,100,,17506,1,,,1
10901,'H:123:0:Weekday:2:26MAR:12345',450,,17508,1,,,1,100,,17518,1,,,1,100,,17519,1,,,1,100,,17522,1,,,1,100,,17524,1,,,1,100,,17514,1,,,1,100,,17517,1,,,1,90,,17513,1,,,1,100,,17512,1,,,1,95,,17523,1,,,1,100,,17516,1,,,1,100,,17511,1,,,1,100,,17521,1,,,1,105,,17515,1,,,1,100,,17520,1,,,1,110,,17509,1,,,1,150,,17510,1,,,1,100,,17507,1,,,1
10901,'H:173:5:Saturday:2:26MAR:6',650,,17525,1,,,1,100,,17538,1,,,1,100,,17531,1,,,1,100,,17536,1,,,1,100,,17527,1,,,1,100,,17526,1,,,1,100,,17539,1,,,1,100,,17530,1,,,1,100,,17534,1,,,1,100,,17528,1,,,1,100,,17529,1,,,1,100,,17537,1,,,1,100,,17532,1,,,1,100,,17535,1,,,1,100,,17533,1,,,1
11200,'H:113:6:Sunday:2:26MAR:1234567',655,,17544,1,,,1,70,,17559,1,,,1,29,,17545,1,,,1,70,,17560,1,,,1,29,,17546,1,,,1,69,,17561,1,,,1,30,,17547,1,,,1,70,,17562,1,,,1,30,,17550,1,,,1,69,,17563,1,,,1,30,,17551,1,,,1,70,,17564,1,,,1,30,,17553,1,,,1,70,,17565,1,,,1,30,,17549,1,,,1,70,,17566,1,,,1,30,,17548,1,,,1,70,,17567,1,,,1,30,,17554,1,,,1,70,,17568,1,,,1,30,,17552,1,,,1,70,,17569,1,,,1,31,,17555,1,,,1,100,,17556,1,,,1,101,,17557,1,,,1,100,,17558,1,,,1
11200,'H:123:0:Weekday:2:26MAR:12345',502,,17587,1,,,1,30,,17588,1,,,1,69,,17571,1,,,1,99,,17573,1,,,1,20,,17597,1,,,1,20,,17602,1,,,1,19,,17572,1,,,1,59,,17599,1,,,1,20,,17603,1,,,1,20,,17570,1,,,1,71,,17596,1,,,1,30,,17574,1,,,1,70,,17589,1,,,1,30,,17575,1,,,1,70,,17591,1,,,1,30,,17576,1,,,1,69,,17593,1,,,1,29,,17577,1,,,1,70,,17592,1,,,1,30,,17578,1,,,1,60,,17595,1,,,1,20,,17604,1,,,1,19,,17579,1,,,1,60,,17600,1,,,1,20,,17605,1,,,1,20,,17582,1,,,1,59,,17598,1,,,1,20,,17606,1,,,1,20,,17583,1,,,1,70,,17601,1,,,1,30,,17580,1,,,1,72,,17590,1,,,1,30,,17581,1,,,1,72,,17594,1,,,1,71,,17584,1,,,1,101,,17585,1,,,1,100,,17586,1,,,1
11200,'H:173:5:Saturday:2:26MAR:6',654,,17610,1,,,1,70,,17630,1,,,1,30,,17612,1,,,1,70,,17629,1,,,1,29,,17609,1,,,1,69,,17627,1,,,1,30,,17607,1,,,1,70,,17633,1,,,1,30,,17611,1,,,1,69,,17631,1,,,1,30,,17613,1,,,1,70,,17626,1,,,1,29,,17614,1,,,1,70,,17622,1,,,1,30,,17616,1,,,1,70,,17625,1,,,1,30,,17618,1,,,1,70,,17632,1,,,1,30,,17615,1,,,1,70,,17628,1,,,1,30,,17619,1,,,1,71,,17623,1,,,1,30,,17617,1,,,1,70,,17624,1,,,1,30,,17620,1,,,1,101,,17621,1,,,1,101,,17608,1,,,1
11200,'KP:323:0:Weekday:2:26MAR:12345',630,,17634,1,,,1
11900,'H:113:6:Sunday:2:26MAR:1234567',755,,18014,1,,,1,100,,18005,1,,,1,100,,18007,1,,,1,100,,18009,1,,,1,100,,18015,1,,,1,100,,18010,1,,,1,100,,18011,1,,,1,100,,18008,1,,,1,100,,18013,1,,,1,100,,18006,1,,,1,100,,18016,1,,,1,100,,18012,1,,,1,100,,18017,1,,,1
11900,'H:123:0:Weekday:2:26MAR:12345',555,,18028,1,,,1,70,,18034,1,,,1,20,,18023,1,,,1,80,,18035,1,,,1,30,,18020,1,,,1,70,,18036,1,,,1,30,,18019,1,,,1,70,,18040,1,,,1,30,,18031,1,,,1,70,,18041,1,,,1,30,,18032,1,,,1,70,,18042,1,,,1,30,,18029,1,,,1,70,,18043,1,,,1,30,,18030,1,,,1,70,,18044,1,,,1,30,,18033,1,,,1,70,,18045,1,,,1,30,,18027,1,,,1,70,,18039,1,,,1,30,,18021,1,,,1,70,,18037,1,,,1,30,,18024,1,,,1,70,,18038,1,,,1,30,,18026,1,,,1,100,,18025,1,,,1,100,,18018,1,,,1,100,,18022,1,,,1,100,,18046,1,,,1
11900,'H:173:5:Saturday:2:26MAR:6',555,,18047,1,,,1,100,,18048,1,,,1,100,,18049,1,,,1,100,,18050,1,,,1,100,,18051,1,,,1,100,,18052,1,,,1,100,,18055,1,,,1,100,,18053,1,,,1,100,,18057,1,,,1,100,,18054,1,,,1,100,,18056,1,,,1,100,,18059,1,,,1,100,,18060,1,,,1,100,,18058,1,,,1,100,,18061,1,,,1,100,,18062,1,,,1
12100,'H:113:6:Sunday:2:26MAR:1234567',655,,18245,1,,,1,100,,18246,1,,,1,100,,18247,1,,,1,100,,18248,1,,,1,100,,18249,1,,,1,100,,18250,1,,,1,100,,18251,1,,,1,100,,18252,1,,,1,100,,18253,1,,,1,100,,18254,1,,,1,100,,18255,1,,,1,100,,18256,1,,,1,100,,18257,1,,,1,100,,18258,1,,,1
12100,'H:123:0:Weekday:2:26MAR:12345',525,,18277,1,,,1,25,,18275,1,,,1,65,,18282,1,,,1,25,,18276,1,,,1,65,,18281,1,,,1,25,,18273,1,,,1,25,,18278,1,,,1,70,,18283,1,,,1,25,,18285,1,,,1,70,,18279,1,,,1,95,,18280,1,,,1,90,,18274,1,,,1,50,,18266,1,,,1,90,,18272,1,,,1,90,,18264,1,,,1,95,,18270,1,,,1,100,,18271,1,,,1,70,,18267,1,,,1,30,,18269,1,,,1,75,,18268,1,,,1,35,,18265,1,,,1,70,,18259,1,,,1,30,,18284,1,,,1,75,,18263,1,,,1,100,,18262,1,,,1,100,,18260,1,,,1,100,,18261,1,,,1
12100,'H:173:5:Saturday:2:26MAR:6',555,,18287,1,,,1,100,,18288,1,,,1,100,,18289,1,,,1,100,,18286,1,,,1,100,,18290,1,,,1,100,,18291,1,,,1,100,,18292,1,,,1,100,,18293,1,,,1,100,,18294,1,,,1,100,,18295,1,,,1,100,,18296,1,,,1,100,,18297,1,,,1,100,,18298,1,,,1,100,,18299,1,,,1,100,,18300,1,,,1
12100,'KP:323:0:Weekday:2:26MAR:12345',1500,,18301,1,,,1
16600,'H:113:6:Sunday:2:26MAR:1234567',653,,18487,28,,,1,98,,18488,28,,,1,99,,18489,28,,,1,98,,18490,28,,,1,98,,18491,28,,,1,98,,18492,28,,,1,99,,18493,28,,,1,99,,18494,28,,,1,100,,18495,28,,,1,101,,18496,28,,,1,101,,18497,28,,,1,102,,18498,28,,,1,101,,18499,28,,,1,101,,18500,28,,,1,101,,18501,28,,,1,101,,18502,28,,,1
16600,'H:123:0:Weekday:2:26MAR:12345',500,,18525,28,,,1,30,,18514,28,,,1,27,,18523,28,,,1,70,,18513,28,,,1,29,,18526,28,,,1,70,,18508,28,,,1,29,,18518,28,,,1,70,,18507,28,,,1,99,,18506,28,,,1,100,,18505,28,,,1,100,,18504,28,,,1,29,,18515,28,,,1,198,,18520,28,,,1,99,,18519,28,,,1,99,,18517,28,,,1,69,,18511,28,,,1,29,,18516,28,,,1,173,,18503,28,,,1,31,,18522,28,,,1,73,,18510,28,,,1,31,,18509,28,,,1,100,,18512,28,,,1,102,,18521,28,,,1,102,,18524,28,,,1
16600,'H:173:5:Saturday:2:26MAR:6',553,,18527,28,,,1,99,,18528,28,,,1,98,,18530,28,,,1,99,,18531,28,,,1,96,,18532,28,,,1,100,,18529,28,,,1,98,,18533,28,,,1,98,,18535,28,,,1,99,,18536,28,,,1,99,,18540,28,,,1,101,,18538,28,,,1,101,,18541,28,,,1,102,,18539,28,,,1,101,,18537,28,,,1,104,,18542,28,,,1,101,,18534,28,,,1,101,,18543,28,,,1
16600,'KP:323:0:Weekday:2:26MAR:12345',855,,18552,28,,,1,99,,18548,28,,,1,100,,18544,28,,,1,167,,18550,28,,,1,30,,18547,28,,,1,70,,18551,28,,,1,99,,18549,28,,,1,99,,18545,28,,,1,198,,18553,28,,,1,32,,18546,28,,,1
16601,'H:113:6:Sunday:2:26MAR:1234567',723,,18554,35,,,1,101,,18555,35,,,1,101,,18556,35,,,1,102,,18557,35,,,1,101,,18558,35,,,1,101,,18559,35,,,1,101,,18560,35,,,1,100,,18561,35,,,1,100,,18562,35,,,1,100,,18563,35,,,1,100,,18565,35,,,1,99,,18567,35,,,1,99,,18564,35,,,1,99,,18568,35,,,1,99,,18566,35,,,1
16601,'H:123:0:Weekday:2:26MAR:12345',531,,18581,35,,,1,71,,18590,35,,,1,31,,18582,35,,,1,70,,18577,35,,,1,101,,18575,35,,,1,31,,18591,35,,,1,70,,18574,35,,,1,100,,18573,35,,,1,30,,18583,35,,,1,201,,18584,35,,,1,102,,18585,35,,,1,100,,18586,35,,,1,71,,18572,35,,,1,132,,18587,35,,,1,70,,18578,35,,,1,99,,18571,35,,,1,29,,18588,35,,,1,97,,18580,35,,,1,70,,18570,35,,,1,30,,18569,35,,,1,99,,18576,35,,,1,98,,18579,35,,,1,99,,18589,35,,,1
16601,'H:173:5:Saturday:2:26MAR:6',623,,18594,35,,,1,101,,18592,35,,,1,102,,18593,35,,,1,101,,18596,35,,,1,101,,18599,35,,,1,101,,18595,35,,,1,101,,18600,35,,,1,100,,18598,35,,,1,102,,18597,35,,,1,101,,18602,35,,,1,100,,18603,35,,,1,99,,18604,35,,,1,99,,18601,35,,,1,99,,18605,35,,,1,98,,18606,35,,,1,99,,18607,35,,,1,98,,18608,35,,,1
16601,'KP:323:0:Weekday:2:26MAR:12345',734,,18617,35,,,1,201,,18609,35,,,1,171,,18619,35,,,1,30,,18612,35,,,1,70,,18618,35,,,1,102,,18614,35,,,1,100,,18610,35,,,1,131,,18616,35,,,1,71,,18611,35,,,1,133,,18613,35,,,1,165,,18615,35,,,1
