27001,'H:123:0:Weekday:3:26MAR:12345',526,,24620,2,,,1,120,,24618,2,0,5,1,1000,,24619,2,0,5,1
27001,'H:123:0:Weekday:4:26MAR:12345',526,,24623,2,,,1,120,,24621,2,0,5,1,1000,,24622,2,0,5,1
27001,'KP:323:0:Weekday:3:26MAR:12345',546,,24624,2,0,5,1
27001,'KP:323:0:Weekday:4:26MAR:12345',546,,24625,2,0,5,1
27101,'H:113:6:Sunday:3:26MAR:1234567',706,,24704,2,,,1,110,,24694,2,,,1,100,,24691,2,,,1,100,,24692,2,,,1,100,,24693,2,,,1,100,,24695,2,,,1,100,,24702,2,,,1,100,,24696,2,,,1,100,,24697,2,,,1,100,,24699,2,,,1,100,,24698,2,,,1,100,,24700,2,,,1,100,,24703,2,,,1,100,,24701,2,,,1
27101,'H:123:0:Weekday:3:26MAR:12345',616,,24705,2,,,1,400,,24706,2,,,1,100,,24717,2,,,1,100,,24707,2,,,1,100,,24709,2,,,1,100,,24708,2,,,1,100,,24710,2,,,1,100,,24715,2,,,1,100,,24711,2,,,1,100,,24712,2,,,1,100,,24713,2,,,1,100,,24716,2,,,1,100,,24714,2,,,1
27101,'H:123:0:Weekday:4:26MAR:12345',616,,24718,2,,,1,400,,24719,2,,,1,100,,24730,2,,,1,100,,24720,2,,,1,100,,24722,2,,,1,100,,24721,2,,,1,100,,24723,2,,,1,100,,24728,2,,,1,100,,24724,2,,,1,100,,24725,2,,,1,100,,24726,2,,,1,100,,24729,2,,,1,100,,24727,2,,,1
27101,'H:173:5:Saturday:3:26MAR:6',706,,24731,2,,,1,110,,24737,2,,,1,100,,24734,2,,,1,100,,24738,2,,,1,100,,24735,2,,,1,100,,24740,2,,,1,100,,24736,2,,,1,100,,24741,2,,,1,100,,24733,2,,,1,100,,24739,2,,,1,100,,24732,2,,,1,100,,24742,2,,,1,100,,24743,2,,,1,100,,24744,2,,,1,100,,24745,2,,,1
27101,'KP:323:0:Weekday:3:26MAR:12345',716,,24746,2,,,1,100,,24748,2,,,1,100,,24747,2,,,1
27101,'KP:323:0:Weekday:4:26MAR:12345',716,,24749,2,,,1,100,,24751,2,,,1,100,,24750,2,,,1
28001,'H:113:6:Sunday:3:26MAR:1234567',731,,24828,2,,,1,100,,24827,2,,,1,100,,24829,2,,,1,100,,24838,2,,,1,100,,24830,2,,,1,100,,24831,2,,,1,100,,24832,2,,,1,100,,24833,2,,,1,100,,24834,2,,,1,100,,24839,2,,,1,100,,24836,2,,,1,100,,24835,2,,,1,100,,24837,2,,,1
28001,'H:123:0:Weekday:3:26MAR:12345',601,,24841,2,,,1,100,,24840,2,,,1,100,,24842,2,,,1,25,,24853,2,0,8 7,1,75,,24856,2,,,1,100,,24843,2,,,1,200,,24844,2,,,1,200,,24845,2,,,1,20,,24855,2,0,8 7,1,100,,24852,2,0,8 7,1,35,,24851,2,,,1,65,,24846,2,0,8 7,1,35,,24847,2,,,1,100,,24848,2,,,1,65,,24854,2,0,8 7,1,35,,24849,2,,,1,145,,24850,2,,,1
28001,'H:123:0:Weekday:4:26MAR:12345',601,,24858,2,,,1,100,,24857,2,,,1,100,,24859,2,,,1,25,,24870,2,0,8 7,1,75,,24873,2,,,1,100,,24860,2,,,1,200,,24861,2,,,1,200,,24862,2,,,1,20,,24872,2,0,8 7,1,100,,24869,2,0,8 7,1,35,,24868,2,,,1,65,,24863,2,0,8 7,1,35,,24864,2,,,1,100,,24865,2,,,1,65,,24871,2,0,8 7,1,35,,24866,2,,,1,145,,24867,2,,,1
28001,'H:173:5:Saturday:3:26MAR:6',731,,24882,2,,,1,100,,24874,2,,,1,100,,24885,2,,,1,100,,24880,2,,,1,100,,24883,2,,,1,100,,24881,2,,,1,100,,24879,2,,,1,100,,24876,2,,,1,100,,24878,2,,,1,100,,24875,2,,,1,100,,24877,2,,,1,100,,24884,2,,,1,100,,24886,2,,,1
28001,'KP:323:0:Weekday:3:26MAR:12345',726,,24891,2,0,8 7,1,375,,24887,2,,,1,200,,24890,2,,,1,155,,24888,2,,,1,265,,24889,2,0,8 7,1
28001,'KP:323:0:Weekday:4:26MAR:12345',726,,24896,2,0,8 7,1,375,,24892,2,,,1,200,,24895,2,,,1,155,,24893,2,,,1,265,,24894,2,0,8 7,1
90701,'H:123:0:Weekday:3:26MAR:12345',1440,,27045,8,,,1,67,,27046,8,,,1,37,,27047,8,,,1,90,,27044,8,,,1
90701,'H:123:0:Weekday:4:26MAR:12345',1440,,27049,8,,,1,67,,27050,8,,,1,37,,27051,8,,,1,90,,27048,8,,,1
