10901,'H:111:6:Sunday:1:26SEP:1234567',819,,28503,26,,,1,101,,28515,26,,,1,102,,28507,26,,,1,100,,28512,26,,,1,101,,28504,26,,,1,100,,28505,26,,,1,100,,28513,26,,,1,101,,28508,26,,,1,100,,28511,26,,,1,100,,28506,26,,,1,98,,28509,26,,,1,100,,28514,26,,,1,100,,28510,26,,,1,99,,28516,26,,,1
10901,'H:121:0:Weekday:1:26SEP:12345',518,,28532,26,,,1,102,,28542,26,,,1,105,,28543,26,,,1,99,,28546,26,,,1,100,,28548,26,,,1,99,,28538,26,,,1,100,,28541,26,,,1,91,,28537,26,,,1,103,,28536,26,,,1,96,,28547,26,,,1,100,,28540,26,,,1,103,,28535,26,,,1,102,,28545,26,,,1,100,,28539,26,,,1,98,,28544,26,,,1,106,,28533,26,,,1,109,,28534,26,,,1,99,,28531,26,,,1
10901,'H:171:5:Saturday:1:26SEP:6',720,,28567,26,,,1,102,,28580,26,,,1,100,,28573,26,,,1,101,,28578,26,,,1,100,,28569,26,,,1,101,,28568,26,,,1,102,,28581,26,,,1,100,,28572,26,,,1,100,,28576,26,,,1,100,,28570,26,,,1,100,,28571,26,,,1,99,,28579,26,,,1,98,,28574,26,,,1,100,,28577,26,,,1,99,,28575,26,,,1
27000,'H:121:0:Weekday:1:26SEP:12345',512,,32145,27,,,1,113,,32146,27,,,1,101,,32148,27,,,1,1497,,32147,27,,,1
27000,'KP:321:0:Weekday:1:26SEP:12345',1820,,32153,12,,,1
27100,'H:111:6:Sunday:1:26SEP:1234567',746,,32161,41,,,1,100,,32162,41,,,1,102,,32172,41,,,1,101,,32163,41,,,1,100,,32164,41,,,1,102,,32165,41,,,1,101,,32166,41,,,1,101,,32167,41,,,1,100,,32174,41,,,1,100,,32168,41,,,1,98,,32169,41,,,1,100,,32170,41,,,1,98,,32171,41,,,1,98,,32173,41,,,1
27100,'H:121:0:Weekday:1:26SEP:12345',659,,32198,27,,,1,142,,32189,27,,,1,104,,32190,41,,,1,101,,32191,41,,,1,101,,32199,41,,,1,199,,32192,41,,,1,204,,32193,41,,,1,200,,32194,41,,,1,193,,32195,41,,,1,198,,32196,41,,,1,100,,32197,41,,,1
27100,'H:171:5:Saturday:1:26SEP:6',747,,32220,41,,,1,100,,32212,41,,,1,104,,32221,41,,,1,101,,32213,41,,,1,101,,32219,41,,,1,100,,32211,41,,,1,100,,32218,41,,,1,100,,32214,41,,,1,100,,32222,41,,,1,99,,32215,41,,,1,99,,32217,41,,,1,98,,32216,41,,,1,99,,32223,41,,,1,100,,32224,41,,,1,100,,32225,41,,,1
27100,'KP:321:0:Weekday:1:26SEP:12345',551,,32246,27,,,1,284,,32241,41,,,1,371,,32242,41,,,1,201,,32243,41,,,1,206,,32245,41,,,1,195,,32244,41,,,1,193,,32247,41,,,1
90801,'H:121:0:Weekday:1:26SEP:12345',1847,,35427,24,,,1
90801,'KP:321:0:Weekday:1:26SEP:12345',1641,,35429,24,,,1,88,,35431,24,,,1,86,,35432,24,,,1,109,,35430,24,,,1
