20101,'H:113:6:Sunday:3:26MAR:1234567',704,,23762,1,,,1,100,,23748,1,,,1,100,,23750,1,,,1,50,,23751,1,,,1,80,,23753,1,,,1,80,,23754,1,,,1,40,,23752,1,,,1,79,,23749,1,,,1,80,,23756,1,,,1,40,,23757,1,,,1,80,,23758,1,,,1,80,,23759,1,,,1,40,,23755,1,,,1,80,,23763,1,,,1,80,,23764,1,,,1,40,,23765,1,,,1,80,,23766,1,,,1,80,,23767,1,,,1,91,,23760,1,,,1,100,,23761,1,,,1
20101,'H:123:0:Weekday:3:26MAR:12345',528,,23771,1,,,1,80,,23772,1,,,1,39,,23776,1,,,1,570,,23777,1,,,1,226,,23784,1,,,1,168,,23778,1,,,1,30,,23779,1,,,1,71,,23780,1,,,1,32,,23774,1,,,1,70,,23775,1,,,1,31,,23773,1,,,1,72,,23768,1,,,1,31,,23770,1,,,1,70,,23769,1,,,1,30,,23782,1,,,1,70,,23783,1,,,1,30,,23781,1,,,1
20101,'H:123:0:Weekday:4:26MAR:12345',528,,23788,1,,,1,80,,23789,1,,,1,39,,23793,1,,,1,570,,23794,1,,,1,226,,23801,1,,,1,168,,23795,1,,,1,30,,23796,1,,,1,71,,23797,1,,,1,32,,23791,1,,,1,70,,23792,1,,,1,31,,23790,1,,,1,72,,23785,1,,,1,31,,23787,1,,,1,70,,23786,1,,,1,30,,23799,1,,,1,70,,23800,1,,,1,30,,23798,1,,,1
20101,'H:173:5:Saturday:3:26MAR:6',704,,23808,1,,,1,100,,23802,1,,,1,100,,23803,1,,,1,49,,23814,1,,,1,79,,23807,1,,,1,80,,23804,1,,,1,40,,23805,1,,,1,80,,23816,1,,,1,80,,23810,1,,,1,40,,23806,1,,,1,80,,23809,1,,,1,80,,23815,1,,,1,40,,23812,1,,,1,80,,23818,1,,,1,80,,23819,1,,,1,40,,23820,1,,,1,81,,23821,1,,,1,80,,23822,1,,,1,90,,23813,1,,,1,101,,23811,1,,,1,100,,23817,1,,,1
20101,'KP:323:0:Weekday:3:26MAR:12345',717,,23837,1,,,1,30,,23838,1,,,1,70,,23833,1,,,1,30,,23823,1,,,1,70,,23835,1,,,1,30,,23830,1,,,1,70,,23827,1,,,1,30,,23836,1,,,1,70,,23832,1,,,1,30,,23824,1,,,1,100,,23831,1,,,1,70,,23826,1,,,1,28,,23829,1,,,1,69,,23834,1,,,1,97,,23825,1,,,1,30,,23828,1,,,1
20101,'KP:323:0:Weekday:4:26MAR:12345',717,,23853,1,,,1,30,,23854,1,,,1,70,,23849,1,,,1,30,,23839,1,,,1,70,,23851,1,,,1,30,,23846,1,,,1,70,,23843,1,,,1,30,,23852,1,,,1,70,,23848,1,,,1,30,,23840,1,,,1,100,,23847,1,,,1,70,,23842,1,,,1,28,,23845,1,,,1,69,,23850,1,,,1,97,,23841,1,,,1,30,,23844,1,,,1
20201,'H:113:6:Sunday:3:26MAR:1234567',614,,23987,1,,,1,120,,23968,1,,,1,100,,23969,1,,,1,100,,23971,1,,,1,80,,23972,1,,,1,40,,23970,1,,,1,80,,23974,1,,,1,79,,23973,1,,,1,40,,23975,1,,,1,80,,23976,1,,,1,80,,23977,1,,,1,40,,23979,1,,,1,80,,23978,1,,,1,80,,23980,1,,,1,40,,23982,1,,,1,80,,23983,1,,,1,80,,23984,1,,,1,40,,23985,1,,,1,80,,23986,1,,,1,101,,23981,1,,,1
20201,'H:123:0:Weekday:3:26MAR:12345',430,,23988,1,,,1,79,,23989,1,,,1,119,,24004,1,,,1,674,,23994,1,,,1,57,,24003,1,,,1,70,,23996,1,,,1,97,,23997,1,,,1,30,,23995,1,,,1,70,,23998,1,,,1,30,,23999,1,,,1,72,,24000,1,,,1,31,,24001,1,,,1,71,,24002,1,,,1,72,,23993,1,,,1,30,,23991,1,,,1,71,,23990,1,,,1,30,,24005,1,,,1,70,,24006,1,,,1,30,,24007,1,,,1,91,,23992,1,,,1
20201,'H:123:0:Weekday:4:26MAR:12345',430,,24008,1,,,1,79,,24009,1,,,1,119,,24024,1,,,1,674,,24014,1,,,1,57,,24023,1,,,1,70,,24016,1,,,1,97,,24017,1,,,1,30,,24015,1,,,1,70,,24018,1,,,1,30,,24019,1,,,1,72,,24020,1,,,1,31,,24021,1,,,1,71,,24022,1,,,1,72,,24013,1,,,1,30,,24011,1,,,1,71,,24010,1,,,1,30,,24025,1,,,1,70,,24026,1,,,1,30,,24027,1,,,1,91,,24012,1,,,1
20201,'H:173:5:Saturday:3:26MAR:6',544,,24049,1,,,1,70,,24042,1,,,1,120,,24033,1,,,1,100,,24035,1,,,1,100,,24041,1,,,1,79,,24030,1,,,1,39,,24029,1,,,1,80,,24038,1,,,1,80,,24039,1,,,1,40,,24031,1,,,1,80,,24028,1,,,1,80,,24032,1,,,1,40,,24034,1,,,1,80,,24036,1,,,1,80,,24037,1,,,1,40,,24044,1,,,1,80,,24045,1,,,1,80,,24046,1,,,1,41,,24047,1,,,1,80,,24048,1,,,1,100,,24040,1,,,1,101,,24043,1,,,1
20201,'KP:323:0:Weekday:3:26MAR:12345',548,,24061,1,,,1,154,,24062,1,,,1,30,,24059,1,,,1,70,,24064,1,,,1,30,,24052,1,,,1,70,,24055,1,,,1,30,,24057,1,,,1,70,,24060,1,,,1,30,,24063,1,,,1,70,,24058,1,,,1,30,,24050,1,,,1,70,,24053,1,,,1,30,,24056,1,,,1,99,,24054,1,,,1,126,,24051,1,,,1
20201,'KP:323:0:Weekday:4:26MAR:12345',548,,24076,1,,,1,154,,24077,1,,,1,30,,24074,1,,,1,70,,24079,1,,,1,30,,24067,1,,,1,70,,24070,1,,,1,30,,24072,1,,,1,70,,24075,1,,,1,30,,24078,1,,,1,70,,24073,1,,,1,30,,24065,1,,,1,70,,24068,1,,,1,30,,24071,1,,,1,99,,24069,1,,,1,126,,24066,1,,,1
