90301,'H:121:0:Weekday:1:26SEP:12345',1621,,35267,2,,,1,30,,35268,2,,,1
90301,'H:121:0:Weekday:2:26SEP:12345',1621,,35269,2,,,1,30,,35270,2,,,1
90301,'KP:321:0:Weekday:1:26SEP:12345',1525,,35276,2,,,1,31,,35273,2,,,1,164,,35271,2,,,1,30,,35277,2,,,1,75,,35275,2,,,1,34,,35274,2,,,1,75,,35272,2,,,1
90301,'KP:321:0:Weekday:2:26SEP:12345',1525,,35283,2,,,1,31,,35280,2,,,1,164,,35278,2,,,1,30,,35284,2,,,1,75,,35282,2,,,1,34,,35281,2,,,1,75,,35279,2,,,1
90401,'H:121:0:Weekday:1:26SEP:12345',1601,,35305,2,,,1,144,,35307,2,,,1,90,,35308,2,,,1,79,,35306,2,,,1
90401,'H:121:0:Weekday:2:26SEP:12345',1601,,35309,2,,,1,144,,35311,2,,,1,90,,35312,2,,,1,79,,35310,2,,,1
90401,'KP:321:0:Weekday:1:26SEP:12345',1459,,35314,2,,,1,61,,35313,2,,,1,111,,35317,2,,,1,70,,35316,2,,,1,29,,35315,2,,,1,85,,35318,2,,,1
90401,'KP:321:0:Weekday:2:26SEP:12345',1459,,35320,2,,,1,61,,35319,2,,,1,111,,35323,2,,,1,70,,35322,2,,,1,29,,35321,2,,,1,85,,35324,2,,,1
90501,'H:121:0:Weekday:1:26SEP:12345',1646,,35367,2,,,1,109,,35365,2,,,1,99,,35366,2,,,1,100,,35369,2,,,1,100,,35368,2,,,1
90501,'H:121:0:Weekday:2:26SEP:12345',1646,,35372,2,,,1,109,,35370,2,,,1,99,,35371,2,,,1,100,,35374,2,,,1,100,,35373,2,,,1
90501,'KP:321:0:Weekday:1:26SEP:12345',554,,35380,2,,,1,100,,35379,2,,,1,100,,35378,2,,,1,100,,35376,2,,,1,100,,35377,2,,,1,100,,35385,2,,,1,100,,35383,2,,,1,100,,35384,2,,,1,100,,35386,2,,,1,90,,35382,2,,,1,102,,35381,2,,,1,70,,35375,2,,,1,99,,35387,2,,,1
90501,'KP:321:0:Weekday:2:26SEP:12345',554,,35393,2,,,1,100,,35392,2,,,1,100,,35391,2,,,1,100,,35389,2,,,1,100,,35390,2,,,1,100,,35398,2,,,1,100,,35396,2,,,1,100,,35397,2,,,1,100,,35399,2,,,1,90,,35395,2,,,1,102,,35394,2,,,1,70,,35388,2,,,1,99,,35400,2,,,1
