12000,'H:113:6:Sunday:3:26MAR:1234567',739,,22891,16,,,1,100,,22892,16,,,1,100,,22893,16,,,1,99,,22890,16,,,1,100,,22894,16,,,1,98,,22895,16,,,1,100,,22896,16,,,1,100,,22897,16,,,1,100,,22898,16,,,1,100,,22899,16,,,1,100,,22900,16,,,1,100,,22901,16,,,1,102,,22889,16,,,1,100,,22902,16,,,1
12000,'H:123:0:Weekday:3:26MAR:12345',432,,22920,16,,,1,84,,22921,16,,,1,28,,22907,16,,,1,68,,22922,16,,,1,28,,22905,16,,,1,70,,22923,16,,,1,30,,22903,16,,,1,71,,22924,16,,,1,30,,22904,16,,,1,70,,22929,16,,,1,33,,22906,16,,,1,70,,22930,16,,,1,30,,22910,16,,,1,70,,22931,16,,,1,30,,22908,16,,,1,70,,22932,16,,,1,29,,22911,16,,,1,69,,22933,16,,,1,30,,22909,16,,,1,70,,22934,16,,,1,29,,22913,16,,,1,67,,22925,16,,,1,29,,22914,16,,,1,70,,22926,16,,,1,30,,22912,16,,,1,71,,22927,16,,,1,31,,22919,16,,,1,70,,22928,16,,,1,34,,22917,16,,,1,99,,22918,16,,,1,101,,22915,16,,,1,101,,22916,16,,,1
12000,'H:123:0:Weekday:4:26MAR:12345',432,,22952,16,,,1,84,,22953,16,,,1,28,,22939,16,,,1,68,,22954,16,,,1,28,,22937,16,,,1,70,,22955,16,,,1,30,,22935,16,,,1,71,,22956,16,,,1,30,,22936,16,,,1,70,,22961,16,,,1,33,,22938,16,,,1,70,,22962,16,,,1,30,,22942,16,,,1,70,,22963,16,,,1,30,,22940,16,,,1,70,,22964,16,,,1,29,,22943,16,,,1,69,,22965,16,,,1,30,,22941,16,,,1,70,,22966,16,,,1,29,,22945,16,,,1,67,,22957,16,,,1,29,,22946,16,,,1,70,,22958,16,,,1,30,,22944,16,,,1,71,,22959,16,,,1,31,,22951,16,,,1,70,,22960,16,,,1,34,,22949,16,,,1,99,,22950,16,,,1,101,,22947,16,,,1,101,,22948,16,,,1
12000,'H:173:5:Saturday:3:26MAR:6',540,,22972,16,,,1,100,,22971,16,,,1,98,,22975,16,,,1,99,,22974,16,,,1,100,,22977,16,,,1,100,,22976,16,,,1,99,,22973,16,,,1,99,,22979,16,,,1,100,,22980,16,,,1,100,,22978,16,,,1,100,,22982,16,,,1,101,,22981,16,,,1,101,,22970,16,,,1,100,,22968,16,,,1,101,,22967,16,,,1,101,,22969,16,,,1,100,,22983,16,,,1
12100,'H:113:6:Sunday:3:26MAR:1234567',713,,23076,21,,,1,101,,23077,21,,,1,102,,23078,21,,,1,100,,23079,21,,,1,101,,23080,21,,,1,101,,23081,21,,,1,101,,23082,21,,,1,100,,23083,21,,,1,100,,23084,21,,,1,99,,23085,21,,,1,100,,23086,21,,,1,100,,23087,21,,,1,99,,23088,21,,,1,99,,23089,21,,,1
12100,'H:123:0:Weekday:3:26MAR:12345',543,,23108,21,,,1,66,,23106,21,,,1,25,,23113,21,,,1,67,,23107,21,,,1,27,,23112,21,,,1,27,,23104,21,,,1,66,,23109,21,,,1,30,,23114,21,,,1,63,,23116,21,,,1,30,,23110,21,,,1,94,,23111,21,,,1,90,,23105,21,,,1,90,,23097,21,,,1,90,,23103,21,,,1,50,,23095,21,,,1,96,,23101,21,,,1,102,,23102,21,,,1,73,,23098,21,,,1,72,,23100,21,,,1,37,,23099,21,,,1,73,,23096,21,,,1,25,,23090,21,,,1,69,,23115,21,,,1,34,,23094,21,,,1,96,,23093,21,,,1,100,,23091,21,,,1,99,,23092,21,,,1
12100,'H:123:0:Weekday:4:26MAR:12345',543,,23135,21,,,1,66,,23133,21,,,1,25,,23140,21,,,1,67,,23134,21,,,1,27,,23139,21,,,1,27,,23131,21,,,1,66,,23136,21,,,1,30,,23141,21,,,1,63,,23143,21,,,1,30,,23137,21,,,1,94,,23138,21,,,1,90,,23132,21,,,1,90,,23124,21,,,1,90,,23130,21,,,1,50,,23122,21,,,1,96,,23128,21,,,1,102,,23129,21,,,1,73,,23125,21,,,1,72,,23127,21,,,1,37,,23126,21,,,1,73,,23123,21,,,1,25,,23117,21,,,1,69,,23142,21,,,1,34,,23121,21,,,1,96,,23120,21,,,1,100,,23118,21,,,1,99,,23119,21,,,1
12100,'H:173:5:Saturday:3:26MAR:6',613,,23145,21,,,1,100,,23146,21,,,1,102,,23147,21,,,1,101,,23144,21,,,1,101,,23148,21,,,1,101,,23149,21,,,1,100,,23150,21,,,1,100,,23151,21,,,1,101,,23152,21,,,1,101,,23153,21,,,1,100,,23154,21,,,1,100,,23155,21,,,1,98,,23156,21,,,1,99,,23157,21,,,1,99,,23158,21,,,1
12100,'KP:323:0:Weekday:3:26MAR:12345',1526,,23159,21,,,1
12100,'KP:323:0:Weekday:4:26MAR:12345',1526,,23160,21,,,1
