27001,'H:123:0:Weekday:3:26MAR:12345',525,,24620,1,,,1,120,,24618,1,0,5,1,1000,,24619,1,0,5,1
27001,'H:123:0:Weekday:4:26MAR:12345',525,,24623,1,,,1,120,,24621,1,0,5,1,1000,,24622,1,0,5,1
27001,'KP:323:0:Weekday:3:26MAR:12345',545,,24624,1,0,5,1
27001,'KP:323:0:Weekday:4:26MAR:12345',545,,24625,1,0,5,1
27101,'H:113:6:Sunday:3:26MAR:1234567',705,,24704,1,,,1,110,,24694,1,,,1,100,,24691,1,,,1,100,,24692,1,,,1,100,,24693,1,,,1,100,,24695,1,,,1,100,,24702,1,,,1,100,,24696,1,,,1,100,,24697,1,,,1,100,,24699,1,,,1,100,,24698,1,,,1,100,,24700,1,,,1,100,,24703,1,,,1,100,,24701,1,,,1
27101,'H:123:0:Weekday:3:26MAR:12345',615,,24705,1,,,1,400,,24706,1,,,1,100,,24717,1,,,1,100,,24707,1,,,1,100,,24709,1,,,1,100,,24708,1,,,1,100,,24710,1,,,1,100,,24715,1,,,1,100,,24711,1,,,1,100,,24712,1,,,1,100,,24713,1,,,1,100,,24716,1,,,1,100,,24714,1,,,1
27101,'H:123:0:Weekday:4:26MAR:12345',615,,24718,1,,,1,400,,24719,1,,,1,100,,24730,1,,,1,100,,24720,1,,,1,100,,24722,1,,,1,100,,24721,1,,,1,100,,24723,1,,,1,100,,24728,1,,,1,100,,24724,1,,,1,100,,24725,1,,,1,100,,24726,1,,,1,100,,24729,1,,,1,100,,24727,1,,,1
27101,'H:173:5:Saturday:3:26MAR:6',705,,24731,1,,,1,110,,24737,1,,,1,100,,24734,1,,,1,100,,24738,1,,,1,100,,24735,1,,,1,100,,24740,1,,,1,100,,24736,1,,,1,100,,24741,1,,,1,100,,24733,1,,,1,100,,24739,1,,,1,100,,24732,1,,,1,100,,24742,1,,,1,100,,24743,1,,,1,100,,24744,1,,,1,100,,24745,1,,,1
27101,'KP:323:0:Weekday:3:26MAR:12345',715,,24746,1,,,1,100,,24748,1,,,1,100,,24747,1,,,1
27101,'KP:323:0:Weekday:4:26MAR:12345',715,,24749,1,,,1,100,,24751,1,,,1,100,,24750,1,,,1
