10901,'H:111:6:Sunday:1:26SEP:1234567',804,,28503,19,,,1,100,,28515,19,,,1,102,,28507,19,,,1,100,,28512,19,,,1,100,,28504,19,,,1,100,,28505,19,,,1,100,,28513,19,,,1,101,,28508,19,,,1,100,,28511,19,,,1,100,,28506,19,,,1,99,,28509,19,,,1,100,,28514,19,,,1,100,,28510,19,,,1,100,,28516,19,,,1
10901,'H:111:6:Sunday:2:26SEP:1234567',804,,28517,19,,,1,100,,28529,19,,,1,102,,28521,19,,,1,100,,28526,19,,,1,100,,28518,19,,,1,100,,28519,19,,,1,100,,28527,19,,,1,101,,28522,19,,,1,100,,28525,19,,,1,100,,28520,19,,,1,99,,28523,19,,,1,100,,28528,19,,,1,100,,28524,19,,,1,100,,28530,19,,,1
10901,'H:121:0:Weekday:1:26SEP:12345',503,,28532,19,,,1,101,,28542,19,,,1,102,,28543,19,,,1,101,,28546,19,,,1,100,,28548,19,,,1,99,,28538,19,,,1,100,,28541,19,,,1,51,,28537,19,,,1,102,,28536,19,,,1,95,,28547,19,,,1,100,,28540,19,,,1,101,,28535,19,,,1,101,,28545,19,,,1,144,,28539,19,,,1,59,,28544,19,,,1,147,,28533,19,,,1,109,,28534,19,,,1,100,,28531,19,,,1
10901,'H:121:0:Weekday:2:26SEP:12345',503,,28550,19,,,1,101,,28560,19,,,1,102,,28561,19,,,1,101,,28564,19,,,1,100,,28566,19,,,1,99,,28556,19,,,1,100,,28559,19,,,1,51,,28555,19,,,1,102,,28554,19,,,1,95,,28565,19,,,1,100,,28558,19,,,1,101,,28553,19,,,1,101,,28563,19,,,1,144,,28557,19,,,1,59,,28562,19,,,1,147,,28551,19,,,1,109,,28552,19,,,1,100,,28549,19,,,1
10901,'H:171:5:Saturday:1:26SEP:6',706,,28567,19,,,1,100,,28580,19,,,1,100,,28573,19,,,1,101,,28578,19,,,1,100,,28569,19,,,1,100,,28568,19,,,1,102,,28581,19,,,1,100,,28572,19,,,1,100,,28576,19,,,1,100,,28570,19,,,1,100,,28571,19,,,1,100,,28579,19,,,1,98,,28574,19,,,1,100,,28577,19,,,1,99,,28575,19,,,1
10901,'H:171:5:Saturday:2:26SEP:6',706,,28582,19,,,1,100,,28595,19,,,1,100,,28588,19,,,1,101,,28593,19,,,1,100,,28584,19,,,1,100,,28583,19,,,1,102,,28596,19,,,1,100,,28587,19,,,1,100,,28591,19,,,1,100,,28585,19,,,1,100,,28586,19,,,1,100,,28594,19,,,1,98,,28589,19,,,1,100,,28592,19,,,1,99,,28590,19,,,1
90101,'H:121:0:Weekday:1:26SEP:12345',1459,,35232,13,,,1,70,,35231,13,,,1
90101,'H:121:0:Weekday:2:26SEP:12345',1459,,35234,13,,,1,70,,35233,13,,,1
90101,'KP:321:0:Weekday:1:26SEP:12345',1428,,35237,13,,,1,172,,35236,13,,,1,30,,35242,13,,,1,70,,35235,13,,,1,31,,35241,13,,,1,70,,35243,13,,,1,31,,35240,13,,,1,68,,35239,13,,,1,29,,35238,13,,,1
90101,'KP:321:0:Weekday:2:26SEP:12345',1428,,35246,13,,,1,172,,35245,13,,,1,30,,35251,13,,,1,70,,35244,13,,,1,31,,35250,13,,,1,70,,35252,13,,,1,31,,35249,13,,,1,68,,35248,13,,,1,29,,35247,13,,,1
