20100,'H:111:6:Sunday:1:26SEP:1234567',739,,30758,17,,,1,100,,30760,17,,,1,99,,30761,17,,,1,80,,30759,17,,,1,40,,30762,17,,,1,80,,30757,17,,,1,79,,30763,17,,,1,40,,30764,17,,,1,80,,30765,17,,,1,80,,30766,17,,,1,40,,30768,17,,,1,80,,30769,17,,,1,80,,30770,17,,,1,40,,30772,17,,,1,80,,30773,17,,,1,80,,30774,17,,,1,40,,30775,17,,,1,80,,30776,17,,,1,100,,30767,17,,,1,101,,30771,17,,,1
20100,'H:111:6:Sunday:2:26SEP:1234567',739,,30778,17,,,1,100,,30780,17,,,1,99,,30781,17,,,1,80,,30779,17,,,1,40,,30782,17,,,1,80,,30777,17,,,1,79,,30783,17,,,1,40,,30784,17,,,1,80,,30785,17,,,1,80,,30786,17,,,1,40,,30788,17,,,1,80,,30789,17,,,1,80,,30790,17,,,1,40,,30792,17,,,1,80,,30793,17,,,1,80,,30794,17,,,1,40,,30795,17,,,1,80,,30796,17,,,1,100,,30787,17,,,1,101,,30791,17,,,1
20100,'H:121:0:Weekday:1:26SEP:12345',514,,30800,17,,,1,38,,30810,17,,,1,75,,30817,17,,,1,30,,30801,17,,,1,269,,30816,17,,,1,30,,30811,17,,,1,268,,30806,17,,,1,30,,30814,17,,,1,169,,30807,17,,,1,100,,30808,17,,,1,29,,30809,17,,,1,70,,30813,17,,,1,31,,30815,17,,,1,102,,30802,17,,,1,101,,30797,17,,,1,70,,30812,17,,,1,30,,30798,17,,,1,70,,30799,17,,,1,32,,30803,17,,,1,70,,30804,17,,,1,90,,30805,17,,,1
20100,'H:121:0:Weekday:2:26SEP:12345',514,,30821,17,,,1,38,,30831,17,,,1,75,,30838,17,,,1,30,,30822,17,,,1,269,,30837,17,,,1,30,,30832,17,,,1,268,,30827,17,,,1,30,,30835,17,,,1,169,,30828,17,,,1,100,,30829,17,,,1,29,,30830,17,,,1,70,,30834,17,,,1,31,,30836,17,,,1,102,,30823,17,,,1,101,,30818,17,,,1,70,,30833,17,,,1,30,,30819,17,,,1,70,,30820,17,,,1,32,,30824,17,,,1,70,,30825,17,,,1,90,,30826,17,,,1
20100,'H:171:5:Saturday:1:26SEP:6',638,,30851,17,,,1,100,,30841,17,,,1,99,,30850,17,,,1,100,,30842,17,,,1,80,,30843,17,,,1,39,,30848,17,,,1,80,,30849,17,,,1,80,,30840,17,,,1,40,,30852,17,,,1,80,,30844,17,,,1,79,,30839,17,,,1,40,,30853,17,,,1,80,,30845,17,,,1,80,,30847,17,,,1,40,,30856,17,,,1,80,,30857,17,,,1,81,,30858,17,,,1,41,,30855,17,,,1,80,,30859,17,,,1,100,,30846,17,,,1,100,,30854,17,,,1,100,,30860,17,,,1
20100,'H:171:5:Saturday:2:26SEP:6',638,,30873,17,,,1,100,,30863,17,,,1,99,,30872,17,,,1,100,,30864,17,,,1,80,,30865,17,,,1,39,,30870,17,,,1,80,,30871,17,,,1,80,,30862,17,,,1,40,,30874,17,,,1,80,,30866,17,,,1,79,,30861,17,,,1,40,,30875,17,,,1,80,,30867,17,,,1,80,,30869,17,,,1,40,,30878,17,,,1,80,,30879,17,,,1,81,,30880,17,,,1,41,,30877,17,,,1,80,,30881,17,,,1,100,,30868,17,,,1,100,,30876,17,,,1,100,,30882,17,,,1
20100,'KP:321:0:Weekday:1:26SEP:12345',726,,30889,17,,,1,29,,30883,17,,,1,71,,30884,17,,,1,30,,30890,17,,,1,169,,30891,17,,,1,30,,30892,17,,,1,69,,30893,17,,,1,30,,30894,17,,,1,169,,30888,17,,,1,30,,30895,17,,,1,100,,30885,17,,,1,271,,30886,17,,,1,101,,30887,17,,,1
20100,'KP:321:0:Weekday:2:26SEP:12345',726,,30902,17,,,1,29,,30896,17,,,1,71,,30897,17,,,1,30,,30903,17,,,1,169,,30904,17,,,1,30,,30905,17,,,1,69,,30906,17,,,1,30,,30907,17,,,1,169,,30901,17,,,1,30,,30908,17,,,1,100,,30898,17,,,1,271,,30899,17,,,1,101,,30900,17,,,1
20200,'H:111:6:Sunday:1:26SEP:1234567',608,,31078,27,,,1,100,,31071,27,,,1,100,,31058,27,,,1,99,,31057,27,,,1,50,,31059,27,,,1,80,,31060,27,,,1,80,,31061,27,,,1,40,,31064,27,,,1,79,,31062,27,,,1,80,,31065,27,,,1,40,,31063,27,,,1,79,,31067,27,,,1,80,,31066,27,,,1,40,,31068,27,,,1,80,,31072,27,,,1,80,,31073,27,,,1,42,,31074,27,,,1,80,,31075,27,,,1,80,,31076,27,,,1,91,,31069,27,,,1,100,,31070,27,,,1,100,,31077,27,,,1
20200,'H:111:6:Sunday:2:26SEP:1234567',608,,31100,27,,,1,100,,31093,27,,,1,100,,31080,27,,,1,99,,31079,27,,,1,50,,31081,27,,,1,80,,31082,27,,,1,80,,31083,27,,,1,40,,31086,27,,,1,79,,31084,27,,,1,80,,31087,27,,,1,40,,31085,27,,,1,79,,31089,27,,,1,80,,31088,27,,,1,40,,31090,27,,,1,80,,31094,27,,,1,80,,31095,27,,,1,42,,31096,27,,,1,80,,31097,27,,,1,80,,31098,27,,,1,91,,31091,27,,,1,100,,31092,27,,,1,100,,31099,27,,,1
20200,'H:121:0:Weekday:1:26SEP:12345',454,,31117,27,,,1,158,,31104,27,,,1,198,,31105,27,,,1,31,,31106,27,,,1,70,,31114,27,,,1,30,,31118,27,,,1,199,,31116,27,,,1,69,,31115,27,,,1,228,,31113,27,,,1,100,,31107,27,,,1,103,,31108,27,,,1,200,,31102,27,,,1,71,,31101,27,,,1,101,,31103,27,,,1,30,,31110,27,,,1,71,,31111,27,,,1,35,,31112,27,,,1
20200,'H:121:0:Weekday:2:26SEP:12345',454,,31135,27,,,1,158,,31122,27,,,1,198,,31123,27,,,1,31,,31124,27,,,1,70,,31132,27,,,1,30,,31136,27,,,1,199,,31134,27,,,1,69,,31133,27,,,1,228,,31131,27,,,1,100,,31125,27,,,1,103,,31126,27,,,1,200,,31120,27,,,1,71,,31119,27,,,1,101,,31121,27,,,1,30,,31128,27,,,1,71,,31129,27,,,1,35,,31130,27,,,1
20200,'H:171:5:Saturday:1:26SEP:6',509,,31160,27,,,1,30,,31154,27,,,1,70,,31138,27,,,1,100,,31139,27,,,1,99,,31150,27,,,1,99,,31144,27,,,1,50,,31137,27,,,1,80,,31140,27,,,1,80,,31148,27,,,1,38,,31142,27,,,1,80,,31141,27,,,1,80,,31143,27,,,1,40,,31151,27,,,1,80,,31145,27,,,1,80,,31146,27,,,1,40,,31147,27,,,1,80,,31155,27,,,1,80,,31156,27,,,1,41,,31157,27,,,1,81,,31158,27,,,1,80,,31159,27,,,1,90,,31152,27,,,1,100,,31149,27,,,1,102,,31153,27,,,1
20200,'H:171:5:Saturday:2:26SEP:6',509,,31184,27,,,1,30,,31178,27,,,1,70,,31162,27,,,1,100,,31163,27,,,1,99,,31174,27,,,1,99,,31168,27,,,1,50,,31161,27,,,1,80,,31164,27,,,1,80,,31172,27,,,1,38,,31166,27,,,1,80,,31165,27,,,1,80,,31167,27,,,1,40,,31175,27,,,1,80,,31169,27,,,1,80,,31170,27,,,1,40,,31171,27,,,1,80,,31179,27,,,1,80,,31180,27,,,1,41,,31181,27,,,1,81,,31182,27,,,1,80,,31183,27,,,1,90,,31176,27,,,1,100,,31173,27,,,1,102,,31177,27,,,1
20200,'KP:321:0:Weekday:1:26SEP:12345',533,,31186,27,,,1,109,,31188,27,,,1,69,,31196,27,,,1,29,,31201,27,,,1,271,,31197,27,,,1,30,,31198,27,,,1,69,,31200,27,,,1,129,,31193,27,,,1,70,,31199,27,,,1,30,,31195,27,,,1,69,,31189,27,,,1,99,,31194,27,,,1,100,,31190,27,,,1,103,,31191,27,,,1,30,,31192,27,,,1,70,,31187,27,,,1,132,,31185,27,,,1
20200,'KP:321:0:Weekday:2:26SEP:12345',533,,31203,27,,,1,109,,31205,27,,,1,69,,31213,27,,,1,29,,31218,27,,,1,271,,31214,27,,,1,30,,31215,27,,,1,69,,31217,27,,,1,129,,31210,27,,,1,70,,31216,27,,,1,30,,31212,27,,,1,69,,31206,27,,,1,99,,31211,27,,,1,100,,31207,27,,,1,103,,31208,27,,,1,30,,31209,27,,,1,70,,31204,27,,,1,132,,31202,27,,,1
