20900,'H:113:6:Sunday:3:26MAR:1234567',801,,24088,6,,,1,100,,24082,6,,,1,100,,24080,6,,,1,100,,24092,6,,,1,101,,24084,6,,,1,101,,24090,6,,,1,100,,24081,6,,,1,101,,24083,6,,,1,100,,24091,6,,,1,100,,24086,6,,,1,99,,24087,6,,,1,99,,24085,6,,,1,100,,24089,6,,,1
20900,'H:123:0:Weekday:3:26MAR:12345',604,,24105,6,,,1,101,,24106,6,,,1,100,,24108,6,,,1,100,,24107,6,,,1,100,,24104,6,,,1,100,,24100,6,,,1,101,,24098,6,,,1,97,,24102,6,,,1,100,,24096,6,,,1,100,,24101,6,,,1,100,,24103,6,,,1,100,,24095,6,,,1,100,,24097,6,,,1,99,,24099,6,,,1,100,,24093,6,,,1,100,,24094,6,,,1,99,,24109,6,,,1
20900,'H:123:0:Weekday:4:26MAR:12345',604,,24122,6,,,1,101,,24123,6,,,1,100,,24125,6,,,1,100,,24124,6,,,1,100,,24121,6,,,1,100,,24117,6,,,1,101,,24115,6,,,1,97,,24119,6,,,1,100,,24113,6,,,1,100,,24118,6,,,1,100,,24120,6,,,1,100,,24112,6,,,1,100,,24114,6,,,1,99,,24116,6,,,1,100,,24110,6,,,1,100,,24111,6,,,1,99,,24126,6,,,1
20900,'H:173:5:Saturday:3:26MAR:6',701,,24136,6,,,1,100,,24129,6,,,1,100,,24127,6,,,1,101,,24139,6,,,1,100,,24132,6,,,1,101,,24138,6,,,1,100,,24130,6,,,1,100,,24128,6,,,1,101,,24141,6,,,1,100,,24133,6,,,1,100,,24137,6,,,1,100,,24131,6,,,1,99,,24134,6,,,1,99,,24140,6,,,1,100,,24135,6,,,1
22200,'H:113:6:Sunday:3:26MAR:1234567',750,,24352,32,,,1,91,,24351,32,,,1,90,,24343,32,,,1,91,,24338,32,,,1,91,,24341,32,,,1,92,,24347,32,,,1,51,,24339,32,,,1,90,,24344,32,,,1,90,,24346,32,,,1,90,,24340,32,,,1,88,,24342,32,,,1,90,,24348,32,,,1,50,,24349,32,,,1,89,,24345,32,,,1,89,,24350,32,,,1
22200,'H:123:0:Weekday:3:26MAR:12345',643,,24355,32,,,1,83,,24353,32,,,1,93,,24356,32,,,1,95,,24354,32,,,1,91,,24357,32,,,1,50,,24359,32,,,1,91,,24360,32,,,1,90,,24361,32,,,1,91,,24358,32,,,1,90,,24363,32,,,1,90,,24364,32,,,1,52,,24365,32,,,1,90,,24362,32,,,1,86,,24366,32,,,1,89,,24368,32,,,1,88,,24369,32,,,1,90,,24367,32,,,1
22200,'H:123:0:Weekday:4:26MAR:12345',643,,24372,32,,,1,83,,24370,32,,,1,93,,24373,32,,,1,95,,24371,32,,,1,91,,24374,32,,,1,50,,24376,32,,,1,91,,24377,32,,,1,90,,24378,32,,,1,91,,24375,32,,,1,90,,24380,32,,,1,90,,24381,32,,,1,52,,24382,32,,,1,90,,24379,32,,,1,86,,24383,32,,,1,89,,24385,32,,,1,88,,24386,32,,,1,90,,24384,32,,,1
22200,'H:173:5:Saturday:3:26MAR:6',609,,24401,32,,,1,50,,24387,32,,,1,92,,24388,32,,,1,91,,24398,32,,,1,90,,24402,32,,,1,92,,24403,32,,,1,91,,24394,32,,,1,91,,24389,32,,,1,51,,24390,32,,,1,91,,24397,32,,,1,90,,24396,32,,,1,89,,24399,32,,,1,89,,24393,32,,,1,90,,24395,32,,,1,49,,24400,32,,,1,88,,24391,32,,,1,90,,24392,32,,,1,83,,24404,32,,,1
22201,'H:113:6:Sunday:3:26MAR:1234567',716,,24405,20,,,1,90,,24408,20,,,1,50,,24406,20,,,1,90,,24409,20,,,1,90,,24407,20,,,1,90,,24410,20,,,1,90,,24411,20,,,1,90,,24414,20,,,1,50,,24415,20,,,1,90,,24412,20,,,1,90,,24416,20,,,1,90,,24417,20,,,1,90,,24418,20,,,1,90,,24413,20,,,1,50,,24419,20,,,1
22201,'H:123:0:Weekday:3:26MAR:12345',609,,24421,20,,,1,46,,24422,20,,,1,95,,24423,20,,,1,90,,24424,20,,,1,90,,24425,20,,,1,90,,24426,20,,,1,90,,24427,20,,,1,90,,24428,20,,,1,50,,24429,20,,,1,90,,24430,20,,,1,90,,24432,20,,,1,91,,24433,20,,,1,90,,24434,20,,,1,90,,24431,20,,,1,48,,24420,20,,,1,90,,24435,20,,,1,90,,24436,20,,,1,90,,24437,20,,,1,90,,24438,20,,,1
22201,'H:123:0:Weekday:4:26MAR:12345',609,,24440,20,,,1,46,,24441,20,,,1,95,,24442,20,,,1,90,,24443,20,,,1,90,,24444,20,,,1,90,,24445,20,,,1,90,,24446,20,,,1,90,,24447,20,,,1,50,,24448,20,,,1,90,,24449,20,,,1,90,,24451,20,,,1,91,,24452,20,,,1,90,,24453,20,,,1,90,,24450,20,,,1,48,,24439,20,,,1,90,,24454,20,,,1,90,,24455,20,,,1,90,,24456,20,,,1,90,,24457,20,,,1
22201,'H:173:5:Saturday:3:26MAR:6',716,,24461,20,,,1,90,,24462,20,,,1,50,,24463,20,,,1,90,,24464,20,,,1,90,,24465,20,,,1,90,,24466,20,,,1,90,,24467,20,,,1,90,,24469,20,,,1,50,,24471,20,,,1,90,,24468,20,,,1,90,,24472,20,,,1,90,,24470,20,,,1,90,,24473,20,,,1,90,,24474,20,,,1,50,,24475,20,,,1,90,,24458,20,,,1,90,,24459,20,,,1,90,,24460,20,,,1
