10901,'H:111:6:Sunday:1:26SEP:1234567',807,,28503,21,,,1,100,,28515,21,,,1,102,,28507,21,,,1,100,,28512,21,,,1,100,,28504,21,,,1,100,,28505,21,,,1,100,,28513,21,,,1,101,,28508,21,,,1,100,,28511,21,,,1,100,,28506,21,,,1,99,,28509,21,,,1,100,,28514,21,,,1,100,,28510,21,,,1,100,,28516,21,,,1
10901,'H:111:6:Sunday:2:26SEP:1234567',807,,28517,21,,,1,100,,28529,21,,,1,102,,28521,21,,,1,100,,28526,21,,,1,100,,28518,21,,,1,100,,28519,21,,,1,100,,28527,21,,,1,101,,28522,21,,,1,100,,28525,21,,,1,100,,28520,21,,,1,99,,28523,21,,,1,100,,28528,21,,,1,100,,28524,21,,,1,100,,28530,21,,,1
10901,'H:121:0:Weekday:1:26SEP:12345',506,,28532,21,,,1,101,,28542,21,,,1,102,,28543,21,,,1,101,,28546,21,,,1,100,,28548,21,,,1,99,,28538,21,,,1,100,,28541,21,,,1,91,,28537,21,,,1,102,,28536,21,,,1,55,,28547,21,,,1,100,,28540,21,,,1,101,,28535,21,,,1,101,,28545,21,,,1,144,,28539,21,,,1,99,,28544,21,,,1,107,,28533,21,,,1,109,,28534,21,,,1,100,,28531,21,,,1
10901,'H:121:0:Weekday:2:26SEP:12345',506,,28550,21,,,1,101,,28560,21,,,1,102,,28561,21,,,1,101,,28564,21,,,1,100,,28566,21,,,1,99,,28556,21,,,1,100,,28559,21,,,1,91,,28555,21,,,1,102,,28554,21,,,1,55,,28565,21,,,1,100,,28558,21,,,1,101,,28553,21,,,1,101,,28563,21,,,1,144,,28557,21,,,1,99,,28562,21,,,1,107,,28551,21,,,1,109,,28552,21,,,1,100,,28549,21,,,1
10901,'H:171:5:Saturday:1:26SEP:6',709,,28567,21,,,1,100,,28580,21,,,1,100,,28573,21,,,1,101,,28578,21,,,1,100,,28569,21,,,1,100,,28568,21,,,1,102,,28581,21,,,1,100,,28572,21,,,1,100,,28576,21,,,1,100,,28570,21,,,1,100,,28571,21,,,1,100,,28579,21,,,1,98,,28574,21,,,1,100,,28577,21,,,1,99,,28575,21,,,1
10901,'H:171:5:Saturday:2:26SEP:6',709,,28582,21,,,1,100,,28595,21,,,1,100,,28588,21,,,1,101,,28593,21,,,1,100,,28584,21,,,1,100,,28583,21,,,1,102,,28596,21,,,1,100,,28587,21,,,1,100,,28591,21,,,1,100,,28585,21,,,1,100,,28586,21,,,1,100,,28594,21,,,1,98,,28589,21,,,1,100,,28592,21,,,1,99,,28590,21,,,1
90100,'H:121:0:Weekday:1:26SEP:12345',441,,35213,4,,,1
90100,'H:121:0:Weekday:2:26SEP:12345',441,,35214,4,,,1
90100,'KP:321:0:Weekday:1:26SEP:12345',511,,35218,4,,,1,29,,35217,4,,,1,65,,35221,4,,,1,28,,35219,4,,,1,26,,35216,4,,,1,72,,35222,4,,,1,72,,35220,4,,,1,33,,35215,4,,,1
90100,'KP:321:0:Weekday:2:26SEP:12345',511,,35226,4,,,1,29,,35225,4,,,1,65,,35229,4,,,1,28,,35227,4,,,1,26,,35224,4,,,1,72,,35230,4,,,1,72,,35228,4,,,1,33,,35223,4,,,1
