20901,'H:111:6:Sunday:1:26SEP:1234567',751,,31468,2,,,1,100,,31467,2,,,1,100,,31479,2,,,1,100,,31471,2,,,1,100,,31476,2,,,1,100,,31469,2,,,1,100,,31470,2,,,1,100,,31477,2,,,1,100,,31472,2,,,1,100,,31475,2,,,1,100,,31473,2,,,1,100,,31474,2,,,1,100,,31478,2,,,1
20901,'H:111:6:Sunday:2:26SEP:1234567',751,,31481,2,,,1,100,,31480,2,,,1,100,,31492,2,,,1,100,,31484,2,,,1,100,,31489,2,,,1,100,,31482,2,,,1,100,,31483,2,,,1,100,,31490,2,,,1,100,,31485,2,,,1,100,,31488,2,,,1,100,,31486,2,,,1,100,,31487,2,,,1,100,,31491,2,,,1
20901,'H:121:0:Weekday:1:26SEP:12345',501,,31506,2,,,1,100,,31493,2,,,1,100,,31496,2,,,1,100,,31494,2,,,1,100,,31498,2,,,1,100,,31495,2,,,1,100,,31497,2,,,1,52,,31499,2,,,1,100,,31500,2,,,1,100,,31501,2,,,1,100,,31502,2,,,1,100,,31509,2,,,1,103,,31508,2,,,1,100,,31507,2,,,1,100,,31503,2,,,1,145,,31504,2,,,1,100,,31505,2,,,1,100,,31510,2,,,1
20901,'H:121:0:Weekday:2:26SEP:12345',501,,31524,2,,,1,100,,31511,2,,,1,100,,31514,2,,,1,100,,31512,2,,,1,100,,31516,2,,,1,100,,31513,2,,,1,100,,31515,2,,,1,52,,31517,2,,,1,100,,31518,2,,,1,100,,31519,2,,,1,100,,31520,2,,,1,100,,31527,2,,,1,103,,31526,2,,,1,100,,31525,2,,,1,100,,31521,2,,,1,145,,31522,2,,,1,100,,31523,2,,,1,100,,31528,2,,,1
20901,'H:171:5:Saturday:1:26SEP:6',651,,31531,2,,,1,100,,31529,2,,,1,100,,31542,2,,,1,100,,31536,2,,,1,100,,31540,2,,,1,100,,31532,2,,,1,100,,31530,2,,,1,100,,31543,2,,,1,100,,31535,2,,,1,100,,31538,2,,,1,100,,31534,2,,,1,100,,31533,2,,,1,100,,31541,2,,,1,100,,31537,2,,,1,100,,31539,2,,,1
20901,'H:171:5:Saturday:2:26SEP:6',651,,31546,2,,,1,100,,31544,2,,,1,100,,31557,2,,,1,100,,31551,2,,,1,100,,31555,2,,,1,100,,31547,2,,,1,100,,31545,2,,,1,100,,31558,2,,,1,100,,31550,2,,,1,100,,31553,2,,,1,100,,31549,2,,,1,100,,31548,2,,,1,100,,31556,2,,,1,100,,31552,2,,,1,100,,31554,2,,,1
28001,'H:111:6:Sunday:1:26SEP:1234567',746,,32450,17,,,1,100,,32449,17,,,1,100,,32451,17,,,1,101,,32460,17,,,1,100,,32452,17,,,1,100,,32453,17,,,1,100,,32454,17,,,1,100,,32455,17,,,1,101,,32456,17,,,1,100,,32461,17,,,1,100,,32458,17,,,1,99,,32457,17,,,1,100,,32459,17,,,1
28001,'H:111:6:Sunday:2:26SEP:1234567',746,,32463,17,,,1,100,,32462,17,,,1,100,,32464,17,,,1,101,,32473,17,,,1,100,,32465,17,,,1,100,,32466,17,,,1,100,,32467,17,,,1,100,,32468,17,,,1,101,,32469,17,,,1,100,,32474,17,,,1,100,,32471,17,,,1,99,,32470,17,,,1,100,,32472,17,,,1
28001,'H:121:0:Weekday:1:26SEP:12345',611,,32475,17,,,1,100,,32476,17,,,1,30,,32477,17,0,8 7,1,101,,32491,17,0,8 7,1,170,,32478,17,,,1,200,,32479,17,,,1,203,,32480,17,,,1,25,,32481,17,0,8 7,1,75,,32482,17,,,1,101,,32483,17,,,1,25,,32484,17,0,8 7,1,75,,32485,17,,,1,24,,32486,17,0,8 7,1,74,,32487,17,,,1,24,,32488,17,0,8 7,1,74,,32489,17,,,1,100,,32490,17,,,1
28001,'H:121:0:Weekday:2:26SEP:12345',611,,32492,17,,,1,100,,32493,17,,,1,30,,32494,17,0,8 7,1,101,,32508,17,0,8 7,1,170,,32495,17,,,1,200,,32496,17,,,1,203,,32497,17,,,1,25,,32498,17,0,8 7,1,75,,32499,17,,,1,101,,32500,17,,,1,25,,32501,17,0,8 7,1,75,,32502,17,,,1,24,,32503,17,0,8 7,1,74,,32504,17,,,1,24,,32505,17,0,8 7,1,74,,32506,17,,,1,100,,32507,17,,,1
28001,'H:171:5:Saturday:1:26SEP:6',746,,32517,17,,,1,100,,32509,17,,,1,101,,32520,17,,,1,101,,32515,17,,,1,100,,32518,17,,,1,100,,32516,17,,,1,102,,32514,17,,,1,100,,32511,17,,,1,100,,32513,17,,,1,98,,32510,17,,,1,100,,32512,17,,,1,100,,32519,17,,,1,99,,32521,17,,,1
28001,'H:171:5:Saturday:2:26SEP:6',746,,32530,17,,,1,100,,32522,17,,,1,101,,32533,17,,,1,101,,32528,17,,,1,100,,32531,17,,,1,100,,32529,17,,,1,102,,32527,17,,,1,100,,32524,17,,,1,100,,32526,17,,,1,98,,32523,17,,,1,100,,32525,17,,,1,100,,32532,17,,,1,99,,32534,17,,,1
28001,'KP:321:0:Weekday:1:26SEP:12345',812,,32538,17,,,1,100,,32535,17,,,1,200,,32539,17,,,1,203,,32536,17,,,1,226,,32537,17,0,8 7,1
28001,'KP:321:0:Weekday:2:26SEP:12345',812,,32543,17,,,1,100,,32540,17,,,1,200,,32544,17,,,1,203,,32541,17,,,1,226,,32542,17,0,8 7,1
