13000,'H:111:6:Sunday:1:26SEP:1234567',658,,30235,16,,,1,100,,30237,16,,,1,101,,30236,16,,,1,100,,30238,16,,,1,100,,30241,16,,,1,100,,30239,16,,,1,141,,30240,16,,,1,100,,30243,16,,,1,59,,30242,16,,,1,100,,30244,16,,,1,100,,30245,16,,,1,100,,30246,16,,,1,99,,30247,16,,,1,100,,30248,16,,,1,100,,30249,16,,,1
13000,'H:111:6:Sunday:2:26SEP:1234567',658,,30250,16,,,1,100,,30252,16,,,1,101,,30251,16,,,1,100,,30253,16,,,1,100,,30256,16,,,1,100,,30254,16,,,1,141,,30255,16,,,1,100,,30258,16,,,1,59,,30257,16,,,1,100,,30259,16,,,1,100,,30260,16,,,1,100,,30261,16,,,1,99,,30262,16,,,1,100,,30263,16,,,1,100,,30264,16,,,1
13000,'H:121:0:Weekday:1:26SEP:12345',528,,30284,16,,,1,30,,30287,16,,,1,70,,30273,16,,,1,30,,30288,16,,,1,71,,30265,16,,,1,30,,30275,16,,,1,70,,30266,16,,,1,30,,30289,16,,,1,70,,30274,16,,,1,30,,30291,16,,,1,70,,30283,16,,,1,30,,30292,16,,,1,70,,30280,16,,,1,30,,30293,16,,,1,70,,30281,16,,,1,30,,30294,16,,,1,70,,30282,16,,,1,30,,30295,16,,,1,70,,30279,16,,,1,71,,30296,16,,,1,30,,30267,16,,,1,70,,30285,16,,,1,30,,30277,16,,,1,70,,30276,16,,,1,30,,30268,16,,,1,70,,30278,16,,,1,29,,30269,16,,,1,30,,30290,16,,,1,70,,30270,16,,,1,99,,30271,16,,,1,100,,30272,16,,,1,100,,30286,16,,,1
13000,'H:121:0:Weekday:2:26SEP:12345',528,,30316,16,,,1,30,,30319,16,,,1,70,,30305,16,,,1,30,,30320,16,,,1,71,,30297,16,,,1,30,,30307,16,,,1,70,,30298,16,,,1,30,,30321,16,,,1,70,,30306,16,,,1,30,,30323,16,,,1,70,,30315,16,,,1,30,,30324,16,,,1,70,,30312,16,,,1,30,,30325,16,,,1,70,,30313,16,,,1,30,,30326,16,,,1,70,,30314,16,,,1,30,,30327,16,,,1,70,,30311,16,,,1,71,,30328,16,,,1,30,,30299,16,,,1,70,,30317,16,,,1,30,,30309,16,,,1,70,,30308,16,,,1,30,,30300,16,,,1,70,,30310,16,,,1,29,,30301,16,,,1,30,,30322,16,,,1,70,,30302,16,,,1,99,,30303,16,,,1,100,,30304,16,,,1,100,,30318,16,,,1
13000,'H:171:5:Saturday:1:26SEP:6',558,,30344,16,,,1,100,,30329,16,,,1,100,,30330,16,,,1,100,,30331,16,,,1,101,,30332,16,,,1,100,,30333,16,,,1,141,,30334,16,,,1,100,,30335,16,,,1,100,,30336,16,,,1,100,,30337,16,,,1,100,,30338,16,,,1,100,,30339,16,,,1,59,,30340,16,,,1,100,,30341,16,,,1,100,,30342,16,,,1,99,,30343,16,,,1,100,,30345,16,,,1
13000,'H:171:5:Saturday:2:26SEP:6',558,,30361,16,,,1,100,,30346,16,,,1,100,,30347,16,,,1,100,,30348,16,,,1,101,,30349,16,,,1,100,,30350,16,,,1,141,,30351,16,,,1,100,,30352,16,,,1,100,,30353,16,,,1,100,,30354,16,,,1,100,,30355,16,,,1,100,,30356,16,,,1,59,,30357,16,,,1,100,,30358,16,,,1,100,,30359,16,,,1,99,,30360,16,,,1,100,,30362,16,,,1
90900,'H:111:6:Sunday:1:26SEP:1234567',641,,35437,1,,,1,80,,35438,1,,,1,100,,35439,1,,,1,84,,35440,1,,,1,44,,35441,1,,,1,84,,35442,1,,,1,84,,35443,1,,,1,85,,35444,1,,,1,100,,35445,1,,,1,50,,35446,1,,,1,90,,35447,1,,,1,80,,35448,1,,,1,90,,35449,1,,,1,40,,35450,1,,,1,91,,35452,1,,,1,81,,35453,1,,,1,85,,35454,1,,,1,91,,35451,1,,,1,35,,35455,1,,,1,86,,35456,1,,,1,35,,35457,1,,,1
90900,'H:111:6:Sunday:2:26SEP:1234567',641,,35458,1,,,1,80,,35459,1,,,1,100,,35460,1,,,1,84,,35461,1,,,1,44,,35462,1,,,1,84,,35463,1,,,1,84,,35464,1,,,1,85,,35465,1,,,1,100,,35466,1,,,1,50,,35467,1,,,1,90,,35468,1,,,1,80,,35469,1,,,1,90,,35470,1,,,1,40,,35471,1,,,1,91,,35473,1,,,1,81,,35474,1,,,1,85,,35475,1,,,1,91,,35472,1,,,1,35,,35476,1,,,1,86,,35477,1,,,1,35,,35478,1,,,1
90900,'H:121:0:Weekday:1:26SEP:12345',542,,35479,1,,,1,98,,35480,1,,,1,80,,35481,1,,,1,99,,35482,1,,,1,129,,35483,1,,,1,84,,35484,1,,,1,86,,35485,1,,,1,84,,35486,1,,,1,100,,35487,1,,,1,50,,35488,1,,,1,89,,35489,1,,,1,79,,35490,1,,,1,89,,35491,1,,,1,40,,35492,1,,,1,90,,35493,1,,,1,82,,35494,1,,,1,86,,35495,1,,,1,52,,35496,1,,,1,75,,35497,1,,,1,121,,35498,1,,,1
90900,'H:121:0:Weekday:2:26SEP:12345',542,,35499,1,,,1,98,,35500,1,,,1,80,,35501,1,,,1,99,,35502,1,,,1,129,,35503,1,,,1,84,,35504,1,,,1,86,,35505,1,,,1,84,,35506,1,,,1,100,,35507,1,,,1,50,,35508,1,,,1,89,,35509,1,,,1,79,,35510,1,,,1,89,,35511,1,,,1,40,,35512,1,,,1,90,,35513,1,,,1,82,,35514,1,,,1,86,,35515,1,,,1,52,,35516,1,,,1,75,,35517,1,,,1,121,,35518,1,,,1
90900,'H:171:5:Saturday:1:26SEP:6',542,,35519,1,,,1,99,,35520,1,,,1,80,,35522,1,,,1,98,,35523,1,,,1,85,,35524,1,,,1,43,,35521,1,,,1,84,,35525,1,,,1,84,,35526,1,,,1,85,,35527,1,,,1,100,,35528,1,,,1,50,,35529,1,,,1,91,,35530,1,,,1,80,,35531,1,,,1,91,,35532,1,,,1,40,,35533,1,,,1,90,,35534,1,,,1,81,,35535,1,,,1,85,,35536,1,,,1,51,,35537,1,,,1,75,,35538,1,,,1,87,,35539,1,,,1,35,,35540,1,,,1,86,,35541,1,,,1
90900,'H:171:5:Saturday:2:26SEP:6',542,,35542,1,,,1,99,,35543,1,,,1,80,,35545,1,,,1,98,,35546,1,,,1,85,,35547,1,,,1,43,,35544,1,,,1,84,,35548,1,,,1,84,,35549,1,,,1,85,,35550,1,,,1,100,,35551,1,,,1,50,,35552,1,,,1,91,,35553,1,,,1,80,,35554,1,,,1,91,,35555,1,,,1,40,,35556,1,,,1,90,,35557,1,,,1,81,,35558,1,,,1,85,,35559,1,,,1,51,,35560,1,,,1,75,,35561,1,,,1,87,,35562,1,,,1,35,,35563,1,,,1,86,,35564,1,,,1
90900,'KP:321:0:Weekday:1:26SEP:12345',904,,35565,1,,,1
90900,'KP:321:0:Weekday:2:26SEP:12345',904,,35566,1,,,1
