10901,'H:113:6:Sunday:3:26MAR:1234567',753,,21974,6,,,1,100,,21986,6,,,1,100,,21978,6,,,1,100,,21983,6,,,1,100,,21975,6,,,1,100,,21976,6,,,1,100,,21984,6,,,1,100,,21979,6,,,1,100,,21982,6,,,1,100,,21977,6,,,1,100,,21980,6,,,1,100,,21985,6,,,1,100,,21981,6,,,1,100,,21987,6,,,1
10901,'H:123:0:Weekday:3:26MAR:12345',453,,21989,6,,,1,100,,21999,6,,,1,100,,22000,6,,,1,100,,22003,6,,,1,100,,22005,6,,,1,100,,21995,6,,,1,100,,21998,6,,,1,90,,21994,6,,,1,100,,21993,6,,,1,95,,22004,6,,,1,100,,21997,6,,,1,100,,21992,6,,,1,100,,22002,6,,,1,105,,21996,6,,,1,100,,22001,6,,,1,110,,21990,6,,,1,150,,21991,6,,,1,100,,21988,6,,,1
10901,'H:123:0:Weekday:4:26MAR:12345',453,,22007,6,,,1,100,,22017,6,,,1,100,,22018,6,,,1,100,,22021,6,,,1,100,,22023,6,,,1,100,,22013,6,,,1,100,,22016,6,,,1,90,,22012,6,,,1,100,,22011,6,,,1,95,,22022,6,,,1,100,,22015,6,,,1,100,,22010,6,,,1,100,,22020,6,,,1,105,,22014,6,,,1,100,,22019,6,,,1,110,,22008,6,,,1,150,,22009,6,,,1,100,,22006,6,,,1
10901,'H:173:5:Saturday:3:26MAR:6',653,,22024,6,,,1,100,,22037,6,,,1,100,,22030,6,,,1,100,,22035,6,,,1,100,,22026,6,,,1,100,,22025,6,,,1,100,,22038,6,,,1,100,,22029,6,,,1,100,,22033,6,,,1,100,,22027,6,,,1,100,,22028,6,,,1,100,,22036,6,,,1,100,,22031,6,,,1,100,,22034,6,,,1,100,,22032,6,,,1
20101,'H:113:6:Sunday:3:26MAR:1234567',712,,23762,7,,,1,100,,23748,7,,,1,100,,23750,7,,,1,90,,23751,7,,,1,40,,23753,7,,,1,80,,23754,7,,,1,80,,23752,7,,,1,40,,23749,7,,,1,80,,23756,7,,,1,80,,23757,7,,,1,40,,23758,7,,,1,80,,23759,7,,,1,80,,23755,7,,,1,40,,23763,7,,,1,80,,23764,7,,,1,80,,23765,7,,,1,40,,23766,7,,,1,80,,23767,7,,,1,90,,23760,7,,,1,100,,23761,7,,,1
20101,'H:123:0:Weekday:3:26MAR:12345',537,,23771,7,,,1,80,,23772,7,,,1,39,,23776,7,,,1,570,,23777,7,,,1,226,,23784,7,,,1,170,,23778,7,,,1,30,,23779,7,,,1,71,,23780,7,,,1,32,,23774,7,,,1,70,,23775,7,,,1,30,,23773,7,,,1,71,,23768,7,,,1,31,,23770,7,,,1,70,,23769,7,,,1,30,,23782,7,,,1,70,,23783,7,,,1,30,,23781,7,,,1
20101,'H:123:0:Weekday:4:26MAR:12345',537,,23788,7,,,1,80,,23789,7,,,1,39,,23793,7,,,1,570,,23794,7,,,1,226,,23801,7,,,1,170,,23795,7,,,1,30,,23796,7,,,1,71,,23797,7,,,1,32,,23791,7,,,1,70,,23792,7,,,1,30,,23790,7,,,1,71,,23785,7,,,1,31,,23787,7,,,1,70,,23786,7,,,1,30,,23799,7,,,1,70,,23800,7,,,1,30,,23798,7,,,1
20101,'H:173:5:Saturday:3:26MAR:6',712,,23808,7,,,1,100,,23802,7,,,1,100,,23803,7,,,1,90,,23814,7,,,1,39,,23807,7,,,1,80,,23804,7,,,1,80,,23805,7,,,1,40,,23816,7,,,1,80,,23810,7,,,1,80,,23806,7,,,1,40,,23809,7,,,1,80,,23815,7,,,1,80,,23812,7,,,1,40,,23818,7,,,1,80,,23819,7,,,1,80,,23820,7,,,1,41,,23821,7,,,1,80,,23822,7,,,1,90,,23813,7,,,1,100,,23811,7,,,1,100,,23817,7,,,1
20101,'KP:323:0:Weekday:3:26MAR:12345',726,,23837,7,,,1,30,,23838,7,,,1,70,,23833,7,,,1,30,,23823,7,,,1,70,,23835,7,,,1,30,,23830,7,,,1,70,,23827,7,,,1,30,,23836,7,,,1,70,,23832,7,,,1,30,,23824,7,,,1,100,,23831,7,,,1,70,,23826,7,,,1,28,,23829,7,,,1,69,,23834,7,,,1,99,,23825,7,,,1,30,,23828,7,,,1
20101,'KP:323:0:Weekday:4:26MAR:12345',726,,23853,7,,,1,30,,23854,7,,,1,70,,23849,7,,,1,30,,23839,7,,,1,70,,23851,7,,,1,30,,23846,7,,,1,70,,23843,7,,,1,30,,23852,7,,,1,70,,23848,7,,,1,30,,23840,7,,,1,100,,23847,7,,,1,70,,23842,7,,,1,28,,23845,7,,,1,69,,23850,7,,,1,99,,23841,7,,,1,30,,23844,7,,,1
20201,'H:113:6:Sunday:3:26MAR:1234567',622,,23987,7,,,1,120,,23968,7,,,1,100,,23969,7,,,1,100,,23971,7,,,1,80,,23972,7,,,1,80,,23970,7,,,1,40,,23974,7,,,1,80,,23973,7,,,1,80,,23975,7,,,1,40,,23976,7,,,1,80,,23977,7,,,1,80,,23979,7,,,1,40,,23978,7,,,1,80,,23980,7,,,1,80,,23982,7,,,1,40,,23983,7,,,1,80,,23984,7,,,1,80,,23985,7,,,1,40,,23986,7,,,1,100,,23981,7,,,1
20201,'H:123:0:Weekday:3:26MAR:12345',438,,23988,7,,,1,80,,23989,7,,,1,119,,24004,7,,,1,674,,23994,7,,,1,97,,24003,7,,,1,30,,23996,7,,,1,99,,23997,7,,,1,70,,23995,7,,,1,30,,23998,7,,,1,70,,23999,7,,,1,32,,24000,7,,,1,71,,24001,7,,,1,30,,24002,7,,,1,71,,23993,7,,,1,30,,23991,7,,,1,71,,23990,7,,,1,30,,24005,7,,,1,70,,24006,7,,,1,30,,24007,7,,,1,91,,23992,7,,,1
20201,'H:123:0:Weekday:4:26MAR:12345',438,,24008,7,,,1,80,,24009,7,,,1,119,,24024,7,,,1,674,,24014,7,,,1,97,,24023,7,,,1,30,,24016,7,,,1,99,,24017,7,,,1,70,,24015,7,,,1,30,,24018,7,,,1,70,,24019,7,,,1,32,,24020,7,,,1,71,,24021,7,,,1,30,,24022,7,,,1,71,,24013,7,,,1,30,,24011,7,,,1,71,,24010,7,,,1,30,,24025,7,,,1,70,,24026,7,,,1,30,,24027,7,,,1,91,,24012,7,,,1
20201,'H:173:5:Saturday:3:26MAR:6',552,,24049,7,,,1,70,,24042,7,,,1,120,,24033,7,,,1,100,,24035,7,,,1,100,,24041,7,,,1,80,,24030,7,,,1,79,,24029,7,,,1,40,,24038,7,,,1,80,,24039,7,,,1,80,,24031,7,,,1,40,,24028,7,,,1,80,,24032,7,,,1,80,,24034,7,,,1,40,,24036,7,,,1,80,,24037,7,,,1,80,,24044,7,,,1,40,,24045,7,,,1,80,,24046,7,,,1,81,,24047,7,,,1,40,,24048,7,,,1,100,,24040,7,,,1,100,,24043,7,,,1
20201,'KP:323:0:Weekday:3:26MAR:12345',557,,24061,7,,,1,154,,24062,7,,,1,30,,24059,7,,,1,70,,24064,7,,,1,30,,24052,7,,,1,70,,24055,7,,,1,30,,24057,7,,,1,70,,24060,7,,,1,30,,24063,7,,,1,70,,24058,7,,,1,30,,24050,7,,,1,70,,24053,7,,,1,30,,24056,7,,,1,99,,24054,7,,,1,167,,24051,7,,,1
20201,'KP:323:0:Weekday:4:26MAR:12345',557,,24076,7,,,1,154,,24077,7,,,1,30,,24074,7,,,1,70,,24079,7,,,1,30,,24067,7,,,1,70,,24070,7,,,1,30,,24072,7,,,1,70,,24075,7,,,1,30,,24078,7,,,1,70,,24073,7,,,1,30,,24065,7,,,1,70,,24068,7,,,1,30,,24071,7,,,1,99,,24069,7,,,1,167,,24066,7,,,1
