27100,'H:111:6:Sunday:1:26SEP:1234567',729,,32161,26,,,1,100,,32162,26,,,1,101,,32172,26,,,1,101,,32163,26,,,1,100,,32164,26,,,1,101,,32165,26,,,1,100,,32166,26,,,1,100,,32167,26,,,1,100,,32174,26,,,1,100,,32168,26,,,1,99,,32169,26,,,1,100,,32170,26,,,1,100,,32171,26,,,1,98,,32173,26,,,1
27100,'H:111:6:Sunday:2:26SEP:1234567',729,,32175,26,,,1,100,,32176,26,,,1,101,,32186,26,,,1,101,,32177,26,,,1,100,,32178,26,,,1,101,,32179,26,,,1,100,,32180,26,,,1,100,,32181,26,,,1,100,,32188,26,,,1,100,,32182,26,,,1,99,,32183,26,,,1,100,,32184,26,,,1,100,,32185,26,,,1,98,,32187,26,,,1
27100,'H:121:0:Weekday:1:26SEP:12345',640,,32198,12,,,1,102,,32189,12,,,1,104,,32190,26,,,1,101,,32191,26,,,1,100,,32199,26,,,1,200,,32192,26,,,1,202,,32193,26,,,1,199,,32194,26,,,1,198,,32195,26,,,1,198,,32196,26,,,1,100,,32197,26,,,1
27100,'H:121:0:Weekday:2:26SEP:12345',640,,32209,12,,,1,102,,32200,12,,,1,104,,32201,26,,,1,101,,32202,26,,,1,100,,32210,26,,,1,200,,32203,26,,,1,202,,32204,26,,,1,199,,32205,26,,,1,198,,32206,26,,,1,198,,32207,26,,,1,100,,32208,26,,,1
27100,'H:171:5:Saturday:1:26SEP:6',729,,32220,26,,,1,100,,32212,26,,,1,102,,32221,26,,,1,101,,32213,26,,,1,101,,32219,26,,,1,100,,32211,26,,,1,100,,32218,26,,,1,100,,32214,26,,,1,100,,32222,26,,,1,99,,32215,26,,,1,100,,32217,26,,,1,99,,32216,26,,,1,99,,32223,26,,,1,100,,32224,26,,,1,100,,32225,26,,,1
27100,'H:171:5:Saturday:2:26SEP:6',729,,32235,26,,,1,100,,32227,26,,,1,102,,32236,26,,,1,101,,32228,26,,,1,101,,32234,26,,,1,100,,32226,26,,,1,100,,32233,26,,,1,100,,32229,26,,,1,100,,32237,26,,,1,99,,32230,26,,,1,100,,32232,26,,,1,99,,32231,26,,,1,99,,32238,26,,,1,100,,32239,26,,,1,100,,32240,26,,,1
27100,'KP:321:0:Weekday:1:26SEP:12345',534,,32246,12,,,1,282,,32241,26,,,1,331,,32242,26,,,1,200,,32243,26,,,1,202,,32245,26,,,1,198,,32244,26,,,1,197,,32247,26,,,1
27100,'KP:321:0:Weekday:2:26SEP:12345',534,,32253,12,,,1,282,,32248,26,,,1,331,,32249,26,,,1,200,,32250,26,,,1,202,,32252,26,,,1,198,,32251,26,,,1,197,,32254,26,,,1
90801,'H:121:0:Weekday:1:26SEP:12345',1827,,35427,9,,,1
90801,'H:121:0:Weekday:2:26SEP:12345',1827,,35428,9,,,1
90801,'KP:321:0:Weekday:1:26SEP:12345',1617,,35429,9,,,1,89,,35431,9,,,1,48,,35432,9,,,1,150,,35430,9,,,1
90801,'KP:321:0:Weekday:2:26SEP:12345',1617,,35433,9,,,1,89,,35435,9,,,1,48,,35436,9,,,1,150,,35434,9,,,1
