20100,'H:113:6:Sunday:3:26MAR:1234567',742,,23640,23,,,1,100,,23642,23,,,1,98,,23643,23,,,1,80,,23641,23,,,1,80,,23644,23,,,1,40,,23639,23,,,1,80,,23645,23,,,1,80,,23646,23,,,1,40,,23647,23,,,1,80,,23648,23,,,1,80,,23650,23,,,1,40,,23651,23,,,1,80,,23652,23,,,1,80,,23654,23,,,1,40,,23655,23,,,1,80,,23656,23,,,1,80,,23657,23,,,1,40,,23658,23,,,1,100,,23649,23,,,1,102,,23653,23,,,1
20100,'H:123:0:Weekday:3:26MAR:12345',517,,23663,23,,,1,184,,23664,23,,,1,57,,23665,23,,,1,71,,23666,23,,,1,627,,23667,23,,,1,201,,23674,23,,,1,70,,23668,23,,,1,31,,23669,23,,,1,70,,23670,23,,,1,31,,23659,23,,,1,70,,23661,23,,,1,30,,23660,23,,,1,70,,23662,23,,,1,71,,23671,23,,,1,30,,23672,23,,,1,90,,23673,23,,,1
20100,'H:123:0:Weekday:4:26MAR:12345',517,,23679,23,,,1,184,,23680,23,,,1,57,,23681,23,,,1,71,,23682,23,,,1,627,,23683,23,,,1,201,,23690,23,,,1,70,,23684,23,,,1,31,,23685,23,,,1,70,,23686,23,,,1,31,,23675,23,,,1,70,,23677,23,,,1,30,,23676,23,,,1,70,,23678,23,,,1,71,,23687,23,,,1,30,,23688,23,,,1,90,,23689,23,,,1
20100,'H:173:5:Saturday:3:26MAR:6',641,,23703,23,,,1,99,,23693,23,,,1,100,,23702,23,,,1,99,,23694,23,,,1,80,,23695,23,,,1,40,,23700,23,,,1,80,,23701,23,,,1,80,,23692,23,,,1,40,,23704,23,,,1,79,,23696,23,,,1,80,,23691,23,,,1,40,,23705,23,,,1,80,,23697,23,,,1,80,,23699,23,,,1,40,,23708,23,,,1,80,,23709,23,,,1,81,,23710,23,,,1,81,,23707,23,,,1,40,,23711,23,,,1,100,,23698,23,,,1,100,,23706,23,,,1
20100,'KP:323:0:Weekday:3:26MAR:12345',556,,23729,23,,,1,75,,23726,23,,,1,98,,23725,23,,,1,130,,23728,23,,,1,70,,23727,23,,,1,30,,23719,23,,,1,69,,23713,23,,,1,30,,23720,23,,,1,69,,23718,23,,,1,30,,23723,23,,,1,70,,23724,23,,,1,30,,23721,23,,,1,69,,23712,23,,,1,30,,23714,23,,,1,70,,23716,23,,,1,100,,23715,23,,,1,30,,23717,23,,,1,70,,23722,23,,,1
20100,'KP:323:0:Weekday:4:26MAR:12345',556,,23747,23,,,1,75,,23744,23,,,1,98,,23743,23,,,1,130,,23746,23,,,1,70,,23745,23,,,1,30,,23737,23,,,1,69,,23731,23,,,1,30,,23738,23,,,1,69,,23736,23,,,1,30,,23741,23,,,1,70,,23742,23,,,1,30,,23739,23,,,1,69,,23730,23,,,1,30,,23732,23,,,1,70,,23734,23,,,1,100,,23733,23,,,1,30,,23735,23,,,1,70,,23740,23,,,1
20200,'H:113:6:Sunday:3:26MAR:1234567',711,,23869,33,,,1,100,,23856,33,,,1,99,,23855,33,,,1,90,,23857,33,,,1,40,,23858,33,,,1,80,,23859,33,,,1,80,,23862,33,,,1,40,,23860,33,,,1,79,,23863,33,,,1,40,,23861,33,,,1,80,,23865,33,,,1,80,,23864,33,,,1,40,,23866,33,,,1,80,,23870,33,,,1,80,,23871,33,,,1,40,,23872,33,,,1,80,,23873,33,,,1,81,,23874,33,,,1,91,,23867,33,,,1,100,,23868,33,,,1
20200,'H:123:0:Weekday:3:26MAR:12345',457,,23875,33,,,1,79,,23878,33,,,1,79,,23882,33,,,1,30,,23883,33,,,1,167,,23884,33,,,1,31,,23885,33,,,1,568,,23886,33,,,1,130,,23887,33,,,1,70,,23888,33,,,1,31,,23889,33,,,1,170,,23881,33,,,1,30,,23879,33,,,1,70,,23876,33,,,1,32,,23877,33,,,1,70,,23880,33,,,1,30,,23891,33,,,1,70,,23892,33,,,1,37,,23893,33,,,1
20200,'H:123:0:Weekday:4:26MAR:12345',457,,23894,33,,,1,79,,23897,33,,,1,79,,23901,33,,,1,30,,23902,33,,,1,167,,23903,33,,,1,31,,23904,33,,,1,568,,23905,33,,,1,130,,23906,33,,,1,70,,23907,33,,,1,31,,23908,33,,,1,170,,23900,33,,,1,30,,23898,33,,,1,70,,23895,33,,,1,32,,23896,33,,,1,70,,23899,33,,,1,30,,23910,33,,,1,70,,23911,33,,,1,37,,23912,33,,,1
20200,'H:173:5:Saturday:3:26MAR:6',541,,23930,33,,,1,70,,23914,33,,,1,100,,23915,33,,,1,100,,23926,33,,,1,99,,23920,33,,,1,90,,23913,33,,,1,40,,23916,33,,,1,80,,23924,33,,,1,39,,23918,33,,,1,80,,23917,33,,,1,80,,23919,33,,,1,40,,23927,33,,,1,80,,23921,33,,,1,80,,23922,33,,,1,40,,23923,33,,,1,80,,23931,33,,,1,80,,23932,33,,,1,81,,23933,33,,,1,40,,23934,33,,,1,80,,23935,33,,,1,90,,23928,33,,,1,100,,23925,33,,,1,100,,23929,33,,,1
20200,'KP:323:0:Weekday:3:26MAR:12345',714,,23949,33,,,1,28,,23950,33,,,1,171,,23951,33,,,1,30,,23947,33,,,1,71,,23936,33,,,1,30,,23938,33,,,1,69,,23942,33,,,1,30,,23946,33,,,1,69,,23941,33,,,1,30,,23948,33,,,1,70,,23945,33,,,1,30,,23937,33,,,1,99,,23944,33,,,1,70,,23940,33,,,1,201,,23939,33,,,1,30,,23943,33,,,1
20200,'KP:323:0:Weekday:4:26MAR:12345',714,,23965,33,,,1,28,,23966,33,,,1,171,,23967,33,,,1,30,,23963,33,,,1,71,,23952,33,,,1,30,,23954,33,,,1,69,,23958,33,,,1,30,,23962,33,,,1,69,,23957,33,,,1,30,,23964,33,,,1,70,,23961,33,,,1,30,,23953,33,,,1,99,,23960,33,,,1,70,,23956,33,,,1,201,,23955,33,,,1,30,,23959,33,,,1
