12101,'H:111:6:Sunday:1:26SEP:1234567',727,,30121,31,,,1,101,,30122,31,,,1,102,,30123,31,,,1,100,,30124,31,,,1,100,,30125,31,,,1,101,,30126,31,,,1,100,,30127,31,,,1,100,,30129,31,,,1,100,,30130,31,,,1,99,,30131,31,,,1,100,,30128,31,,,1,99,,30132,31,,,1,100,,30133,31,,,1,99,,30134,31,,,1
12101,'H:111:6:Sunday:2:26SEP:1234567',727,,30135,31,,,1,101,,30136,31,,,1,102,,30137,31,,,1,100,,30138,31,,,1,100,,30139,31,,,1,101,,30140,31,,,1,100,,30141,31,,,1,100,,30143,31,,,1,100,,30144,31,,,1,99,,30145,31,,,1,100,,30142,31,,,1,99,,30146,31,,,1,100,,30147,31,,,1,99,,30148,31,,,1
12101,'H:121:0:Weekday:1:26SEP:12345',525,,30166,31,,,1,30,,30149,31,,,1,67,,30164,31,,,1,25,,30169,31,,,1,67,,30173,31,,,1,26,,30171,31,,,1,67,,30174,31,,,1,25,,30163,31,,,1,69,,30157,31,,,1,55,,30165,31,,,1,95,,30167,31,,,1,90,,30168,31,,,1,90,,30158,31,,,1,90,,30159,31,,,1,92,,30170,31,,,1,96,,30152,31,,,1,33,,30161,31,,,1,72,,30172,31,,,1,32,,30155,31,,,1,74,,30153,31,,,1,30,,30160,31,,,1,67,,30150,31,,,1,33,,30151,31,,,1,67,,30162,31,,,1,29,,30176,31,,,1,93,,30154,31,,,1,99,,30156,31,,,1,99,,30175,31,,,1
12101,'H:121:0:Weekday:2:26SEP:12345',525,,30194,31,,,1,30,,30177,31,,,1,67,,30192,31,,,1,25,,30197,31,,,1,67,,30201,31,,,1,26,,30199,31,,,1,67,,30202,31,,,1,25,,30191,31,,,1,69,,30185,31,,,1,55,,30193,31,,,1,95,,30195,31,,,1,90,,30196,31,,,1,90,,30186,31,,,1,90,,30187,31,,,1,92,,30198,31,,,1,96,,30180,31,,,1,33,,30189,31,,,1,72,,30200,31,,,1,32,,30183,31,,,1,74,,30181,31,,,1,30,,30188,31,,,1,67,,30178,31,,,1,33,,30179,31,,,1,67,,30190,31,,,1,29,,30204,31,,,1,93,,30182,31,,,1,99,,30184,31,,,1,99,,30203,31,,,1
12101,'H:171:5:Saturday:1:26SEP:6',625,,30205,31,,,1,100,,30206,31,,,1,103,,30207,31,,,1,101,,30208,31,,,1,101,,30209,31,,,1,101,,30210,31,,,1,102,,30211,31,,,1,100,,30212,31,,,1,100,,30213,31,,,1,100,,30214,31,,,1,100,,30215,31,,,1,100,,30216,31,,,1,98,,30217,31,,,1,99,,30218,31,,,1,98,,30219,31,,,1
12101,'H:171:5:Saturday:2:26SEP:6',625,,30220,31,,,1,100,,30221,31,,,1,103,,30222,31,,,1,101,,30223,31,,,1,101,,30224,31,,,1,101,,30225,31,,,1,102,,30226,31,,,1,100,,30227,31,,,1,100,,30228,31,,,1,100,,30229,31,,,1,100,,30230,31,,,1,100,,30231,31,,,1,98,,30232,31,,,1,99,,30233,31,,,1,98,,30234,31,,,1
16600,'H:111:6:Sunday:1:26SEP:1234567',650,,30491,24,,,1,97,,30492,24,,,1,99,,30493,24,,,1,98,,30494,24,,,1,97,,30495,24,,,1,98,,30496,24,,,1,99,,30497,24,,,1,99,,30498,24,,,1,100,,30499,24,,,1,101,,30500,24,,,1,101,,30501,24,,,1,102,,30502,24,,,1,102,,30503,24,,,1,101,,30504,24,,,1,101,,30505,24,,,1,101,,30506,24,,,1
16600,'H:111:6:Sunday:2:26SEP:1234567',650,,30507,24,,,1,97,,30508,24,,,1,99,,30509,24,,,1,98,,30510,24,,,1,97,,30511,24,,,1,98,,30512,24,,,1,99,,30513,24,,,1,99,,30514,24,,,1,100,,30515,24,,,1,101,,30516,24,,,1,101,,30517,24,,,1,102,,30518,24,,,1,102,,30519,24,,,1,101,,30520,24,,,1,101,,30521,24,,,1,101,,30522,24,,,1
16600,'H:121:0:Weekday:1:26SEP:12345',457,,30535,24,,,1,96,,30533,24,,,1,197,,30528,24,,,1,70,,30523,24,,,1,30,,30539,24,,,1,99,,30540,24,,,1,199,,30526,24,,,1,68,,30536,24,,,1,30,,30541,24,,,1,100,,30530,24,,,1,99,,30529,24,,,1,197,,30527,24,,,1,70,,30537,24,,,1,32,,30538,24,,,1,102,,30532,24,,,1,105,,30524,24,,,1,100,,30525,24,,,1,102,,30531,24,,,1,103,,30534,24,,,1
16600,'H:121:0:Weekday:2:26SEP:12345',457,,30554,24,,,1,96,,30552,24,,,1,197,,30547,24,,,1,70,,30542,24,,,1,30,,30558,24,,,1,99,,30559,24,,,1,199,,30545,24,,,1,68,,30555,24,,,1,30,,30560,24,,,1,100,,30549,24,,,1,99,,30548,24,,,1,197,,30546,24,,,1,70,,30556,24,,,1,32,,30557,24,,,1,102,,30551,24,,,1,105,,30543,24,,,1,100,,30544,24,,,1,102,,30550,24,,,1,103,,30553,24,,,1
16600,'H:171:5:Saturday:1:26SEP:6',550,,30561,24,,,1,99,,30562,24,,,1,97,,30564,24,,,1,98,,30565,24,,,1,96,,30566,24,,,1,100,,30563,24,,,1,98,,30567,24,,,1,98,,30569,24,,,1,99,,30570,24,,,1,99,,30574,24,,,1,101,,30572,24,,,1,101,,30575,24,,,1,102,,30573,24,,,1,101,,30571,24,,,1,104,,30576,24,,,1,102,,30568,24,,,1,101,,30577,24,,,1
16600,'H:171:5:Saturday:2:26SEP:6',550,,30578,24,,,1,99,,30579,24,,,1,97,,30581,24,,,1,98,,30582,24,,,1,96,,30583,24,,,1,100,,30580,24,,,1,98,,30584,24,,,1,98,,30586,24,,,1,99,,30587,24,,,1,99,,30591,24,,,1,101,,30589,24,,,1,101,,30592,24,,,1,102,,30590,24,,,1,101,,30588,24,,,1,104,,30593,24,,,1,102,,30585,24,,,1,101,,30594,24,,,1
16600,'KP:321:0:Weekday:1:26SEP:12345',527,,30603,24,,,1,96,,30602,24,,,1,28,,30605,24,,,1,70,,30599,24,,,1,198,,30598,24,,,1,100,,30597,24,,,1,30,,30609,24,,,1,70,,30596,24,,,1,197,,30608,24,,,1,99,,30606,24,,,1,99,,30607,24,,,1,30,,30604,24,,,1,69,,30601,24,,,1,202,,30595,24,,,1,104,,30600,24,,,1
16600,'KP:321:0:Weekday:2:26SEP:12345',527,,30618,24,,,1,96,,30617,24,,,1,28,,30620,24,,,1,70,,30614,24,,,1,198,,30613,24,,,1,100,,30612,24,,,1,30,,30624,24,,,1,70,,30611,24,,,1,197,,30623,24,,,1,99,,30621,24,,,1,99,,30622,24,,,1,30,,30619,24,,,1,69,,30616,24,,,1,202,,30610,24,,,1,104,,30615,24,,,1
