16600,'H:111:6:Sunday:1:26SEP:1234567',637,,30491,4,,,1,96,,30492,4,,,1,99,,30493,4,,,1,97,,30494,4,,,1,97,,30495,4,,,1,97,,30496,4,,,1,98,,30497,4,,,1,99,,30498,4,,,1,101,,30499,4,,,1,101,,30500,4,,,1,101,,30501,4,,,1,103,,30502,4,,,1,103,,30503,4,,,1,101,,30504,4,,,1,101,,30505,4,,,1,101,,30506,4,,,1
16600,'H:111:6:Sunday:2:26SEP:1234567',637,,30507,4,,,1,96,,30508,4,,,1,99,,30509,4,,,1,97,,30510,4,,,1,97,,30511,4,,,1,97,,30512,4,,,1,98,,30513,4,,,1,99,,30514,4,,,1,101,,30515,4,,,1,101,,30516,4,,,1,101,,30517,4,,,1,103,,30518,4,,,1,103,,30519,4,,,1,101,,30520,4,,,1,101,,30521,4,,,1,101,,30522,4,,,1
16600,'H:121:0:Weekday:1:26SEP:12345',443,,30535,4,,,1,96,,30533,4,,,1,193,,30528,4,,,1,71,,30523,4,,,1,30,,30539,4,,,1,100,,30540,4,,,1,199,,30526,4,,,1,68,,30536,4,,,1,29,,30541,4,,,1,100,,30530,4,,,1,98,,30529,4,,,1,197,,30527,4,,,1,30,,30537,4,,,1,72,,30538,4,,,1,103,,30532,4,,,1,106,,30524,4,,,1,100,,30525,4,,,1,103,,30531,4,,,1,104,,30534,4,,,1
16600,'H:121:0:Weekday:2:26SEP:12345',443,,30554,4,,,1,96,,30552,4,,,1,193,,30547,4,,,1,71,,30542,4,,,1,30,,30558,4,,,1,100,,30559,4,,,1,199,,30545,4,,,1,68,,30555,4,,,1,29,,30560,4,,,1,100,,30549,4,,,1,98,,30548,4,,,1,197,,30546,4,,,1,30,,30556,4,,,1,72,,30557,4,,,1,103,,30551,4,,,1,106,,30543,4,,,1,100,,30544,4,,,1,103,,30550,4,,,1,104,,30553,4,,,1
16600,'H:171:5:Saturday:1:26SEP:6',536,,30561,4,,,1,99,,30562,4,,,1,96,,30564,4,,,1,98,,30565,4,,,1,94,,30566,4,,,1,100,,30563,4,,,1,98,,30567,4,,,1,98,,30569,4,,,1,99,,30570,4,,,1,100,,30574,4,,,1,101,,30572,4,,,1,102,,30575,4,,,1,103,,30573,4,,,1,101,,30571,4,,,1,104,,30576,4,,,1,102,,30568,4,,,1,101,,30577,4,,,1
16600,'H:171:5:Saturday:2:26SEP:6',536,,30578,4,,,1,99,,30579,4,,,1,96,,30581,4,,,1,98,,30582,4,,,1,94,,30583,4,,,1,100,,30580,4,,,1,98,,30584,4,,,1,98,,30586,4,,,1,99,,30587,4,,,1,100,,30591,4,,,1,101,,30589,4,,,1,102,,30592,4,,,1,103,,30590,4,,,1,101,,30588,4,,,1,104,,30593,4,,,1,102,,30585,4,,,1,101,,30594,4,,,1
16600,'KP:321:0:Weekday:1:26SEP:12345',513,,30603,4,,,1,95,,30602,4,,,1,27,,30605,4,,,1,69,,30599,4,,,1,199,,30598,4,,,1,100,,30597,4,,,1,30,,30609,4,,,1,70,,30596,4,,,1,156,,30608,4,,,1,99,,30606,4,,,1,97,,30607,4,,,1,70,,30604,4,,,1,29,,30601,4,,,1,204,,30595,4,,,1,145,,30600,4,,,1
16600,'KP:321:0:Weekday:2:26SEP:12345',513,,30618,4,,,1,95,,30617,4,,,1,27,,30620,4,,,1,69,,30614,4,,,1,199,,30613,4,,,1,100,,30612,4,,,1,30,,30624,4,,,1,70,,30611,4,,,1,156,,30623,4,,,1,99,,30621,4,,,1,97,,30622,4,,,1,70,,30619,4,,,1,29,,30616,4,,,1,204,,30610,4,,,1,145,,30615,4,,,1
90101,'H:121:0:Weekday:1:26SEP:12345',1500,,35232,14,,,1,30,,35231,14,,,1
90101,'H:121:0:Weekday:2:26SEP:12345',1500,,35234,14,,,1,30,,35233,14,,,1
90101,'KP:321:0:Weekday:1:26SEP:12345',1429,,35237,14,,,1,172,,35236,14,,,1,30,,35242,14,,,1,70,,35235,14,,,1,31,,35241,14,,,1,70,,35243,14,,,1,31,,35240,14,,,1,68,,35239,14,,,1,29,,35238,14,,,1
90101,'KP:321:0:Weekday:2:26SEP:12345',1429,,35246,14,,,1,172,,35245,14,,,1,30,,35251,14,,,1,70,,35244,14,,,1,31,,35250,14,,,1,70,,35252,14,,,1,31,,35249,14,,,1,68,,35248,14,,,1,29,,35247,14,,,1
