10900,'H:111:6:Sunday:1:26SEP:1234567',805,,28416,11,,,1,100,,28420,11,,,1,100,,28411,11,,,1,100,,28412,11,,,1,100,,28423,11,,,1,100,,28414,11,,,1,100,,28419,11,,,1,100,,28413,11,,,1,100,,28415,11,,,1,100,,28422,11,,,1,100,,28418,11,,,1,100,,28421,11,,,1,100,,28417,11,,,1,100,,28424,11,,,1
10900,'H:111:6:Sunday:2:26SEP:1234567',805,,28430,11,,,1,100,,28434,11,,,1,100,,28425,11,,,1,100,,28426,11,,,1,100,,28437,11,,,1,100,,28428,11,,,1,100,,28433,11,,,1,100,,28427,11,,,1,100,,28429,11,,,1,100,,28436,11,,,1,100,,28432,11,,,1,100,,28435,11,,,1,100,,28431,11,,,1,100,,28438,11,,,1
10900,'H:121:0:Weekday:1:26SEP:12345',502,,28452,11,,,1,100,,28446,11,,,1,102,,28442,11,,,1,100,,28448,11,,,1,105,,28455,11,,,1,100,,28440,11,,,1,100,,28454,11,,,1,100,,28453,11,,,1,100,,28445,11,,,1,100,,28451,11,,,1,101,,28443,11,,,1,100,,28447,11,,,1,100,,28450,11,,,1,99,,28444,11,,,1,100,,28441,11,,,1,99,,28439,11,,,1,100,,28449,11,,,1
10900,'H:121:0:Weekday:2:26SEP:12345',502,,28469,11,,,1,100,,28463,11,,,1,102,,28459,11,,,1,100,,28465,11,,,1,105,,28472,11,,,1,100,,28457,11,,,1,100,,28471,11,,,1,100,,28470,11,,,1,100,,28462,11,,,1,100,,28468,11,,,1,101,,28460,11,,,1,100,,28464,11,,,1,100,,28467,11,,,1,99,,28461,11,,,1,100,,28458,11,,,1,99,,28456,11,,,1,100,,28466,11,,,1
10900,'H:171:5:Saturday:1:26SEP:6',705,,28477,11,,,1,100,,28480,11,,,1,101,,28476,11,,,1,100,,28473,11,,,1,100,,28485,11,,,1,101,,28478,11,,,1,100,,28483,11,,,1,100,,28474,11,,,1,99,,28475,11,,,1,100,,28487,11,,,1,100,,28479,11,,,1,100,,28484,11,,,1,100,,28481,11,,,1,99,,28482,11,,,1,100,,28486,11,,,1
10900,'H:171:5:Saturday:2:26SEP:6',705,,28492,11,,,1,100,,28495,11,,,1,101,,28491,11,,,1,100,,28488,11,,,1,100,,28500,11,,,1,101,,28493,11,,,1,100,,28498,11,,,1,100,,28489,11,,,1,99,,28490,11,,,1,100,,28502,11,,,1,100,,28494,11,,,1,100,,28499,11,,,1,100,,28496,11,,,1,99,,28497,11,,,1,100,,28501,11,,,1
27001,'H:121:0:Weekday:1:26SEP:12345',534,,32157,6,,,1,20,,32156,6,0,5,1,100,,32155,6,0,5,1
27001,'H:121:0:Weekday:2:26SEP:12345',534,,32160,6,,,1,20,,32159,6,0,5,1,100,,32158,6,0,5,1
27101,'H:111:6:Sunday:1:26SEP:1234567',715,,32268,6,,,1,110,,32258,6,,,1,100,,32255,6,,,1,100,,32256,6,,,1,100,,32257,6,,,1,100,,32259,6,,,1,100,,32266,6,,,1,100,,32260,6,,,1,100,,32261,6,,,1,100,,32263,6,,,1,100,,32262,6,,,1,100,,32264,6,,,1,100,,32267,6,,,1,100,,32265,6,,,1
27101,'H:111:6:Sunday:2:26SEP:1234567',715,,32282,6,,,1,110,,32272,6,,,1,100,,32269,6,,,1,100,,32270,6,,,1,100,,32271,6,,,1,100,,32273,6,,,1,100,,32280,6,,,1,100,,32274,6,,,1,100,,32275,6,,,1,100,,32277,6,,,1,100,,32276,6,,,1,100,,32278,6,,,1,100,,32281,6,,,1,100,,32279,6,,,1
27101,'H:121:0:Weekday:1:26SEP:12345',625,,32283,6,,,1,100,,32284,6,,,1,100,,32293,6,,,1,200,,32285,6,,,1,200,,32286,6,,,1,200,,32287,6,,,1,200,,32288,6,,,1,200,,32289,6,,,1,100,,32290,6,,,1,100,,32291,6,,,1,100,,32292,6,,,1
27101,'H:121:0:Weekday:2:26SEP:12345',625,,32294,6,,,1,100,,32295,6,,,1,100,,32304,6,,,1,200,,32296,6,,,1,200,,32297,6,,,1,200,,32298,6,,,1,200,,32299,6,,,1,200,,32300,6,,,1,100,,32301,6,,,1,100,,32302,6,,,1,100,,32303,6,,,1
27101,'H:171:5:Saturday:1:26SEP:6',715,,32305,6,,,1,110,,32311,6,,,1,100,,32308,6,,,1,100,,32312,6,,,1,100,,32309,6,,,1,100,,32314,6,,,1,100,,32310,6,,,1,100,,32315,6,,,1,100,,32307,6,,,1,100,,32313,6,,,1,100,,32306,6,,,1,100,,32316,6,,,1,100,,32317,6,,,1,100,,32318,6,,,1,100,,32319,6,,,1
27101,'H:171:5:Saturday:2:26SEP:6',715,,32320,6,,,1,110,,32326,6,,,1,100,,32323,6,,,1,100,,32327,6,,,1,100,,32324,6,,,1,100,,32329,6,,,1,100,,32325,6,,,1,100,,32330,6,,,1,100,,32322,6,,,1,100,,32328,6,,,1,100,,32321,6,,,1,100,,32331,6,,,1,100,,32332,6,,,1,100,,32333,6,,,1,100,,32334,6,,,1
27101,'KP:321:0:Weekday:1:26SEP:12345',925,,32335,6,,,1,200,,32336,6,,,1,200,,32339,6,,,1,200,,32337,6,,,1,131,,32338,6,0,5,1,69,,32340,6,,,1
27101,'KP:321:0:Weekday:2:26SEP:12345',925,,32341,6,,,1,200,,32342,6,,,1,200,,32345,6,,,1,200,,32343,6,,,1,131,,32344,6,0,5,1,69,,32346,6,,,1
