27101,'H:113:6:Sunday:3:26MAR:1234567',732,,24704,21,,,1,110,,24694,21,,,1,100,,24691,21,,,1,101,,24692,21,,,1,100,,24693,21,,,1,100,,24695,21,,,1,100,,24702,21,,,1,100,,24696,21,,,1,100,,24697,21,,,1,100,,24699,21,,,1,100,,24698,21,,,1,99,,24700,21,,,1,100,,24703,21,,,1,100,,24701,21,,,1
27101,'H:123:0:Weekday:3:26MAR:12345',643,,24705,21,,,1,400,,24706,21,,,1,100,,24717,21,,,1,102,,24707,21,,,1,100,,24709,21,,,1,102,,24708,21,,,1,102,,24710,21,,,1,99,,24715,21,,,1,97,,24711,21,,,1,99,,24712,21,,,1,99,,24713,21,,,1,98,,24716,21,,,1,100,,24714,21,,,1
27101,'H:123:0:Weekday:4:26MAR:12345',643,,24718,21,,,1,401,,24719,22,,,1,100,,24730,22,,,1,102,,24720,22,,,1,100,,24722,22,,,1,102,,24721,22,,,1,102,,24723,22,,,1,99,,24728,22,,,1,97,,24724,22,,,1,99,,24725,22,,,1,99,,24726,22,,,1,98,,24729,22,,,1,100,,24727,22,,,1
27101,'H:173:5:Saturday:3:26MAR:6',731,,24731,21,,,1,111,,24737,21,,,1,101,,24734,21,,,1,101,,24738,21,,,1,101,,24735,21,,,1,100,,24740,21,,,1,100,,24736,21,,,1,100,,24741,21,,,1,99,,24733,21,,,1,100,,24739,21,,,1,100,,24732,21,,,1,99,,24742,21,,,1,100,,24743,21,,,1,99,,24744,21,,,1,100,,24745,21,,,1
27101,'KP:323:0:Weekday:3:26MAR:12345',744,,24746,21,,,1,100,,24748,21,,,1,99,,24747,21,,,1
27101,'KP:323:0:Weekday:4:26MAR:12345',744,,24749,21,,,1,101,,24751,22,,,1,99,,24750,22,,,1
90800,'H:123:0:Weekday:3:26MAR:12345',445,,27052,15,,,1
90800,'H:123:0:Weekday:4:26MAR:12345',445,,27053,15,,,1
90800,'KP:323:0:Weekday:3:26MAR:12345',515,,27055,15,,,1,95,,27054,15,,,1,36,,27057,15,,,1,111,,27056,15,,,1
90800,'KP:323:0:Weekday:4:26MAR:12345',515,,27059,15,,,1,95,,27058,15,,,1,36,,27061,15,,,1,111,,27060,15,,,1
