70300,'H:111:6:Sunday:1:26SEP:1234567',608,,34317,7,,,1,20,,34318,7,,,1,20,,34319,7,,,1,59,,34320,7,,,1,20,,34321,7,,,1,20,,34322,7,,,1,60,,34323,7,,,1,20,,34324,7,,,1,20,,34325,7,,,1,59,,34326,7,,,1,20,,34327,7,,,1,20,,34328,7,,,1,60,,34329,7,,,1,19,,34330,7,,,1,20,,34331,7,,,1,60,,34332,7,,,1,19,,34333,7,,,1,20,,34334,7,,,1,60,,34335,7,,,1,20,,34336,7,,,1,15,,34337,7,,,1,15,,34338,7,,,1,55,,34339,7,,,1,15,,34340,7,,,1,15,,34341,7,,,1,15,,34342,7,,,1,55,,34343,7,,,1,15,,34344,7,,,1,15,,34345,7,,,1,15,,34346,7,,,1,55,,34347,7,,,1,15,,34348,7,,,1,15,,34349,7,,,1,15,,34350,7,,,1,55,,34351,7,,,1,15,,34367,7,,,1,15,,34368,7,,,1,15,,34369,7,,,1,55,,34370,7,,,1,15,,34371,7,,,1,20,,34352,7,,,1,60,,34353,7,,,1,20,,34354,7,,,1,20,,34355,7,,,1,60,,34356,7,,,1,20,,34357,7,,,1,20,,34358,7,,,1,60,,34359,7,,,1,21,,34360,7,,,1,20,,34361,7,,,1,60,,34362,7,,,1,21,,34363,7,,,1,20,,34364,7,,,1,60,,34365,7,,,1,20,,34366,7,,,1
70300,'H:111:6:Sunday:2:26SEP:1234567',608,,34372,7,,,1,20,,34373,7,,,1,20,,34374,7,,,1,59,,34375,7,,,1,20,,34376,7,,,1,20,,34377,7,,,1,60,,34378,7,,,1,20,,34379,7,,,1,20,,34380,7,,,1,59,,34381,7,,,1,20,,34382,7,,,1,20,,34383,7,,,1,60,,34384,7,,,1,19,,34385,7,,,1,20,,34386,7,,,1,60,,34387,7,,,1,19,,34388,7,,,1,20,,34389,7,,,1,60,,34390,7,,,1,20,,34391,7,,,1,15,,34392,7,,,1,15,,34393,7,,,1,55,,34394,7,,,1,15,,34395,7,,,1,15,,34396,7,,,1,15,,34397,7,,,1,55,,34398,7,,,1,15,,34399,7,,,1,15,,34400,7,,,1,15,,34401,7,,,1,55,,34402,7,,,1,15,,34403,7,,,1,15,,34404,7,,,1,15,,34405,7,,,1,55,,34406,7,,,1,15,,34422,7,,,1,15,,34423,7,,,1,15,,34424,7,,,1,55,,34425,7,,,1,15,,34426,7,,,1,20,,34407,7,,,1,60,,34408,7,,,1,20,,34409,7,,,1,20,,34410,7,,,1,60,,34411,7,,,1,20,,34412,7,,,1,20,,34413,7,,,1,60,,34414,7,,,1,21,,34415,7,,,1,20,,34416,7,,,1,60,,34417,7,,,1,21,,34418,7,,,1,20,,34419,7,,,1,60,,34420,7,,,1,20,,34421,7,,,1
70300,'H:121:0:Weekday:1:26SEP:12345',413,,34522,7,,,1,20,,34510,7,,,1,14,,34524,7,,,1,55,,34512,7,,,1,15,,34495,7,,,1,14,,34484,7,,,1,15,,34494,7,,,1,10,,34507,7,,,1,50,,34499,7,,,1,10,,34497,7,,,1,10,,34513,7,,,1,10,,34501,7,,,1,10,,34515,7,,,1,9,,34503,7,,,1,50,,34518,7,,,1,10,,34505,7,,,1,10,,34520,7,,,1,10,,34508,7,,,1,10,,34521,7,,,1,10,,34509,7,,,1,50,,34523,7,,,1,9,,34511,7,,,1,10,,34498,7,,,1,10,,34517,7,,,1,10,,34485,7,,,1,11,,34486,7,,,1,50,,34500,7,,,1,10,,34514,7,,,1,10,,34502,7,,,1,10,,34516,7,,,1,10,,34504,7,,,1,10,,34519,7,,,1,50,,34506,7,,,1,10,,34481,7,,,1,9,,34432,7,,,1,10,,34440,7,,,1,10,,34429,7,,,1,10,,34463,7,,,1,50,,34452,7,,,1,10,,34480,7,,,1,10,,34489,7,,,1,10,,34492,7,,,1,10,,34441,7,,,1,10,,34491,7,,,1,50,,34455,7,,,1,10,,34456,7,,,1,10,,34457,7,,,1,10,,34435,7,,,1,10,,34427,7,,,1,10,,34459,7,,,1,50,,34430,7,,,1,10,,34466,7,,,1,10,,34449,7,,,1,10,,34482,7,,,1,10,,34450,7,,,1,9,,34475,7,,,1,50,,34438,7,,,1,10,,34464,7,,,1,10,,34443,7,,,1,10,,34434,7,,,1,10,,34444,7,,,1,10,,34476,7,,,1,50,,34490,7,,,1,10,,34493,7,,,1,10,,34474,7,,,1,10,,34446,7,,,1,9,,34487,7,,,1,10,,34465,7,,,1,50,,34470,7,,,1,9,,34471,7,,,1,9,,34454,7,,,1,10,,34525,7,,,1,10,,34479,7,,,1,10,,34488,7,,,1,50,,34496,7,,,1,10,,34478,7,,,1,11,,34453,7,,,1,10,,34437,7,,,1,10,,34447,7,,,1,11,,34433,7,,,1,50,,34462,7,,,1,10,,34428,7,,,1,10,,34458,7,,,1,10,,34436,7,,,1,11,,34460,7,,,1,15,,34483,7,,,1,56,,34448,7,,,1,15,,34468,7,,,1,15,,34461,7,,,1,15,,34431,7,,,1,55,,34451,7,,,1,15,,34526,7,,,1,15,,34472,7,,,1,15,,34527,7,,,1,56,,34528,7,,,1,15,,34529,7,,,1,15,,34473,7,,,1,61,,34445,7,,,1,20,,34477,7,,,1,20,,34467,7,,,1,61,,34439,7,,,1,20,,34469,7,,,1,20,,34442,7,,,1
70300,'H:121:0:Weekday:2:26SEP:12345',413,,34625,7,,,1,20,,34613,7,,,1,14,,34627,7,,,1,55,,34615,7,,,1,15,,34598,7,,,1,14,,34587,7,,,1,15,,34597,7,,,1,10,,34610,7,,,1,50,,34602,7,,,1,10,,34600,7,,,1,10,,34616,7,,,1,10,,34604,7,,,1,10,,34618,7,,,1,9,,34606,7,,,1,50,,34621,7,,,1,10,,34608,7,,,1,10,,34623,7,,,1,10,,34611,7,,,1,10,,34624,7,,,1,10,,34612,7,,,1,50,,34626,7,,,1,9,,34614,7,,,1,10,,34601,7,,,1,10,,34620,7,,,1,10,,34588,7,,,1,11,,34589,7,,,1,50,,34603,7,,,1,10,,34617,7,,,1,10,,34605,7,,,1,10,,34619,7,,,1,10,,34607,7,,,1,10,,34622,7,,,1,50,,34609,7,,,1,10,,34584,7,,,1,9,,34535,7,,,1,10,,34543,7,,,1,10,,34532,7,,,1,10,,34566,7,,,1,50,,34555,7,,,1,10,,34583,7,,,1,10,,34592,7,,,1,10,,34595,7,,,1,10,,34544,7,,,1,10,,34594,7,,,1,50,,34558,7,,,1,10,,34559,7,,,1,10,,34560,7,,,1,10,,34538,7,,,1,10,,34530,7,,,1,10,,34562,7,,,1,50,,34533,7,,,1,10,,34569,7,,,1,10,,34552,7,,,1,10,,34585,7,,,1,10,,34553,7,,,1,9,,34578,7,,,1,50,,34541,7,,,1,10,,34567,7,,,1,10,,34546,7,,,1,10,,34537,7,,,1,10,,34547,7,,,1,10,,34579,7,,,1,50,,34593,7,,,1,10,,34596,7,,,1,10,,34577,7,,,1,10,,34549,7,,,1,9,,34590,7,,,1,10,,34568,7,,,1,50,,34573,7,,,1,9,,34574,7,,,1,9,,34557,7,,,1,10,,34628,7,,,1,10,,34582,7,,,1,10,,34591,7,,,1,50,,34599,7,,,1,10,,34581,7,,,1,11,,34556,7,,,1,10,,34540,7,,,1,10,,34550,7,,,1,11,,34536,7,,,1,50,,34565,7,,,1,10,,34531,7,,,1,10,,34561,7,,,1,10,,34539,7,,,1,11,,34563,7,,,1,15,,34586,7,,,1,56,,34551,7,,,1,15,,34571,7,,,1,15,,34564,7,,,1,15,,34534,7,,,1,55,,34554,7,,,1,15,,34629,7,,,1,15,,34575,7,,,1,15,,34630,7,,,1,56,,34631,7,,,1,15,,34632,7,,,1,15,,34576,7,,,1,61,,34548,7,,,1,20,,34580,7,,,1,20,,34570,7,,,1,61,,34542,7,,,1,20,,34572,7,,,1,20,,34545,7,,,1
70300,'H:171:5:Saturday:1:26SEP:6',606,,34633,7,,,1,20,,34634,7,,,1,20,,34635,7,,,1,60,,34636,7,,,1,20,,34637,7,,,1,20,,34638,7,,,1,55,,34639,7,,,1,15,,34640,7,,,1,14,,34641,7,,,1,15,,34642,7,,,1,55,,34643,7,,,1,15,,34644,7,,,1,15,,34645,7,,,1,14,,34646,7,,,1,15,,34647,7,,,1,55,,34648,7,,,1,15,,34649,7,,,1,15,,34650,7,,,1,15,,34651,7,,,1,54,,34652,7,,,1,15,,34653,7,,,1,14,,34654,7,,,1,15,,34655,7,,,1,55,,34656,7,,,1,15,,34657,7,,,1,15,,34658,7,,,1,15,,34659,7,,,1,55,,34660,7,,,1,15,,34661,7,,,1,15,,34662,7,,,1,15,,34663,7,,,1,55,,34665,7,,,1,15,,34666,7,,,1,15,,34667,7,,,1,15,,34664,7,,,1,55,,34668,7,,,1,15,,34669,7,,,1,15,,34670,7,,,1,15,,34671,7,,,1,55,,34672,7,,,1,15,,34673,7,,,1,15,,34674,7,,,1,15,,34675,7,,,1,55,,34676,7,,,1,15,,34677,7,,,1,16,,34678,7,,,1,15,,34679,7,,,1,55,,34680,7,,,1,15,,34681,7,,,1,15,,34682,7,,,1,16,,34683,7,,,1,55,,34684,7,,,1,15,,34685,7,,,1,15,,34686,7,,,1,56,,34687,7,,,1,15,,34688,7,,,1,15,,34689,7,,,1,15,,34690,7,,,1,60,,34691,7,,,1,20,,34692,7,,,1,21,,34693,7,,,1,60,,34694,7,,,1,20,,34695,7,,,1,20,,34696,7,,,1,60,,34697,7,,,1
70300,'H:171:5:Saturday:2:26SEP:6',606,,34698,7,,,1,20,,34699,7,,,1,20,,34700,7,,,1,60,,34701,7,,,1,20,,34702,7,,,1,20,,34703,7,,,1,55,,34704,7,,,1,15,,34705,7,,,1,14,,34706,7,,,1,15,,34707,7,,,1,55,,34708,7,,,1,15,,34709,7,,,1,15,,34710,7,,,1,14,,34711,7,,,1,15,,34712,7,,,1,55,,34713,7,,,1,15,,34714,7,,,1,15,,34715,7,,,1,15,,34716,7,,,1,54,,34717,7,,,1,15,,34718,7,,,1,14,,34719,7,,,1,15,,34720,7,,,1,55,,34721,7,,,1,15,,34722,7,,,1,15,,34723,7,,,1,15,,34724,7,,,1,55,,34725,7,,,1,15,,34726,7,,,1,15,,34727,7,,,1,15,,34728,7,,,1,55,,34730,7,,,1,15,,34731,7,,,1,15,,34732,7,,,1,15,,34729,7,,,1,55,,34733,7,,,1,15,,34734,7,,,1,15,,34735,7,,,1,15,,34736,7,,,1,55,,34737,7,,,1,15,,34738,7,,,1,15,,34739,7,,,1,15,,34740,7,,,1,55,,34741,7,,,1,15,,34742,7,,,1,16,,34743,7,,,1,15,,34744,7,,,1,55,,34745,7,,,1,15,,34746,7,,,1,15,,34747,7,,,1,16,,34748,7,,,1,55,,34749,7,,,1,15,,34750,7,,,1,15,,34751,7,,,1,56,,34752,7,,,1,15,,34753,7,,,1,15,,34754,7,,,1,15,,34755,7,,,1,60,,34756,7,,,1,20,,34757,7,,,1,21,,34758,7,,,1,60,,34759,7,,,1,20,,34760,7,,,1,20,,34761,7,,,1,60,,34762,7,,,1
70301,'H:111:6:Sunday:1:26SEP:1234567',610,,34763,7,,,1,22,,34764,7,,,1,20,,34765,7,,,1,60,,34766,7,,,1,20,,34767,7,,,1,20,,34768,7,,,1,60,,34769,7,,,1,21,,34770,7,,,1,20,,34771,7,,,1,60,,34772,7,,,1,21,,34773,7,,,1,20,,34774,7,,,1,61,,34775,7,,,1,20,,34776,7,,,1,20,,34777,7,,,1,60,,34778,7,,,1,20,,34779,7,,,1,20,,34780,7,,,1,61,,34781,7,,,1,20,,34782,7,,,1,20,,34783,7,,,1,60,,34784,7,,,1,15,,34785,7,,,1,15,,34786,7,,,1,55,,34787,7,,,1,15,,34788,7,,,1,15,,34789,7,,,1,15,,34790,7,,,1,55,,34791,7,,,1,15,,34792,7,,,1,15,,34793,7,,,1,15,,34794,7,,,1,55,,34795,7,,,1,15,,34796,7,,,1,15,,34797,7,,,1,15,,34798,7,,,1,55,,34813,7,,,1,15,,34814,7,,,1,15,,34815,7,,,1,15,,34816,7,,,1,55,,34817,7,,,1,15,,34801,7,,,1,20,,34802,7,,,1,20,,34799,7,,,1,59,,34800,7,,,1,20,,34803,7,,,1,19,,34804,7,,,1,60,,34805,7,,,1,20,,34806,7,,,1,20,,34807,7,,,1,60,,34808,7,,,1,20,,34809,7,,,1,20,,34810,7,,,1,60,,34811,7,,,1,20,,34812,7,,,1
70301,'H:111:6:Sunday:2:26SEP:1234567',610,,34818,7,,,1,22,,34819,7,,,1,20,,34820,7,,,1,60,,34821,7,,,1,20,,34822,7,,,1,20,,34823,7,,,1,60,,34824,7,,,1,21,,34825,7,,,1,20,,34826,7,,,1,60,,34827,7,,,1,21,,34828,7,,,1,20,,34829,7,,,1,61,,34830,7,,,1,20,,34831,7,,,1,20,,34832,7,,,1,60,,34833,7,,,1,20,,34834,7,,,1,20,,34835,7,,,1,61,,34836,7,,,1,20,,34837,7,,,1,20,,34838,7,,,1,60,,34839,7,,,1,15,,34840,7,,,1,15,,34841,7,,,1,55,,34842,7,,,1,15,,34843,7,,,1,15,,34844,7,,,1,15,,34845,7,,,1,55,,34846,7,,,1,15,,34847,7,,,1,15,,34848,7,,,1,15,,34849,7,,,1,55,,34850,7,,,1,15,,34851,7,,,1,15,,34852,7,,,1,15,,34853,7,,,1,55,,34868,7,,,1,15,,34869,7,,,1,15,,34870,7,,,1,15,,34871,7,,,1,55,,34872,7,,,1,15,,34856,7,,,1,20,,34857,7,,,1,20,,34854,7,,,1,59,,34855,7,,,1,20,,34858,7,,,1,19,,34859,7,,,1,60,,34860,7,,,1,20,,34861,7,,,1,20,,34862,7,,,1,60,,34863,7,,,1,20,,34864,7,,,1,20,,34865,7,,,1,60,,34866,7,,,1,20,,34867,7,,,1
70301,'H:121:0:Weekday:1:26SEP:12345',427,,34900,7,,,1,15,,34945,7,,,1,15,,34905,7,,,1,56,,34950,7,,,1,15,,34911,7,,,1,16,,34957,7,,,1,15,,34917,7,,,1,55,,34962,7,,,1,10,,34923,7,,,1,10,,34969,7,,,1,10,,34930,7,,,1,10,,34890,7,,,1,50,,34878,7,,,1,10,,34882,7,,,1,10,,34886,7,,,1,10,,34891,7,,,1,10,,34942,7,,,1,10,,34874,7,,,1,50,,34903,7,,,1,10,,34948,7,,,1,10,,34907,7,,,1,10,,34955,7,,,1,10,,34915,7,,,1,10,,34961,7,,,1,50,,34922,7,,,1,10,,34967,7,,,1,10,,34928,7,,,1,10,,34974,7,,,1,10,,34885,7,,,1,10,,34919,7,,,1,50,,34889,7,,,1,10,,34964,7,,,1,10,,34925,7,,,1,10,,34971,7,,,1,10,,34932,7,,,1,10,,34875,7,,,1,50,,34887,7,,,1,11,,34880,7,,,1,10,,34884,7,,,1,10,,34938,7,,,1,10,,34954,7,,,1,10,,34881,7,,,1,50,,34914,7,,,1,11,,34960,7,,,1,10,,34921,7,,,1,10,,34966,7,,,1,10,,34927,7,,,1,10,,34973,7,,,1,50,,34877,7,,,1,10,,34876,7,,,1,10,,34883,7,,,1,10,,34879,7,,,1,10,,34888,7,,,1,10,,34953,7,,,1,50,,34894,7,,,1,10,,34929,7,,,1,10,,34937,7,,,1,10,,34898,7,,,1,11,,34968,7,,,1,10,,34936,7,,,1,50,,34947,7,,,1,10,,34897,7,,,1,10,,34941,7,,,1,10,,34902,7,,,1,11,,34943,7,,,1,10,,34908,7,,,1,50,,34952,7,,,1,10,,34913,7,,,1,11,,34959,7,,,1,10,,34920,7,,,1,10,,34965,7,,,1,10,,34926,7,,,1,50,,34972,7,,,1,10,,34933,7,,,1,10,,34909,7,,,1,10,,34935,7,,,1,10,,34873,7,,,1,10,,34896,7,,,1,50,,34940,7,,,1,10,,34901,7,,,1,10,,34946,7,,,1,9,,34906,7,,,1,9,,34951,7,,,1,10,,34912,7,,,1,50,,34958,7,,,1,9,,34918,7,,,1,15,,34963,7,,,1,15,,34924,7,,,1,55,,34970,7,,,1,15,,34931,7,,,1,15,,34893,7,,,1,14,,34934,7,,,1,55,,34892,7,,,1,15,,34895,7,,,1,15,,34975,7,,,1,14,,34976,7,,,1,15,,34977,7,,,1,55,,34939,7,,,1,19,,34899,7,,,1,20,,34944,7,,,1,60,,34904,7,,,1,20,,34949,7,,,1,20,,34910,7,,,1,60,,34956,7,,,1,35,,34916,7,,,1
70301,'H:121:0:Weekday:2:26SEP:12345',427,,35005,7,,,1,15,,35050,7,,,1,15,,35010,7,,,1,56,,35055,7,,,1,15,,35016,7,,,1,16,,35062,7,,,1,15,,35022,7,,,1,55,,35067,7,,,1,10,,35028,7,,,1,10,,35074,7,,,1,10,,35035,7,,,1,10,,34995,7,,,1,50,,34983,7,,,1,10,,34987,7,,,1,10,,34991,7,,,1,10,,34996,7,,,1,10,,35047,7,,,1,10,,34979,7,,,1,50,,35008,7,,,1,10,,35053,7,,,1,10,,35012,7,,,1,10,,35060,7,,,1,10,,35020,7,,,1,10,,35066,7,,,1,50,,35027,7,,,1,10,,35072,7,,,1,10,,35033,7,,,1,10,,35079,7,,,1,10,,34990,7,,,1,10,,35024,7,,,1,50,,34994,7,,,1,10,,35069,7,,,1,10,,35030,7,,,1,10,,35076,7,,,1,10,,35037,7,,,1,10,,34980,7,,,1,50,,34992,7,,,1,11,,34985,7,,,1,10,,34989,7,,,1,10,,35043,7,,,1,10,,35059,7,,,1,10,,34986,7,,,1,50,,35019,7,,,1,11,,35065,7,,,1,10,,35026,7,,,1,10,,35071,7,,,1,10,,35032,7,,,1,10,,35078,7,,,1,50,,34982,7,,,1,10,,34981,7,,,1,10,,34988,7,,,1,10,,34984,7,,,1,10,,34993,7,,,1,10,,35058,7,,,1,50,,34999,7,,,1,10,,35034,7,,,1,10,,35042,7,,,1,10,,35003,7,,,1,11,,35073,7,,,1,10,,35041,7,,,1,50,,35052,7,,,1,10,,35002,7,,,1,10,,35046,7,,,1,10,,35007,7,,,1,11,,35048,7,,,1,10,,35013,7,,,1,50,,35057,7,,,1,10,,35018,7,,,1,11,,35064,7,,,1,10,,35025,7,,,1,10,,35070,7,,,1,10,,35031,7,,,1,50,,35077,7,,,1,10,,35038,7,,,1,10,,35014,7,,,1,10,,35040,7,,,1,10,,34978,7,,,1,10,,35001,7,,,1,50,,35045,7,,,1,10,,35006,7,,,1,10,,35051,7,,,1,9,,35011,7,,,1,9,,35056,7,,,1,10,,35017,7,,,1,50,,35063,7,,,1,9,,35023,7,,,1,15,,35068,7,,,1,15,,35029,7,,,1,55,,35075,7,,,1,15,,35036,7,,,1,15,,34998,7,,,1,14,,35039,7,,,1,55,,34997,7,,,1,15,,35000,7,,,1,15,,35080,7,,,1,14,,35081,7,,,1,15,,35082,7,,,1,55,,35044,7,,,1,19,,35004,7,,,1,20,,35049,7,,,1,60,,35009,7,,,1,20,,35054,7,,,1,20,,35015,7,,,1,60,,35061,7,,,1,35,,35021,7,,,1
70301,'H:171:5:Saturday:1:26SEP:6',611,,35083,7,,,1,20,,35084,7,,,1,20,,35085,7,,,1,60,,35086,7,,,1,21,,35087,7,,,1,20,,35088,7,,,1,60,,35089,7,,,1,15,,35090,7,,,1,15,,35091,7,,,1,16,,35092,7,,,1,55,,35093,7,,,1,15,,35094,7,,,1,15,,35095,7,,,1,16,,35096,7,,,1,55,,35097,7,,,1,15,,35098,7,,,1,15,,35099,7,,,1,15,,35100,7,,,1,56,,35101,7,,,1,15,,35102,7,,,1,16,,35103,7,,,1,55,,35104,7,,,1,16,,35106,7,,,1,15,,35107,7,,,1,15,,35108,7,,,1,55,,35105,7,,,1,15,,35109,7,,,1,15,,35110,7,,,1,15,,35111,7,,,1,55,,35112,7,,,1,15,,35114,7,,,1,15,,35115,7,,,1,15,,35116,7,,,1,55,,35113,7,,,1,15,,35117,7,,,1,15,,35118,7,,,1,15,,35119,7,,,1,55,,35120,7,,,1,15,,35121,7,,,1,15,,35122,7,,,1,15,,35123,7,,,1,55,,35124,7,,,1,15,,35125,7,,,1,15,,35126,7,,,1,15,,35127,7,,,1,55,,35128,7,,,1,15,,35129,7,,,1,15,,35130,7,,,1,14,,35131,7,,,1,55,,35132,7,,,1,14,,35133,7,,,1,15,,35134,7,,,1,15,,35135,7,,,1,55,,35136,7,,,1,15,,35137,7,,,1,15,,35138,7,,,1,15,,35139,7,,,1,55,,35140,7,,,1,15,,35141,7,,,1,20,,35142,7,,,1,20,,35143,7,,,1,60,,35144,7,,,1,19,,35145,7,,,1,20,,35146,7,,,1,60,,35147,7,,,1
70301,'H:171:5:Saturday:2:26SEP:6',611,,35148,7,,,1,20,,35149,7,,,1,20,,35150,7,,,1,60,,35151,7,,,1,21,,35152,7,,,1,20,,35153,7,,,1,60,,35154,7,,,1,15,,35155,7,,,1,15,,35156,7,,,1,16,,35157,7,,,1,55,,35158,7,,,1,15,,35159,7,,,1,15,,35160,7,,,1,16,,35161,7,,,1,55,,35162,7,,,1,15,,35163,7,,,1,15,,35164,7,,,1,15,,35165,7,,,1,56,,35166,7,,,1,15,,35167,7,,,1,16,,35168,7,,,1,55,,35169,7,,,1,16,,35171,7,,,1,15,,35172,7,,,1,15,,35173,7,,,1,55,,35170,7,,,1,15,,35174,7,,,1,15,,35175,7,,,1,15,,35176,7,,,1,55,,35177,7,,,1,15,,35179,7,,,1,15,,35180,7,,,1,15,,35181,7,,,1,55,,35178,7,,,1,15,,35182,7,,,1,15,,35183,7,,,1,15,,35184,7,,,1,55,,35185,7,,,1,15,,35186,7,,,1,15,,35187,7,,,1,15,,35188,7,,,1,55,,35189,7,,,1,15,,35190,7,,,1,15,,35191,7,,,1,15,,35192,7,,,1,55,,35193,7,,,1,15,,35194,7,,,1,15,,35195,7,,,1,14,,35196,7,,,1,55,,35197,7,,,1,14,,35198,7,,,1,15,,35199,7,,,1,15,,35200,7,,,1,55,,35201,7,,,1,15,,35202,7,,,1,15,,35203,7,,,1,15,,35204,7,,,1,55,,35205,7,,,1,15,,35206,7,,,1,20,,35207,7,,,1,20,,35208,7,,,1,60,,35209,7,,,1,19,,35210,7,,,1,20,,35211,7,,,1,60,,35212,7,,,1
