10901,'H:111:6:Sunday:1:26SEP:1234567',820,,28503,28,,,1,102,,28515,28,,,1,102,,28507,28,,,1,100,,28512,28,,,1,101,,28504,28,,,1,100,,28505,28,,,1,100,,28513,28,,,1,100,,28508,28,,,1,100,,28511,28,,,1,100,,28506,28,,,1,98,,28509,28,,,1,100,,28514,28,,,1,100,,28510,28,,,1,99,,28516,28,,,1
10901,'H:121:0:Weekday:1:26SEP:12345',519,,28532,28,,,1,103,,28542,28,,,1,105,,28543,28,,,1,99,,28546,28,,,1,100,,28548,28,,,1,99,,28538,28,,,1,100,,28541,28,,,1,91,,28537,28,,,1,103,,28536,28,,,1,96,,28547,28,,,1,100,,28540,28,,,1,103,,28535,28,,,1,102,,28545,28,,,1,100,,28539,28,,,1,98,,28544,28,,,1,106,,28533,28,,,1,109,,28534,28,,,1,98,,28531,28,,,1
10901,'H:171:5:Saturday:1:26SEP:6',722,,28567,28,,,1,102,,28580,28,,,1,100,,28573,28,,,1,101,,28578,28,,,1,100,,28569,28,,,1,101,,28568,28,,,1,102,,28581,28,,,1,100,,28572,28,,,1,100,,28576,28,,,1,100,,28570,28,,,1,100,,28571,28,,,1,99,,28579,28,,,1,98,,28574,28,,,1,99,,28577,28,,,1,99,,28575,28,,,1
27000,'H:121:0:Weekday:1:26SEP:12345',513,,32145,29,,,1,113,,32146,29,,,1,101,,32148,29,,,1,1497,,32147,29,,,1
27000,'KP:321:0:Weekday:1:26SEP:12345',1822,,32153,14,,,1
27100,'H:111:6:Sunday:1:26SEP:1234567',747,,32161,43,,,1,100,,32162,43,,,1,102,,32172,43,,,1,101,,32163,43,,,1,100,,32164,43,,,1,103,,32165,43,,,1,101,,32166,43,,,1,101,,32167,43,,,1,100,,32174,43,,,1,100,,32168,43,,,1,97,,32169,43,,,1,100,,32170,43,,,1,98,,32171,43,,,1,98,,32173,43,,,1
27100,'H:121:0:Weekday:1:26SEP:12345',700,,32198,29,,,1,102,,32189,29,,,1,105,,32190,43,,,1,101,,32191,43,,,1,101,,32199,43,,,1,199,,32192,43,,,1,204,,32193,43,,,1,200,,32194,43,,,1,193,,32195,43,,,1,197,,32196,43,,,1,100,,32197,43,,,1
27100,'H:171:5:Saturday:1:26SEP:6',749,,32220,43,,,1,100,,32212,43,,,1,104,,32221,43,,,1,101,,32213,43,,,1,101,,32219,43,,,1,100,,32211,43,,,1,100,,32218,43,,,1,100,,32214,43,,,1,100,,32222,43,,,1,99,,32215,43,,,1,99,,32217,43,,,1,98,,32216,43,,,1,99,,32223,43,,,1,100,,32224,43,,,1,100,,32225,43,,,1
27100,'KP:321:0:Weekday:1:26SEP:12345',552,,32246,29,,,1,285,,32241,43,,,1,371,,32242,43,,,1,201,,32243,43,,,1,206,,32245,43,,,1,195,,32244,43,,,1,192,,32247,43,,,1
90801,'H:121:0:Weekday:1:26SEP:12345',1850,,35427,26,,,1
90801,'KP:321:0:Weekday:1:26SEP:12345',1646,,35429,26,,,1,88,,35431,26,,,1,86,,35432,26,,,1,107,,35430,26,,,1
