10600,'H:111:6:Sunday:1:26SEP:1234567',711,,28226,34,,,1,101,,28213,34,,,1,102,,28214,34,,,1,101,,28215,34,,,1,101,,28216,34,,,1,100,,28217,34,,,1,101,,28218,34,,,1,101,,28219,34,,,1,100,,28221,34,,,1,98,,28220,34,,,1,100,,28222,34,,,1,100,,28223,34,,,1,99,,28224,34,,,1,99,,28225,34,,,1,99,,28227,34,,,1
10600,'H:121:0:Weekday:1:26SEP:12345',525,,28243,34,,,1,103,,28244,34,,,1,102,,28245,34,,,1,103,,28246,34,,,1,100,,28247,34,,,1,99,,28248,34,,,1,100,,28249,34,,,1,100,,28250,34,,,1,101,,28251,34,,,1,102,,28252,34,,,1,100,,28253,34,,,1,102,,28254,34,,,1,100,,28255,34,,,1,96,,28256,34,,,1,97,,28257,34,,,1,98,,28258,34,,,1,99,,28259,34,,,1
10600,'H:171:5:Saturday:1:26SEP:6',610,,28290,34,,,1,100,,28291,34,,,1,102,,28277,34,,,1,101,,28278,34,,,1,103,,28279,34,,,1,101,,28280,34,,,1,100,,28281,34,,,1,101,,28282,34,,,1,100,,28284,34,,,1,100,,28285,34,,,1,99,,28287,34,,,1,100,,28283,34,,,1,100,,28288,34,,,1,99,,28289,34,,,1,98,,28286,34,,,1,98,,28292,34,,,1,100,,28293,34,,,1
10601,'H:111:6:Sunday:1:26SEP:1234567',705,,28325,11,,,1,100,,28311,11,,,1,100,,28312,11,,,1,100,,28313,11,,,1,100,,28314,11,,,1,100,,28315,11,,,1,100,,28316,11,,,1,100,,28317,11,,,1,100,,28319,11,,,1,100,,28320,11,,,1,100,,28321,11,,,1,100,,28318,11,,,1,100,,28322,11,,,1,100,,28323,11,,,1,100,,28324,11,,,1
10601,'H:121:0:Weekday:1:26SEP:12345',520,,28341,11,,,1,103,,28342,11,,,1,100,,28343,11,,,1,101,,28344,11,,,1,100,,28345,11,,,1,99,,28346,11,,,1,100,,28348,11,,,1,100,,28349,11,,,1,101,,28350,11,,,1,100,,28347,11,,,1,101,,28352,11,,,1,100,,28358,11,,,1,100,,28353,11,,,1,100,,28351,11,,,1,99,,28354,11,,,1,99,,28355,11,,,1,99,,28356,11,,,1,99,,28357,11,,,1
10601,'H:171:5:Saturday:1:26SEP:6',605,,28391,11,,,1,100,,28390,11,,,1,100,,28377,11,,,1,100,,28378,11,,,1,100,,28379,11,,,1,100,,28380,11,,,1,100,,28382,11,,,1,100,,28383,11,,,1,100,,28384,11,,,1,100,,28381,11,,,1,100,,28385,11,,,1,100,,28386,11,,,1,100,,28387,11,,,1,100,,28388,11,,,1,100,,28389,11,,,1,100,,28392,11,,,1,100,,28393,11,,,1
12000,'H:111:6:Sunday:1:26SEP:1234567',735,,29761,11,,,1,100,,29762,11,,,1,100,,29763,11,,,1,99,,29760,11,,,1,100,,29764,11,,,1,98,,29765,11,,,1,100,,29766,11,,,1,100,,29767,11,,,1,100,,29768,11,,,1,100,,29769,11,,,1,100,,29770,11,,,1,100,,29771,11,,,1,102,,29759,11,,,1,100,,29772,11,,,1
12000,'H:121:0:Weekday:1:26SEP:12345',429,,29804,11,,,1,84,,29805,11,,,1,28,,29791,11,,,1,68,,29806,11,,,1,28,,29789,11,,,1,70,,29807,11,,,1,29,,29787,11,,,1,71,,29808,11,,,1,30,,29788,11,,,1,70,,29813,11,,,1,33,,29790,11,,,1,70,,29814,11,,,1,30,,29794,11,,,1,70,,29815,11,,,1,30,,29792,11,,,1,70,,29816,11,,,1,29,,29795,11,,,1,69,,29817,11,,,1,30,,29793,11,,,1,70,,29818,11,,,1,29,,29797,11,,,1,67,,29809,11,,,1,29,,29798,11,,,1,70,,29810,11,,,1,29,,29796,11,,,1,71,,29811,11,,,1,32,,29803,11,,,1,70,,29812,11,,,1,34,,29801,11,,,1,99,,29802,11,,,1,101,,29799,11,,,1,102,,29800,11,,,1
12000,'H:171:5:Saturday:1:26SEP:6',536,,29856,11,,,1,100,,29855,11,,,1,98,,29859,11,,,1,99,,29858,11,,,1,100,,29861,11,,,1,100,,29860,11,,,1,99,,29857,11,,,1,99,,29863,11,,,1,100,,29864,11,,,1,100,,29862,11,,,1,100,,29866,11,,,1,101,,29865,11,,,1,101,,29854,11,,,1,100,,29852,11,,,1,101,,29851,11,,,1,101,,29853,11,,,1,101,,29867,11,,,1
12001,'H:111:6:Sunday:1:26SEP:1234567',739,,29898,32,,,1,100,,29888,32,,,1,100,,29886,32,,,1,101,,29889,32,,,1,101,,29897,32,,,1,100,,29887,32,,,1,100,,29892,32,,,1,100,,29890,32,,,1,100,,29893,32,,,1,100,,29891,32,,,1,100,,29895,32,,,1,100,,29896,32,,,1,99,,29894,32,,,1,99,,29885,32,,,1
12001,'H:121:0:Weekday:1:26SEP:12345',544,,29930,32,,,1,70,,29931,32,,,1,31,,29914,32,,,1,71,,29932,32,,,1,33,,29929,32,,,1,71,,29933,32,,,1,29,,29927,32,,,1,69,,29934,32,,,1,29,,29928,32,,,1,69,,29938,32,,,1,29,,29916,32,,,1,70,,29939,32,,,1,31,,29917,32,,,1,70,,29940,32,,,1,30,,29918,32,,,1,71,,29941,32,,,1,30,,29919,32,,,1,70,,29942,32,,,1,31,,29920,32,,,1,70,,29943,32,,,1,31,,29921,32,,,1,71,,29935,32,,,1,30,,29913,32,,,1,70,,29936,32,,,1,31,,29915,32,,,1,68,,29937,32,,,1,28,,29922,32,,,1,100,,29926,32,,,1,97,,29925,32,,,1,100,,29923,32,,,1,98,,29924,32,,,1
12001,'H:171:5:Saturday:1:26SEP:6',639,,29975,32,,,1,100,,29976,32,,,1,101,,29977,32,,,1,101,,29980,32,,,1,100,,29988,32,,,1,100,,29984,32,,,1,100,,29986,32,,,1,100,,29989,32,,,1,100,,29987,32,,,1,101,,29979,32,,,1,100,,29985,32,,,1,100,,29981,32,,,1,100,,29983,32,,,1,99,,29978,32,,,1,99,,29990,32,,,1,100,,29982,32,,,1
12100,'H:111:6:Sunday:1:26SEP:1234567',710,,30007,16,,,1,101,,30008,16,,,1,102,,30009,16,,,1,100,,30010,16,,,1,101,,30011,16,,,1,101,,30012,16,,,1,101,,30013,16,,,1,100,,30014,16,,,1,100,,30015,16,,,1,99,,30016,16,,,1,100,,30017,16,,,1,100,,30018,16,,,1,99,,30019,16,,,1,99,,30020,16,,,1
12100,'H:121:0:Weekday:1:26SEP:12345',540,,30053,16,,,1,66,,30051,16,,,1,25,,30058,16,,,1,27,,30052,16,,,1,66,,30057,16,,,1,26,,30049,16,,,1,66,,30054,16,,,1,30,,30059,16,,,1,64,,30061,16,,,1,30,,30055,16,,,1,94,,30056,16,,,1,90,,30050,16,,,1,90,,30042,16,,,1,90,,30048,16,,,1,50,,30040,16,,,1,96,,30046,16,,,1,72,,30062,16,,,1,30,,30047,16,,,1,73,,30043,16,,,1,32,,30045,16,,,1,77,,30044,16,,,1,73,,30041,16,,,1,25,,30035,16,,,1,69,,30060,16,,,1,34,,30039,16,,,1,97,,30038,16,,,1,100,,30036,16,,,1,99,,30037,16,,,1
12100,'H:171:5:Saturday:1:26SEP:6',610,,30092,16,,,1,100,,30093,16,,,1,102,,30094,16,,,1,101,,30091,16,,,1,101,,30095,16,,,1,101,,30096,16,,,1,100,,30097,16,,,1,100,,30098,16,,,1,100,,30099,16,,,1,101,,30100,16,,,1,100,,30101,16,,,1,100,,30102,16,,,1,99,,30103,16,,,1,99,,30104,16,,,1,99,,30105,16,,,1
12101,'H:111:6:Sunday:1:26SEP:1234567',713,,30121,17,,,1,101,,30122,17,,,1,101,,30123,17,,,1,100,,30124,17,,,1,100,,30125,17,,,1,100,,30126,17,,,1,100,,30127,17,,,1,100,,30129,17,,,1,100,,30130,17,,,1,99,,30131,17,,,1,100,,30128,17,,,1,99,,30132,17,,,1,100,,30133,17,,,1,99,,30134,17,,,1
12101,'H:121:0:Weekday:1:26SEP:12345',512,,30166,17,,,1,30,,30149,17,,,1,65,,30164,17,,,1,25,,30169,17,,,1,26,,30173,17,,,1,66,,30171,17,,,1,26,,30174,17,,,1,65,,30163,17,,,1,29,,30157,17,,,1,95,,30165,17,,,1,95,,30167,17,,,1,90,,30168,17,,,1,90,,30158,17,,,1,90,,30159,17,,,1,50,,30170,17,,,1,95,,30152,17,,,1,72,,30161,17,,,1,31,,30172,17,,,1,70,,30155,17,,,1,34,,30153,17,,,1,70,,30160,17,,,1,30,,30150,17,,,1,74,,30151,17,,,1,70,,30162,17,,,1,29,,30176,17,,,1,94,,30154,17,,,1,100,,30156,17,,,1,100,,30175,17,,,1
12101,'H:171:5:Saturday:1:26SEP:6',612,,30205,17,,,1,100,,30206,17,,,1,102,,30207,17,,,1,100,,30208,17,,,1,100,,30209,17,,,1,100,,30210,17,,,1,100,,30211,17,,,1,100,,30212,17,,,1,100,,30213,17,,,1,100,,30214,17,,,1,100,,30215,17,,,1,100,,30216,17,,,1,100,,30217,17,,,1,100,,30218,17,,,1,99,,30219,17,,,1
