20101,'H:111:6:Sunday:1:26SEP:1234567',746,,30923,22,,,1,100,,30909,22,,,1,101,,30911,22,,,1,90,,30912,22,,,1,80,,30914,22,,,1,41,,30915,22,,,1,80,,30913,22,,,1,80,,30910,22,,,1,40,,30917,22,,,1,80,,30918,22,,,1,80,,30919,22,,,1,40,,30920,22,,,1,80,,30916,22,,,1,80,,30924,22,,,1,40,,30925,22,,,1,79,,30926,22,,,1,80,,30927,22,,,1,40,,30928,22,,,1,90,,30921,22,,,1,99,,30922,22,,,1
20101,'H:111:6:Sunday:2:26SEP:1234567',746,,30943,22,,,1,100,,30929,22,,,1,101,,30931,22,,,1,90,,30932,22,,,1,80,,30934,22,,,1,41,,30935,22,,,1,80,,30933,22,,,1,80,,30930,22,,,1,40,,30937,22,,,1,80,,30938,22,,,1,80,,30939,22,,,1,40,,30940,22,,,1,80,,30936,22,,,1,80,,30944,22,,,1,40,,30945,22,,,1,79,,30946,22,,,1,80,,30947,22,,,1,40,,30948,22,,,1,90,,30941,22,,,1,99,,30942,22,,,1
20101,'H:121:0:Weekday:1:26SEP:12345',612,,30952,22,,,1,221,,30966,22,,,1,69,,30962,22,,,1,434,,30963,22,,,1,101,,30960,22,,,1,70,,30965,22,,,1,131,,30961,22,,,1,99,,30955,22,,,1,68,,30956,22,,,1,30,,30964,22,,,1,68,,30954,22,,,1,30,,30953,22,,,1,69,,30949,22,,,1,29,,30951,22,,,1,70,,30950,22,,,1,30,,30958,22,,,1,70,,30959,22,,,1,29,,30957,22,,,1
20101,'H:121:0:Weekday:2:26SEP:12345',612,,30970,22,,,1,221,,30984,22,,,1,69,,30980,22,,,1,434,,30981,22,,,1,101,,30978,22,,,1,70,,30983,22,,,1,131,,30979,22,,,1,99,,30973,22,,,1,68,,30974,22,,,1,30,,30982,22,,,1,68,,30972,22,,,1,30,,30971,22,,,1,69,,30967,22,,,1,29,,30969,22,,,1,70,,30968,22,,,1,30,,30976,22,,,1,70,,30977,22,,,1,29,,30975,22,,,1
20101,'H:171:5:Saturday:1:26SEP:6',747,,30991,22,,,1,101,,30985,22,,,1,101,,30986,22,,,1,90,,30997,22,,,1,80,,30990,22,,,1,40,,30987,22,,,1,81,,30988,22,,,1,80,,30999,22,,,1,80,,30993,22,,,1,40,,30989,22,,,1,80,,30992,22,,,1,80,,30998,22,,,1,40,,30995,22,,,1,80,,31001,22,,,1,39,,31002,22,,,1,79,,31003,22,,,1,79,,31004,22,,,1,40,,31005,22,,,1,90,,30996,22,,,1,100,,30994,22,,,1,100,,31000,22,,,1
20101,'H:171:5:Saturday:2:26SEP:6',747,,31012,22,,,1,101,,31006,22,,,1,101,,31007,22,,,1,90,,31018,22,,,1,80,,31011,22,,,1,40,,31008,22,,,1,81,,31009,22,,,1,80,,31020,22,,,1,80,,31014,22,,,1,40,,31010,22,,,1,80,,31013,22,,,1,80,,31019,22,,,1,40,,31016,22,,,1,80,,31022,22,,,1,39,,31023,22,,,1,79,,31024,22,,,1,79,,31025,22,,,1,40,,31026,22,,,1,90,,31017,22,,,1,100,,31015,22,,,1,100,,31021,22,,,1
20101,'KP:321:0:Weekday:1:26SEP:12345',652,,31027,22,,,1,80,,31028,22,,,1,71,,31035,22,,,1,129,,31036,22,,,1,70,,31037,22,,,1,31,,31038,22,,,1,70,,31039,22,,,1,31,,31033,22,,,1,70,,31041,22,,,1,31,,31040,22,,,1,70,,31029,22,,,1,102,,31032,22,,,1,131,,31031,22,,,1,70,,31034,22,,,1,100,,31030,22,,,1
20101,'KP:321:0:Weekday:2:26SEP:12345',652,,31042,22,,,1,80,,31043,22,,,1,71,,31050,22,,,1,129,,31051,22,,,1,70,,31052,22,,,1,31,,31053,22,,,1,70,,31054,22,,,1,31,,31048,22,,,1,70,,31056,22,,,1,31,,31055,22,,,1,70,,31044,22,,,1,102,,31047,22,,,1,131,,31046,22,,,1,70,,31049,22,,,1,100,,31045,22,,,1
20201,'H:111:6:Sunday:1:26SEP:1234567',655,,31238,22,,,1,161,,31219,22,,,1,101,,31220,22,,,1,100,,31222,22,,,1,40,,31223,22,,,1,81,,31221,22,,,1,80,,31225,22,,,1,40,,31224,22,,,1,80,,31226,22,,,1,80,,31227,22,,,1,40,,31228,22,,,1,80,,31230,22,,,1,80,,31229,22,,,1,40,,31231,22,,,1,80,,31233,22,,,1,80,,31234,22,,,1,39,,31235,22,,,1,80,,31236,22,,,1,80,,31237,22,,,1,99,,31232,22,,,1,99,,31239,22,,,1
20201,'H:111:6:Sunday:2:26SEP:1234567',655,,31259,22,,,1,161,,31240,22,,,1,101,,31241,22,,,1,100,,31243,22,,,1,40,,31244,22,,,1,81,,31242,22,,,1,80,,31246,22,,,1,40,,31245,22,,,1,80,,31247,22,,,1,80,,31248,22,,,1,40,,31249,22,,,1,80,,31251,22,,,1,80,,31250,22,,,1,40,,31252,22,,,1,80,,31254,22,,,1,80,,31255,22,,,1,39,,31256,22,,,1,80,,31257,22,,,1,80,,31258,22,,,1,99,,31253,22,,,1,99,,31260,22,,,1
20201,'H:121:0:Weekday:1:26SEP:12345',510,,31278,22,,,1,202,,31269,22,,,1,35,,31275,22,,,1,71,,31280,22,,,1,200,,31276,22,,,1,30,,31277,22,,,1,71,,31274,22,,,1,30,,31279,22,,,1,273,,31273,22,,,1,101,,31266,22,,,1,130,,31265,22,,,1,99,,31267,22,,,1,97,,31268,22,,,1,98,,31264,22,,,1,70,,31262,22,,,1,29,,31261,22,,,1,70,,31270,22,,,1,30,,31271,22,,,1,69,,31272,22,,,1,91,,31263,22,,,1
20201,'H:121:0:Weekday:2:26SEP:12345',510,,31298,22,,,1,202,,31289,22,,,1,35,,31295,22,,,1,71,,31300,22,,,1,200,,31296,22,,,1,30,,31297,22,,,1,71,,31294,22,,,1,30,,31299,22,,,1,273,,31293,22,,,1,101,,31286,22,,,1,130,,31285,22,,,1,99,,31287,22,,,1,97,,31288,22,,,1,98,,31284,22,,,1,70,,31282,22,,,1,29,,31281,22,,,1,70,,31290,22,,,1,30,,31291,22,,,1,69,,31292,22,,,1,91,,31283,22,,,1
20201,'H:171:5:Saturday:1:26SEP:6',627,,31322,22,,,1,30,,31315,22,,,1,160,,31306,22,,,1,101,,31308,22,,,1,101,,31314,22,,,1,40,,31303,22,,,1,80,,31302,22,,,1,81,,31311,22,,,1,80,,31312,22,,,1,40,,31304,22,,,1,80,,31301,22,,,1,80,,31305,22,,,1,40,,31307,22,,,1,80,,31309,22,,,1,80,,31310,22,,,1,39,,31317,22,,,1,80,,31318,22,,,1,38,,31319,22,,,1,80,,31320,22,,,1,80,,31321,22,,,1,100,,31313,22,,,1,100,,31316,22,,,1,100,,31323,22,,,1
20201,'H:171:5:Saturday:2:26SEP:6',627,,31345,22,,,1,30,,31338,22,,,1,160,,31329,22,,,1,101,,31331,22,,,1,101,,31337,22,,,1,40,,31326,22,,,1,80,,31325,22,,,1,81,,31334,22,,,1,80,,31335,22,,,1,40,,31327,22,,,1,80,,31324,22,,,1,80,,31328,22,,,1,40,,31330,22,,,1,80,,31332,22,,,1,80,,31333,22,,,1,39,,31340,22,,,1,80,,31341,22,,,1,38,,31342,22,,,1,80,,31343,22,,,1,80,,31344,22,,,1,100,,31336,22,,,1,100,,31339,22,,,1,100,,31346,22,,,1
20201,'KP:321:0:Weekday:1:26SEP:12345',551,,31347,22,,,1,81,,31355,22,,,1,215,,31356,22,,,1,70,,31357,22,,,1,30,,31360,22,,,1,273,,31358,22,,,1,30,,31359,22,,,1,70,,31361,22,,,1,31,,31348,22,,,1,101,,31353,22,,,1,101,,31354,22,,,1,70,,31349,22,,,1,99,,31350,22,,,1,98,,31351,22,,,1,98,,31352,22,,,1
20201,'KP:321:0:Weekday:2:26SEP:12345',551,,31362,22,,,1,81,,31370,22,,,1,215,,31371,22,,,1,70,,31372,22,,,1,30,,31375,22,,,1,273,,31373,22,,,1,30,,31374,22,,,1,70,,31376,22,,,1,31,,31363,22,,,1,101,,31368,22,,,1,101,,31369,22,,,1,70,,31364,22,,,1,99,,31365,22,,,1,98,,31366,22,,,1,98,,31367,22,,,1
