10901,'H:111:6:Sunday:1:26SEP:1234567',807,,28503,22,,,1,100,,28515,22,,,1,102,,28507,22,,,1,100,,28512,22,,,1,100,,28504,22,,,1,100,,28505,22,,,1,100,,28513,22,,,1,101,,28508,22,,,1,100,,28511,22,,,1,100,,28506,22,,,1,99,,28509,22,,,1,100,,28514,22,,,1,100,,28510,22,,,1,100,,28516,22,,,1
10901,'H:111:6:Sunday:2:26SEP:1234567',807,,28517,22,,,1,100,,28529,22,,,1,102,,28521,22,,,1,100,,28526,22,,,1,100,,28518,22,,,1,100,,28519,22,,,1,100,,28527,22,,,1,101,,28522,22,,,1,100,,28525,22,,,1,100,,28520,22,,,1,99,,28523,22,,,1,100,,28528,22,,,1,100,,28524,22,,,1,100,,28530,22,,,1
10901,'H:121:0:Weekday:1:26SEP:12345',506,,28532,22,,,1,101,,28542,22,,,1,103,,28543,22,,,1,101,,28546,22,,,1,100,,28548,22,,,1,99,,28538,22,,,1,100,,28541,22,,,1,91,,28537,22,,,1,102,,28536,22,,,1,55,,28547,22,,,1,100,,28540,22,,,1,101,,28535,22,,,1,141,,28545,22,,,1,104,,28539,22,,,1,99,,28544,22,,,1,106,,28533,22,,,1,109,,28534,22,,,1,100,,28531,22,,,1
10901,'H:121:0:Weekday:2:26SEP:12345',506,,28550,22,,,1,101,,28560,22,,,1,103,,28561,22,,,1,101,,28564,22,,,1,100,,28566,22,,,1,99,,28556,22,,,1,100,,28559,22,,,1,91,,28555,22,,,1,102,,28554,22,,,1,55,,28565,22,,,1,100,,28558,22,,,1,101,,28553,22,,,1,141,,28563,22,,,1,104,,28557,22,,,1,99,,28562,22,,,1,106,,28551,22,,,1,109,,28552,22,,,1,100,,28549,22,,,1
10901,'H:171:5:Saturday:1:26SEP:6',709,,28567,22,,,1,100,,28580,22,,,1,100,,28573,22,,,1,101,,28578,22,,,1,100,,28569,22,,,1,101,,28568,22,,,1,102,,28581,22,,,1,100,,28572,22,,,1,100,,28576,22,,,1,100,,28570,22,,,1,100,,28571,22,,,1,99,,28579,22,,,1,98,,28574,22,,,1,100,,28577,22,,,1,99,,28575,22,,,1
10901,'H:171:5:Saturday:2:26SEP:6',709,,28582,22,,,1,100,,28595,22,,,1,100,,28588,22,,,1,101,,28593,22,,,1,100,,28584,22,,,1,101,,28583,22,,,1,102,,28596,22,,,1,100,,28587,22,,,1,100,,28591,22,,,1,100,,28585,22,,,1,100,,28586,22,,,1,99,,28594,22,,,1,98,,28589,22,,,1,100,,28592,22,,,1,99,,28590,22,,,1
90100,'H:121:0:Weekday:1:26SEP:12345',441,,35213,5,,,1
90100,'H:121:0:Weekday:2:26SEP:12345',441,,35214,5,,,1
90100,'KP:321:0:Weekday:1:26SEP:12345',511,,35218,5,,,1,29,,35217,5,,,1,65,,35221,5,,,1,28,,35219,5,,,1,26,,35216,5,,,1,72,,35222,5,,,1,72,,35220,5,,,1,33,,35215,5,,,1
90100,'KP:321:0:Weekday:2:26SEP:12345',511,,35226,5,,,1,29,,35225,5,,,1,65,,35229,5,,,1,28,,35227,5,,,1,26,,35224,5,,,1,72,,35230,5,,,1,72,,35228,5,,,1,33,,35223,5,,,1
