10901,'H:113:6:Sunday:3:26MAR:1234567',822,,21974,29,,,1,102,,21986,29,,,1,101,,21978,29,,,1,101,,21983,29,,,1,101,,21975,29,,,1,101,,21976,29,,,1,100,,21984,29,,,1,99,,21979,29,,,1,100,,21982,29,,,1,100,,21977,29,,,1,98,,21980,29,,,1,99,,21985,29,,,1,100,,21981,29,,,1,99,,21987,29,,,1
10901,'H:123:0:Weekday:3:26MAR:12345',521,,21989,29,,,1,103,,21999,29,,,1,106,,22000,29,,,1,98,,22003,29,,,1,99,,22005,29,,,1,99,,21995,29,,,1,101,,21998,29,,,1,91,,21994,29,,,1,104,,21993,29,,,1,97,,22004,29,,,1,99,,21997,29,,,1,102,,21992,29,,,1,102,,22002,29,,,1,100,,21996,29,,,1,97,,22001,29,,,1,107,,21990,29,,,1,109,,21991,29,,,1,97,,21988,29,,,1
10901,'H:123:0:Weekday:4:26MAR:12345',521,,22007,29,,,1,103,,22017,29,,,1,106,,22018,29,,,1,98,,22021,29,,,1,99,,22023,29,,,1,99,,22013,29,,,1,101,,22016,29,,,1,91,,22012,29,,,1,104,,22011,29,,,1,97,,22022,29,,,1,99,,22015,29,,,1,102,,22010,29,,,1,102,,22020,29,,,1,100,,22014,29,,,1,97,,22019,29,,,1,107,,22008,29,,,1,109,,22009,29,,,1,97,,22006,29,,,1
10901,'H:173:5:Saturday:3:26MAR:6',723,,22024,29,,,1,102,,22037,29,,,1,101,,22030,29,,,1,102,,22035,29,,,1,100,,22026,29,,,1,101,,22025,29,,,1,100,,22038,29,,,1,100,,22029,29,,,1,100,,22033,29,,,1,100,,22027,29,,,1,100,,22028,29,,,1,99,,22036,29,,,1,99,,22031,29,,,1,99,,22034,29,,,1,99,,22032,29,,,1
27000,'H:123:0:Weekday:3:26MAR:12345',521,,24609,33,,,1,108,,24610,33,,,1,101,,24611,33,,,1,898,,24608,18,,,1,594,,24612,33,,,1
27000,'H:123:0:Weekday:4:26MAR:12345',521,,24614,33,,,1,108,,24615,33,,,1,101,,24616,33,,,1,898,,24613,19,,,1,594,,24617,34,,,1
27100,'H:113:6:Sunday:3:26MAR:1234567',750,,24626,47,,,1,100,,24627,47,,,1,102,,24637,47,,,1,101,,24628,47,,,1,100,,24629,47,,,1,103,,24630,47,,,1,101,,24631,47,,,1,101,,24632,47,,,1,100,,24639,47,,,1,100,,24633,47,,,1,97,,24634,47,,,1,100,,24635,47,,,1,98,,24636,47,,,1,98,,24638,47,,,1
27100,'H:123:0:Weekday:3:26MAR:12345',602,,24641,33,,,1,205,,24642,33,,,1,33,,24643,47,,,1,65,,24640,33,,,1,351,,24644,47,,,1,102,,24653,47,,,1,143,,24646,47,,,1,103,,24647,47,,,1,107,,24645,47,,,1,98,,24648,47,,,1,95,,24650,47,,,1,46,,24651,47,,,1,100,,24652,47,,,1,100,,24649,47,,,1
27100,'H:123:0:Weekday:4:26MAR:12345',602,,24655,33,,,1,205,,24656,33,,,1,33,,24657,48,,,1,65,,24654,34,,,1,351,,24658,48,,,1,102,,24667,48,,,1,143,,24660,48,,,1,103,,24661,48,,,1,107,,24659,48,,,1,98,,24662,48,,,1,95,,24664,48,,,1,46,,24665,48,,,1,100,,24666,48,,,1,100,,24663,48,,,1
27100,'H:173:5:Saturday:3:26MAR:6',752,,24677,47,,,1,100,,24669,47,,,1,104,,24678,47,,,1,102,,24670,47,,,1,101,,24676,47,,,1,100,,24668,47,,,1,100,,24675,47,,,1,100,,24671,47,,,1,100,,24679,47,,,1,99,,24672,47,,,1,99,,24674,47,,,1,98,,24673,47,,,1,99,,24680,47,,,1,99,,24681,47,,,1,100,,24682,47,,,1
27100,'KP:323:0:Weekday:3:26MAR:12345',705,,24685,33,,,1,251,,24683,47,,,1,101,,24686,47,,,1,99,,24684,47,,,1
27100,'KP:323:0:Weekday:4:26MAR:12345',705,,24689,33,,,1,251,,24687,48,,,1,101,,24690,48,,,1,99,,24688,48,,,1
