10601,'H:111:6:Sunday:1:26SEP:1234567',706,,28325,12,,,1,100,,28311,12,,,1,100,,28312,12,,,1,100,,28313,12,,,1,100,,28314,12,,,1,100,,28315,12,,,1,100,,28316,12,,,1,100,,28317,12,,,1,100,,28319,12,,,1,100,,28320,12,,,1,100,,28321,12,,,1,100,,28318,12,,,1,100,,28322,12,,,1,100,,28323,12,,,1,100,,28324,12,,,1
10601,'H:111:6:Sunday:2:26SEP:1234567',706,,28340,12,,,1,100,,28326,12,,,1,100,,28327,12,,,1,100,,28328,12,,,1,100,,28329,12,,,1,100,,28330,12,,,1,100,,28331,12,,,1,100,,28332,12,,,1,100,,28334,12,,,1,100,,28335,12,,,1,100,,28336,12,,,1,100,,28333,12,,,1,100,,28337,12,,,1,100,,28338,12,,,1,100,,28339,12,,,1
10601,'H:121:0:Weekday:1:26SEP:12345',521,,28341,12,,,1,103,,28342,12,,,1,100,,28343,12,,,1,101,,28344,12,,,1,100,,28345,12,,,1,99,,28346,12,,,1,100,,28348,12,,,1,100,,28349,12,,,1,101,,28350,12,,,1,100,,28347,12,,,1,101,,28352,12,,,1,101,,28358,12,,,1,100,,28353,12,,,1,99,,28351,12,,,1,99,,28354,12,,,1,99,,28355,12,,,1,99,,28356,12,,,1,99,,28357,12,,,1
10601,'H:121:0:Weekday:2:26SEP:12345',521,,28359,12,,,1,103,,28360,12,,,1,100,,28361,12,,,1,101,,28362,12,,,1,100,,28363,12,,,1,99,,28364,12,,,1,100,,28366,12,,,1,100,,28367,12,,,1,101,,28368,12,,,1,100,,28365,12,,,1,101,,28370,12,,,1,101,,28376,12,,,1,100,,28371,12,,,1,99,,28369,12,,,1,99,,28372,12,,,1,99,,28373,12,,,1,99,,28374,12,,,1,99,,28375,12,,,1
10601,'H:171:5:Saturday:1:26SEP:6',606,,28391,12,,,1,100,,28390,12,,,1,100,,28377,12,,,1,100,,28378,12,,,1,100,,28379,12,,,1,100,,28380,12,,,1,100,,28382,12,,,1,100,,28383,12,,,1,100,,28384,12,,,1,100,,28381,12,,,1,100,,28385,12,,,1,100,,28386,12,,,1,100,,28387,12,,,1,100,,28388,12,,,1,100,,28389,12,,,1,100,,28392,12,,,1,100,,28393,12,,,1
10601,'H:171:5:Saturday:2:26SEP:6',606,,28408,12,,,1,100,,28407,12,,,1,100,,28394,12,,,1,100,,28395,12,,,1,100,,28396,12,,,1,100,,28397,12,,,1,100,,28399,12,,,1,100,,28400,12,,,1,100,,28401,12,,,1,100,,28398,12,,,1,100,,28402,12,,,1,100,,28403,12,,,1,100,,28404,12,,,1,100,,28405,12,,,1,100,,28406,12,,,1,100,,28409,12,,,1,100,,28410,12,,,1
12101,'H:111:6:Sunday:1:26SEP:1234567',714,,30121,18,,,1,101,,30122,18,,,1,101,,30123,18,,,1,100,,30124,18,,,1,100,,30125,18,,,1,100,,30126,18,,,1,100,,30127,18,,,1,100,,30129,18,,,1,100,,30130,18,,,1,99,,30131,18,,,1,100,,30128,18,,,1,99,,30132,18,,,1,100,,30133,18,,,1,99,,30134,18,,,1
12101,'H:111:6:Sunday:2:26SEP:1234567',714,,30135,18,,,1,101,,30136,18,,,1,101,,30137,18,,,1,100,,30138,18,,,1,100,,30139,18,,,1,100,,30140,18,,,1,100,,30141,18,,,1,100,,30143,18,,,1,100,,30144,18,,,1,99,,30145,18,,,1,100,,30142,18,,,1,99,,30146,18,,,1,100,,30147,18,,,1,99,,30148,18,,,1
12101,'H:121:0:Weekday:1:26SEP:12345',513,,30166,18,,,1,30,,30149,18,,,1,65,,30164,18,,,1,25,,30169,18,,,1,26,,30173,18,,,1,66,,30171,18,,,1,26,,30174,18,,,1,65,,30163,18,,,1,29,,30157,18,,,1,95,,30165,18,,,1,95,,30167,18,,,1,90,,30168,18,,,1,90,,30158,18,,,1,90,,30159,18,,,1,50,,30170,18,,,1,95,,30152,18,,,1,72,,30161,18,,,1,32,,30172,18,,,1,70,,30155,18,,,1,34,,30153,18,,,1,70,,30160,18,,,1,29,,30150,18,,,1,74,,30151,18,,,1,70,,30162,18,,,1,29,,30176,18,,,1,94,,30154,18,,,1,100,,30156,18,,,1,100,,30175,18,,,1
12101,'H:121:0:Weekday:2:26SEP:12345',513,,30194,18,,,1,30,,30177,18,,,1,65,,30192,18,,,1,25,,30197,18,,,1,26,,30201,18,,,1,66,,30199,18,,,1,26,,30202,18,,,1,65,,30191,18,,,1,29,,30185,18,,,1,95,,30193,18,,,1,95,,30195,18,,,1,90,,30196,18,,,1,90,,30186,18,,,1,90,,30187,18,,,1,50,,30198,18,,,1,95,,30180,18,,,1,72,,30189,18,,,1,32,,30200,18,,,1,70,,30183,18,,,1,34,,30181,18,,,1,70,,30188,18,,,1,29,,30178,18,,,1,74,,30179,18,,,1,70,,30190,18,,,1,29,,30204,18,,,1,94,,30182,18,,,1,100,,30184,18,,,1,100,,30203,18,,,1
12101,'H:171:5:Saturday:1:26SEP:6',613,,30205,18,,,1,100,,30206,18,,,1,102,,30207,18,,,1,100,,30208,18,,,1,100,,30209,18,,,1,100,,30210,18,,,1,100,,30211,18,,,1,100,,30212,18,,,1,100,,30213,18,,,1,100,,30214,18,,,1,100,,30215,18,,,1,100,,30216,18,,,1,100,,30217,18,,,1,100,,30218,18,,,1,99,,30219,18,,,1
12101,'H:171:5:Saturday:2:26SEP:6',613,,30220,18,,,1,100,,30221,18,,,1,102,,30222,18,,,1,100,,30223,18,,,1,100,,30224,18,,,1,100,,30225,18,,,1,100,,30226,18,,,1,100,,30227,18,,,1,100,,30228,18,,,1,100,,30229,18,,,1,100,,30230,18,,,1,100,,30231,18,,,1,100,,30232,18,,,1,100,,30233,18,,,1,99,,30234,18,,,1
